/*--------------------------------*- C++ -*----------------------------------*\
| =========                 |                                                 |
| \\      /  F ield         | OpenFOAM: The Open Source CFD Toolbox           |
|  \\    /   O peration     | Version:  v2012                                 |
|   \\  /    A nd           | Website:  www.openfoam.com                      |
|    \\/     M anipulation  |                                                 |
\*---------------------------------------------------------------------------*/
FoamFile
{
    version     2.0;
    format      ascii;
    class       volVectorField;
    location    "310/bottomWater";
    object      U;
}
// * * * * * * * * * * * * * * * * * * * * * * * * * * * * * * * * * * * * * //

dimensions      [0 1 -1 0 0 0 0];


internalField   nonuniform List<vector> 
1460
(
(-0.00064851518 -0.014752714 0.00082473965)
(-0.0025600853 -0.014952885 0.00029243461)
(-0.003697741 -0.014932329 -0.00047633081)
(-0.0045245273 -0.01454458 -0.00080259519)
(-0.0044985873 -0.013872613 0.00010582764)
(-0.0020592423 -0.012309721 0.00082544606)
(0.0021820792 -0.01163923 0.00095096379)
(0.0030620036 -0.014448878 0.0011029751)
(0.00079568255 -0.01605945 0.00073862835)
(-0.0024524458 -0.017665232 0.00097773668)
(-0.0011114183 -0.013609684 0.0016065687)
(-0.002691127 -0.014275338 0.0010896693)
(-0.0025340136 -0.011172151 0.0015663081)
(0.00096765039 -0.012241486 0.0011630754)
(0.0027474603 -0.01259246 0.0017612127)
(0.0014966116 -0.018815936 0.0022109341)
(-0.0018864873 -0.01895862 0.0007601098)
(-0.0016625027 -0.011214831 -7.2300901e-05)
(0.0023249115 -0.011979465 0.00047056925)
(0.0038314745 -0.014143424 -0.00013061977)
(0.0033725394 -0.017068701 0.00053372522)
(0.00016782981 -0.017944583 0.0011568716)
(-0.0029020994 -0.015539773 0.0014924898)
(-0.0028867586 -0.012243279 0.001425502)
(-0.0013464364 -0.012726812 0.00092914856)
(0.00093191376 -0.012511806 0.0011963973)
(0.002394066 -0.012477013 0.0013742605)
(0.0029376636 -0.011482818 0.0015958999)
(0.0034248925 -0.012969812 0.00082681834)
(0.00074276752 -0.014459123 0.00023619259)
(-0.0021029278 0.016246659 -0.000646083)
(-0.0046129398 0.016822396 -0.0016155276)
(-0.0054648505 0.016668317 -0.0017586592)
(-0.0051718614 0.015514317 -0.0018682565)
(-0.0036868052 0.011415542 -0.00025037821)
(0.00070775233 0.00030903332 0.0012228944)
(0.0021626682 0.00016509701 4.6036219e-05)
(0.0076119381 0.014152841 0.0019279478)
(0.0011427623 0.018290576 0.0019311417)
(-0.0055070833 0.018159645 0.0025895612)
(-0.00050490566 0.0088259603 0.00058671111)
(-0.0024958296 0.014207711 0.0018686033)
(-2.0120873e-05 -0.00069580975 4.1380353e-05)
(0.0024025843 -0.0010970449 0.00047970171)
(0.0057349695 0.0052461502 0.00057211412)
(0.0042794102 0.018467307 0.0021229209)
(-0.0054948112 0.018727442 0.00097401361)
(-0.0021519096 0.0022100242 -0.0005464965)
(0.0022540309 -0.00097567057 0.00011496192)
(0.0052651154 0.0098919573 -0.00012102432)
(0.0074482948 0.017602639 -0.00055917136)
(-0.0049202451 0.019234185 0.00088503457)
(-0.0082347233 0.014553415 0.0011947118)
(-0.0048883116 0.0032348079 0.0011283675)
(-0.0030855113 0.0032710148 0.00052971451)
(-0.00086104761 0.00069548101 0.0006711941)
(0.0017876965 0.0052512737 0.0021833858)
(0.001532825 0.003069911 0.00098814749)
(0.0044883667 0.01358201 0.0017417464)
(0.0025679654 0.016648 0.0016906095)
(-0.00026940955 0.00077039306 0.00095247597)
(-0.001285277 -0.0011419287 0.00058926173)
(-0.0021845535 -0.0085248595 0.0016735406)
(-7.306509e-05 -0.01242288 0.0020818868)
(0.003995911 -0.014413794 0.0010342131)
(0.0028554161 -0.013474979 0.00013141182)
(-0.0028823004 -0.014990262 -0.0031493624)
(-0.0032422039 -0.012828147 -0.0010809709)
(-0.0012944597 0.0051900894 -0.0006506955)
(0.0023076091 -0.01556748 -0.0018366165)
(0.00075071605 -0.015754777 -0.0039287594)
(0.00087486913 -0.014856317 -0.00099157002)
(0.0029410624 -0.014145052 -0.0023157701)
(0.0016166678 -0.013787054 -0.0015117943)
(0.00077069689 -0.012858113 -0.0039926587)
(0.0022813283 -0.0019479451 0.0014894837)
(0.0023012715 -0.0076876519 0.0021847569)
(0.00072425955 -0.01364072 -0.00063337472)
(0.0010315652 -0.014418014 -2.4460242e-05)
(-0.0027893326 -0.014059672 0.001682001)
(0.0038230127 0.0033174312 0.00039532818)
(-0.0020880023 0.0068064727 0.0010811968)
(0.0049426638 -0.014489247 -0.00040158701)
(-0.00055726334 -0.014742689 0.00065283152)
(-0.0011832486 -0.012977603 -0.00048057718)
(-0.0013422689 -0.013930988 -0.0005633698)
(-0.00045506692 -0.013377534 0.00096073213)
(-0.002972324 -0.014578703 -0.0021585758)
(-0.004664378 -0.014086746 -0.0024831448)
(-0.00036930089 -0.0034556808 -0.0011109666)
(0.00062139612 0.0087013794 0.0014259252)
(0.00021983294 0.0082181196 0.0025845172)
(-0.001364772 0.0059898177 0.0021204479)
(-0.0026094657 -0.0014227648 0.00024707335)
(-0.0013154043 0.0043691554 0.00025810146)
(-0.0018568768 0.0058692847 -1.7734304e-05)
(-0.0010922126 0.010505407 -0.00070142076)
(-0.0041129125 0.010217886 -0.0028668421)
(7.195811e-05 0.0074999081 -0.00066644875)
(0.0041348396 0.012607643 -0.0044067638)
(-0.0010484986 0.011126977 -0.0039954759)
(0.0012644653 0.0051556442 -0.0029194493)
(0.0010709143 -0.0022907951 -0.0021571016)
(0.0022373249 -0.0030305732 -0.0030819804)
(0.0013828695 0.0025098802 -0.0036199596)
(0.0033302021 0.0067688488 -0.001226542)
(0.0024773648 0.010006611 0.0021324372)
(9.6267625e-05 -0.0014526008 -0.00099953252)
(0.00034900852 -0.0032796001 -0.00029151762)
(-0.0013398602 0.0035037536 -0.00012896623)
(-0.00030938429 0.0085709059 0.0027846719)
(0.0016460673 0.0093470674 0.0015266088)
(0.0058051239 0.011121368 0.00069452516)
(-0.0034031416 0.0077301035 0.0007772637)
(0.00015051721 -0.002765664 -0.00045669178)
(-0.0021844403 -0.0043770733 -0.0008165177)
(-0.0013160366 0.00080382169 -0.00020470161)
(-0.0021689625 0.0077523216 0.00017283345)
(-0.0036372854 0.0099670753 -0.0019294769)
(-0.0025846823 0.0067795712 -0.0014989477)
(0.001535355 0.00085770867 0.0015603642)
(0.0020980563 -0.00085229938 0.0010079173)
(0.00475804 -0.0075077688 0.00079179148)
(-0.0022548901 -0.011195549 -0.0011484157)
(-0.0060093767 -0.011012159 -0.0022849738)
(-0.006611665 -0.0098047919 -0.002546658)
(-0.0057213349 -0.008758465 -0.0020642151)
(-0.0031284641 -0.0060372246 -0.0019046437)
(-0.00090882791 -0.0026900065 -0.0018498888)
(0.0024746523 -0.0057727539 -0.0021483659)
(0.0046500718 -0.0065331506 -0.0019719781)
(0.0062142556 -0.0098429161 -0.002619688)
(0.0039539904 -0.009936811 -0.0036809341)
(0.00071834744 -0.0094823442 -0.0054342351)
(-0.00052067223 -0.0073580151 -0.0048301427)
(0.0012382886 -0.0036395408 -0.0030587907)
(0.0033980194 -0.0049057676 -0.0017322795)
(0.0047100223 -0.0077043409 -0.0021845444)
(-0.0028103433 -0.0095914317 -0.0026618248)
(-0.0046418996 -0.0088614856 -0.0031689794)
(-0.0036707321 -0.0023696252 -0.0012184579)
(-0.00013716433 0.00062258664 -9.9627507e-05)
(0.0043659992 -0.0027372725 0.00010492379)
(0.0061022652 -0.0075178716 -0.00031264219)
(0.0056867745 -0.0092161405 -0.00082906534)
(-0.0019989439 -0.0097413541 -0.0023416532)
(-0.0049092181 -0.0096312855 -0.0036872022)
(-0.0049686994 -0.0094519529 -0.0032685513)
(-0.002916768 -0.0079783353 -0.0030871843)
(-0.00040131013 -0.0074391222 -0.0034023631)
(-0.00054028085 -0.01401219 -0.0010723159)
(-0.0032455362 -0.013332581 -0.0014972573)
(-0.0045827321 -0.012249691 -0.0022028798)
(-0.0032336953 -0.010758445 -0.0013044893)
(-0.0021269529 -0.012417851 -0.0021057041)
(0.00088244225 -0.012613252 -0.00053353941)
(0.0028813531 -0.01556891 0.00044637325)
(0.0026936741 -0.015007047 0.00028005668)
(0.001526192 -0.016505412 0.00042872789)
(0.00020676901 -0.015807595 -0.00040515508)
(-0.00034388278 -0.014779509 0.00078936295)
(-0.0011816798 -0.01520564 0.00055260512)
(-0.0028313021 -0.012327669 0.0022339894)
(-0.00095962705 -0.010747652 0.0023379337)
(-0.00018281876 -0.01660096 0.0031749702)
(-0.0024560703 -0.018261689 0.0026172459)
(-0.0033806349 -0.017271408 0.0016399793)
(-0.0025174848 -0.011666915 0.0014047589)
(0.0010301403 -0.012050004 0.0022059257)
(0.0027748426 -0.011706504 0.0013045743)
(0.003641029 -0.014594591 0.0019812457)
(0.00077071616 -0.017056512 0.0024099278)
(-0.0022320815 -0.016694185 0.0028509482)
(-0.0021617311 -0.012956168 0.0026244733)
(-0.0009150586 -0.012439201 0.0015584488)
(0.0019172643 -0.011648524 0.002838948)
(0.0033127785 -0.012713493 0.0025296104)
(0.0036861032 -0.013574868 0.0022270671)
(0.0026411972 -0.014158558 0.00042254969)
(0.00048221171 -0.015486601 -0.0007878853)
(-0.0030320857 0.016173593 -0.0011036451)
(-0.0044353882 0.01534178 -0.0012734607)
(-0.0036516408 0.010577329 -0.00024941656)
(-0.0014951759 0.0017119752 0.0010806249)
(0.0011545604 0.0081392763 -0.0013801401)
(0.003936025 0.0043522947 -0.00088147191)
(0.0083725508 0.01399495 0.001746342)
(0.0078772548 0.016800015 0.0020605996)
(0.0038960334 0.018086713 0.00096945748)
(2.9270793e-05 0.01792458 0.00083963585)
(-0.00217571 0.017191922 0.0023857075)
(-0.0029046753 0.017385122 0.0030773945)
(-0.0017298259 0.013137978 0.0050789302)
(0.0020543056 0.0037915821 0.0011884543)
(0.0039655595 0.01653933 0.0037097338)
(-0.0061880428 0.019850858 0.0017638501)
(-0.0077593675 0.016453367 0.00022781434)
(-0.0039005529 0.0023765728 0.00039346254)
(0.0010014212 0.0017152748 0.00090708022)
(0.0017844348 0.0014105296 -0.0014475827)
(0.0067664066 0.014986115 -0.00065807913)
(-0.0004105284 0.019137255 0.0012565101)
(-0.007047656 0.017097761 0.002449285)
(-0.0036138332 0.0070759919 0.0014624384)
(-0.0023890374 0.0042516306 0.0024374995)
(0.0019021072 0.0018228266 0.0024405319)
(0.0031649257 0.0071376291 0.0033991774)
(0.00588197 0.014328765 0.0050330358)
(0.0046411036 0.016513434 0.0039166177)
(0.0014871569 0.017272757 0.0020293155)
(-0.00051137227 -0.00015998698 0.0018903053)
(0.0024424734 -0.012807648 0.0050496347)
(0.00067495434 -0.01395347 0.0060779489)
(0.00022757354 -0.013127999 0.0031765214)
(0.0017496998 -0.013104096 -0.00066189176)
(0.0010676506 -0.014701129 -0.0041333253)
(-0.002354411 -0.014121509 -0.0056700751)
(0.0022309533 0.0018277586 -0.00098020524)
(0.0017434703 0.0038968622 -0.0012273537)
(0.0020916983 0.0037565488 0.0010325751)
(0.00082683073 -0.00056503399 2.6014572e-05)
(0.00046607046 -0.007562463 0.0021449648)
(0.0050266469 -0.013961471 -0.002597208)
(0.00022473133 -0.014236719 -0.0029410834)
(3.2955905e-05 0.00096279172 0.0014962169)
(-0.0027220372 0.0066953586 0.0025896323)
(0.0033921657 -0.015483224 0.0047985329)
(-0.0014644964 -0.014174887 0.0010692242)
(0.0010108919 -0.01347821 -0.0013522084)
(-0.002042246 -0.015138964 -0.0027357352)
(-0.0043291558 -0.011471869 -0.00014916976)
(-0.00060043469 0.0062877418 -0.00031776419)
(0.00038078945 -0.010648719 -0.00058702719)
(0.0017568842 -0.015421523 -0.0029084499)
(-0.00063798077 -0.013374171 0.00074615513)
(0.001504676 -0.013831837 -0.00078035734)
(-0.0016421252 -0.014784669 -0.00088997689)
(-0.0033078976 -0.009760988 -0.002560379)
(-0.00058792688 0.0011833613 -0.00051895577)
(-0.00089944972 0.0032278682 -0.00051725357)
(0.0025468847 0.0077752185 0.0020297974)
(0.0030440502 0.011417018 0.00383253)
(-0.0013416395 0.0084687268 0.0035723989)
(0.0008038422 -0.0035859782 0.0014572371)
(-0.00096024155 0.0022830125 -0.0014938121)
(0.0010025911 0.0093054571 -0.0023348226)
(-0.0038419995 0.0097744616 -0.0025761242)
(-0.0020127988 0.0073614837 -0.0026164279)
(0.00060579037 0.0090695041 -0.00041197608)
(0.0024204039 0.0085065667 0.00010755732)
(0.0029069392 0.0072798896 -0.0012514975)
(0.0036796191 0.0067086317 -0.0012915579)
(0.0026106352 0.006551154 -0.0016928143)
(0.00030703 0.0076456143 0.00087156741)
(-0.0013929105 0.008046101 0.000440447)
(0.0020373302 0.0089463435 0.0031170805)
(0.0028423606 0.011876132 0.0029192585)
(-0.0012919981 -0.00024253893 0.00053005549)
(-0.00086727911 -0.0024611274 -0.00023998837)
(0.00026787831 0.0098608068 -5.2406668e-05)
(-0.0041613416 0.010777964 0.0032216615)
(-0.00021392044 0.0083871892 0.00035250109)
(0.0045354974 0.010227563 -0.0024761409)
(0.0001130345 0.010239376 0.00035976105)
(0.0019090576 -0.0017888395 -0.00073390454)
(-0.00092702383 -0.0020287226 0.0006292201)
(-0.00056068471 0.010380117 0.0003186873)
(-0.0058045754 0.0095053463 -0.0014339702)
(-0.0034515688 0.0076234185 -0.0018482841)
(-0.0016030717 0.0088080494 -0.0011326205)
(0.00076893693 -0.002540835 0.0028715113)
(0.0027125036 -0.0013815653 0.002818018)
(0.0062731113 -0.0075552875 0.0020755821)
(0.0030015968 -0.0097549342 0.00045989601)
(-0.0057400196 -0.0087956094 -0.0017186768)
(-0.0052693442 -0.0059668996 -0.0022602333)
(-0.0045864777 -0.0041238816 -0.0019810689)
(-0.0026437251 -0.0012592316 -0.0022523136)
(0.00040316977 0.0016594376 -0.00050424468)
(0.0030677477 9.5669743e-05 -0.0001614691)
(0.0043677703 -0.0035021464 0.00027838158)
(0.0032595378 -0.0096683167 -0.0025630933)
(0.0011808734 -0.0090421431 -0.0042054453)
(-0.00044811037 -0.0072062299 -0.0054029674)
(-0.00037555561 -0.00083010896 -0.0025270991)
(0.0021018779 0.00042067392 0.00062993122)
(0.0042245952 -0.0038021351 0.0010046011)
(0.0057776281 -0.007359269 -0.00023423844)
(-0.0041327691 -0.009481193 -0.0017055711)
(-0.0052876357 -0.006652339 -0.0018572198)
(-0.0035137595 -0.0024819375 0.00062601907)
(0.00062466736 5.1579441e-05 -0.0010576305)
(0.0038360854 -0.0054387118 -0.0014571282)
(0.0054114964 -0.0087801766 -0.0018848376)
(0.0056899579 -0.010481139 -0.0025687223)
(-0.0038121736 -0.0093004462 -0.0021526592)
(-0.0049020261 -0.0063994294 -0.0026853022)
(-0.0045150778 -0.0041204387 -0.0026178248)
(-0.0031118006 -0.0013475649 -0.00279443)
(-0.0014279223 0.00039271335 -0.0024253715)
(-0.0013462057 -0.014144742 0.0002439129)
(-0.0037940575 -0.013228429 0.00080510359)
(-0.0022363814 -0.011634418 0.0015344865)
(-0.0006194771 -0.013436181 0.0015004143)
(-0.00058911486 -0.012170895 -0.0016495752)
(0.0014065068 -0.014641776 -0.00099525295)
(0.0019720404 -0.017393908 -0.0018101022)
(0.0013027701 -0.018189237 -0.0019973126)
(-3.6480155e-05 -0.016191457 -0.001782664)
(-0.0011683067 -0.012696146 -0.002934334)
(0.00034957749 -0.012177081 -0.0030621099)
(0.00086085854 -0.016451948 -0.0025137442)
(-0.0013512616 -0.016437394 -0.001157773)
(-0.0015221369 -0.015882788 0.0017855666)
(-0.0021861434 -0.015702257 0.0019699131)
(-0.0037278173 -0.013966786 0.0012398654)
(-0.0032553186 -0.012457477 -0.00024390082)
(-0.00012956127 -0.011830776 0.00010084965)
(0.003042413 -0.014437656 0.0014281948)
(0.0028904343 -0.015183638 0.0025453207)
(0.0014864352 -0.015268128 0.0019147522)
(0.00017647122 -0.016687479 0.0024839159)
(-0.0018269215 -0.015174041 0.0027535857)
(-0.0029494487 -0.013819598 0.0028358387)
(-0.0011396243 -0.011098221 0.0018472058)
(0.0030279232 -0.014735689 0.0029497593)
(0.0025186285 -0.014926115 0.001648278)
(0.002291383 -0.015542884 3.6123024e-06)
(0.0018525251 -0.016642319 -0.0012804807)
(0.00044868232 -0.015868429 -0.0010413806)
(-0.0031717081 0.016113871 0.0016619289)
(-0.0042818482 0.011977127 0.0026633599)
(-0.0010274255 -0.00029266361 0.0025059803)
(0.00049536517 0.0088873052 0.0012335721)
(0.0035004915 0.0063897389 -0.00099047603)
(0.0060414411 0.010732699 -0.0017779303)
(0.0076862168 0.017453831 -0.0023858702)
(0.0046808517 0.019381438 -0.0021496885)
(-0.004036428 0.01737427 -0.0035345852)
(-0.0013627545 0.012580585 -0.0030548458)
(6.9864323e-05 0.0076220818 -0.0024060625)
(0.0045086322 0.017311101 -0.0018850425)
(0.0025728364 0.018016186 0.0011094157)
(0.00017088925 0.017324558 0.0032829627)
(-0.0029163917 0.017550917 0.00044306547)
(-0.0068906656 0.015085564 -0.00083860614)
(-0.00370002 0.0062123348 -0.0008570583)
(-0.0017462053 0.002231884 -0.001880507)
(0.0039310768 0.012318698 0.0011919288)
(0.004916429 0.016789629 0.0035268921)
(0.0055789164 0.017626297 0.0033977442)
(0.00046606016 0.018486174 0.0027882265)
(-0.0061250031 0.017195132 0.0035503963)
(-0.0061968289 0.013714449 0.003510753)
(-0.002521157 0.00098740019 0.0012476107)
(0.0041360281 0.014181154 0.0040305429)
(0.0048179945 0.016589005 0.0033334524)
(0.004995981 0.017531118 0.00079097226)
(0.0035552946 0.018212059 -0.0012013825)
(1.8649668e-05 0.017430827 -0.0040675679)
(-0.00026057499 -0.0018650584 0.00069722281)
(0.005050026 -0.014180609 0.0016157759)
(0.0018249738 -0.015119719 0.0027713323)
(-0.002109564 -0.014096404 0.00070983039)
(0.0011343753 -0.013452062 -0.000198713)
(-9.4077577e-05 -0.01413546 -0.0040008282)
(0.0013598577 -0.0053875165 -0.0030187457)
(0.0020928591 0.0065099578 -0.0019020282)
(0.00056083212 -0.00011191786 -0.0010076622)
(0.0029187029 -0.013278813 0.0027789475)
(-0.00034215275 -0.013795302 0.0031965929)
(-0.00011304208 -0.015188311 0.0033366932)
(0.0012711439 0.00094053632 0.00079020483)
(0.00035272088 -0.0032233915 -0.0021432181)
(0.00067415419 0.0016809908 0.0013734457)
(0.0013012817 -0.0047602001 0.0015135597)
(0.0030473167 -0.014583384 0.0031157615)
(-0.0036041539 -0.014323242 -0.0011652552)
(-0.0011505235 -0.015226059 -0.0022129772)
(-0.0012982558 -0.015656856 -0.0046603724)
(-0.00050784303 -0.0032324745 -0.00094456205)
(0.0011403364 0.0054129621 -0.00066117148)
(-0.0011378384 0.0019523165 -0.00030392024)
(0.0036754083 -0.012905929 -0.005401865)
(-0.0019768622 -0.014647279 -0.0010141076)
(-0.0028263411 -0.014625583 -0.001254867)
(0.0028273719 -0.0062438161 -0.00014719257)
(-7.6959787e-05 0.0014487559 -0.0010524164)
(0.0015752063 0.004220694 -0.0016623873)
(0.0006270582 0.0020342355 -0.0025776535)
(0.0031465656 0.006837942 -0.00033860831)
(0.0050081934 0.010028706 -0.0012509391)
(0.0018481015 0.010370653 0.00052699235)
(0.0015121183 0.006945615 0.00048535217)
(0.0020309456 -0.0017529499 -0.00087066801)
(0.0010574329 0.0018071526 -0.0038329004)
(-0.0017694426 0.0079015262 -0.0036006276)
(0.00024738479 0.010240488 -0.0024768139)
(0.003836956 0.0085249104 0.00073049978)
(0.0025901626 0.011351934 0.00087660198)
(0.0013424542 0.0016802454 0.00081296343)
(-0.00062698117 0.013004512 0.0022844449)
(-0.00011977169 0.0082527857 -0.00013820703)
(0.0010211807 0.0085884728 -0.0027773852)
(0.0011818089 0.0082161328 0.00072013344)
(0.0041754459 0.0075629861 0.0029975135)
(0.0029851091 0.0096131003 -0.00045696598)
(0.00094873301 0.0033201199 -0.00076878137)
(0.00068463036 -0.00042774833 -0.0019748012)
(-0.0020512074 0.010751979 -0.0033288768)
(-0.0037548368 0.0082481821 -0.0028729669)
(0.0010296419 0.0097055279 -0.0010252999)
(0.0029794213 0.0077837921 -0.0018441799)
(0.0043999325 0.010582856 -0.0018677596)
(0.00040548592 0.0059775038 0.0024891975)
(-0.0011077555 0.0005308292 0.0011069436)
(-0.0012877342 0.0075252949 -4.0550774e-05)
(-0.0025228522 0.0082459149 0.0010966283)
(-0.00051337865 0.0096344598 -0.0014950398)
(0.00023223833 0.0084318786 0.0005228177)
(-0.00059869727 -0.0078343562 0.0019339632)
(0.0025275731 -0.0047196101 0.0017062722)
(0.0045820216 -0.0060511332 0.00099227506)
(0.0063052472 -0.0090153754 -0.00014987868)
(0.0024642391 -0.010165641 2.093611e-05)
(-0.0049591715 -0.0066323832 -0.00089738251)
(-0.0042529416 -0.00083347045 -0.0015816422)
(-0.0011444163 0.0035135998 -0.0016517173)
(0.0027563249 -0.0004595296 0.00019093233)
(0.0039788009 -0.0062664457 0.0018983918)
(0.0026696061 -0.010588688 0.0011593761)
(-0.0028589671 -0.01244247 -0.002363997)
(0.00012307164 0.00071908455 -0.001553268)
(0.00092593973 7.7532649e-05 -0.0033277319)
(0.0025515997 -0.00019651366 -0.0012017864)
(0.004379889 -0.0039229352 -0.0001920243)
(0.0050437471 -0.0067580945 -8.1283931e-05)
(0.0058806522 -0.0091937456 -0.00033234308)
(-0.0023852517 -0.0099429888 -0.0017253005)
(-0.0049372166 -0.0069601584 -0.0023233043)
(-0.002984136 -0.0019626497 -0.0021154451)
(0.00078623939 0.0017418553 -0.0021483944)
(0.003337412 -0.0017295496 -0.00253547)
(0.0046317146 -0.0038979612 -0.0024722494)
(0.0057648043 -0.00831584 -0.0030317099)
(-0.00027988448 -0.0097394768 -0.0017594113)
(-0.0047986959 -0.004136791 -5.6949258e-05)
(-0.0036558517 0.00036127509 -0.00026838154)
(-0.0019519729 0.0025494485 -0.00080630557)
(0.00013004897 9.9554145e-05 -0.00066781065)
(-0.0005012689 -0.014831068 0.00017734047)
(-0.002661477 -0.015232346 0.00099101947)
(-0.0032767476 -0.015937604 0.0017529212)
(-0.0038899734 -0.01512649 8.8354654e-05)
(-0.0020460976 -0.011667837 -0.0011160308)
(0.00070609349 -0.011965167 -0.0016667051)
(0.0025428373 -0.015451018 -0.0013540765)
(4.3398415e-05 -0.018086769 -0.00071528615)
(-0.0027875113 -0.017088836 -0.00061739976)
(-0.0017498461 -0.010959107 -0.0013239617)
(0.0016085309 -0.012115098 0.00066830738)
(0.0033191101 -0.012678542 0.00015384119)
(0.0023622267 -0.015336041 -3.5401392e-05)
(0.00019812347 -0.016893261 -0.00091843757)
(-0.0010936175 -0.014705434 0.00028883264)
(-0.0033415464 -0.012684351 0.00072753385)
(-0.0020015234 -0.011714059 0.00059857456)
(0.0017887034 -0.01186817 -0.00055682147)
(0.0031960324 -0.01333553 -0.0011624271)
(0.0035770642 -0.015369562 -0.00092244241)
(0.0022398758 -0.015776943 -0.00048273486)
(0.00078298629 -0.017560365 0.0010848852)
(0.00023511265 -0.016918006 0.0018591022)
(-0.00082625939 -0.015354956 0.00068190954)
(-0.0013350646 -0.01713409 -0.00056491191)
(-0.0021276936 -0.014694144 -0.0028857603)
(0.00055724333 -0.011486345 -0.0021429152)
(0.0028643123 -0.017472503 -0.0028656335)
(0.0018482052 -0.017229472 -0.0030164698)
(0.00015084621 -0.015374018 -0.0031159477)
(-0.0024451505 0.016640544 0.0014954911)
(-0.0048524068 0.017040873 0.0030004538)
(-0.0045170555 0.016222499 0.0036915094)
(-0.0024512326 0.013374767 0.0013933995)
(0.0018204928 0.00063788659 -0.0016236615)
(0.0035143705 0.00030226764 -0.0019980081)
(0.0070386125 0.0096264256 -0.0029866495)
(0.0023594432 0.01884246 -0.0024854782)
(-0.0067014205 0.016721509 -0.0016683998)
(-0.00097647865 -0.001100277 -0.00026075226)
(0.001125609 -0.001424027 0.0018067195)
(0.004213801 0.0074889092 0.0011465928)
(0.0057079106 0.016488543 -0.00033330429)
(0.00017492648 0.018577841 0.00064412373)
(-0.0052678718 0.017006363 0.00045771531)
(-0.0067153844 0.013894308 0.00061908245)
(-0.00063971476 0.0016481459 0.0015621418)
(0.0013016102 0.0022933183 -0.00074703301)
(0.0052867309 0.0084265151 -0.00058202713)
(0.0073476429 0.016331638 -0.00011026405)
(0.0062704336 0.017643127 0.00049002038)
(0.0020795611 0.018735789 0.00066318676)
(-0.004049474 0.018295365 0.00074125635)
(-0.0058072697 0.017851699 0.00024528348)
(-0.0055762804 0.018441445 -0.0012702073)
(-0.0035171994 0.015013705 -0.0032151131)
(0.00094798884 0.0042524946 -0.0012101721)
(0.0056725905 0.017489831 -0.0043751785)
(0.0033876484 0.019071552 -0.0056834597)
(-0.0012213353 0.016234299 -0.0064176087)
(0.00013042371 0.0021196667 -0.00049702021)
(0.0010846783 -0.0035344917 0.00069400737)
(0.0043269564 -0.015332866 -0.00093981672)
(0.004584536 -0.017036622 0.00021678248)
(0.0032592682 -0.013784983 -5.7272815e-05)
(0.0014301733 -0.01387732 -0.00073262739)
(-0.001327889 -0.014297587 -0.0029175895)
(0.0010578267 0.0062720663 -0.00095999395)
(0.001864623 -0.014238839 6.0426621e-05)
(0.0013021402 -0.014272285 0.0017530519)
(1.400715e-05 -0.014293191 0.0035694775)
(-0.003567082 -0.014681061 0.0014440296)
(0.00030199447 -0.00027397802 -0.00037875093)
(9.3888957e-05 0.0065093292 0.00082119937)
(-0.00013543018 0.00058229369 0.0019714495)
(0.0055735814 -0.012902695 0.002610498)
(0.0042310846 -0.014916975 0.0027605418)
(-0.00052182099 -0.013740715 -0.0001109009)
(-2.585099e-06 -0.01446258 0.0026682678)
(6.9431843e-05 -0.0067610628 0.00072328793)
(-6.3313046e-05 0.0031655204 0.00063022535)
(0.00041006459 0.0062421032 0.00063907439)
(-0.00087133419 0.0052931828 -0.00022445357)
(-0.0011923892 0.00075051936 -0.0010945923)
(-0.0004561359 -0.01486736 -0.00073968537)
(0.0016374875 -0.014601449 0.002461572)
(0.0020386649 -0.013902899 0.001794392)
(-0.0034759387 -0.015805514 0.0014673175)
(0.003064344 0.0039432857 -0.0025823592)
(-0.0010405728 -0.013205413 0.0052848689)
(0.0016978499 0.0085906213 -0.0008914782)
(0.004688077 0.0081109037 -0.0015192455)
(0.0054137838 0.011814056 -0.0011801851)
(0.0019440881 0.012286161 -0.0019440656)
(0.00257559 0.00012758942 -0.0011241485)
(0.0027346793 -0.0033659524 -0.0015895293)
(-0.0010662442 0.0052614623 -0.0032149485)
(0.0010556396 0.0088926503 -0.0015215212)
(0.0028874054 0.012297177 -0.00031670119)
(-0.0022708562 -0.0023800229 0.00091109053)
(0.0012059429 0.0040882741 0.0026541271)
(-0.0023730706 0.0097593484 0.00059612623)
(-0.0023781005 0.0070494045 -0.00053980732)
(0.00024904874 0.009806408 0.0001286591)
(0.0028476248 0.007202463 0.0016029618)
(0.0053813092 0.0090248041 0.0024118144)
(0.0025524611 0.0098882552 0.001483065)
(0.0027599637 0.0018799279 0.00050999703)
(0.0010453356 -0.0010559543 0.0016640772)
(-0.0015281853 0.0076896354 0.00046896009)
(-0.0023157174 0.0090349767 7.1549807e-05)
(0.00047014261 0.010801725 0.00071080315)
(0.0015016048 0.010377437 0.00027661567)
(0.0039128599 0.008222154 -0.0017175821)
(0.0036669558 0.011781534 0.0013850204)
(0.00051032609 0.004211102 0.0014611652)
(0.0029188219 0.0039342723 0.0021621863)
(-0.0027851106 0.013353081 0.00328807)
(-0.00016514796 0.0085868016 0.0011459205)
(0.0037752628 0.01228379 0.0051032974)
(0.0020843108 -0.0025786646 -0.0011738523)
(0.0030396853 -0.0075506609 0.00018458245)
(0.0045139004 -0.0073556555 0.00015747009)
(0.0065508387 -0.0094356353 0.00019491205)
(0.0063327918 -0.010680952 -0.00075999771)
(0.00085117099 -0.010391448 -0.00077592086)
(-0.0041048804 -0.0080401481 0.0012361381)
(-0.0019397536 0.0032732558 0.00035414364)
(0.0032054526 -0.0035366053 0.0019398488)
(0.00031923184 -0.0090669937 0.0022659644)
(-0.0048641335 -0.0081326345 -0.00076054284)
(-0.0026584907 -0.0033796352 0.00011520918)
(-0.0024902569 -0.00069517517 8.1127919e-05)
(0.00021900789 0.0031009454 -0.00048952712)
(0.0035987321 -0.0011184848 0.00083400191)
(0.0049855563 -0.0054158779 0.0011348258)
(0.0060399042 -0.0086025879 0.0013403862)
(0.0062699274 -0.01004477 0.0017014388)
(-0.0022569974 -0.0084889104 0.0014289231)
(-0.0053588219 -0.0031249526 0.00070096458)
(-0.0034328566 0.0021975877 0.00036253862)
(-0.00034547719 0.0042429395 0.00098356725)
(0.0028871381 0.0027111063 0.00067101823)
(0.0046612513 -0.0012999155 0.00032141705)
(0.0052771152 -0.0039690665 0.00087360626)
(0.0053042168 -0.0099779611 0.0016403621)
(-0.0038760747 -0.008982217 0.0042481044)
(-0.0029463598 -0.0034526332 0.0038844811)
(-0.0022232051 -0.0021870995 0.0032911963)
(-2.5923213e-05 -0.0027516177 0.0042561013)
(-0.0004740892 -0.014769757 -0.00062878477)
(-0.0018690225 -0.014101345 6.9110782e-05)
(-0.0030214241 -0.013416867 0.00076637094)
(-0.0030801488 -0.010543887 0.0013227375)
(-0.0002404818 -0.012360345 0.00057074318)
(0.0021841683 -0.01117197 0.0021131156)
(0.0024129948 -0.015000912 0.0022447687)
(0.00028760709 -0.017512021 0.0016968407)
(-0.002849076 -0.015870037 -0.001035234)
(-0.0015510878 -0.011300882 -0.00015640941)
(0.001947741 -0.013035645 0.00045434063)
(0.0028193943 -0.017677628 -4.819544e-05)
(0.0007493009 -0.016952802 -0.0014194006)
(0.0015763674 -0.011638477 0.00099692201)
(0.003291544 -0.011657194 0.00086074445)
(0.0038016456 -0.014852881 0.00015039621)
(0.0023621112 -0.015096552 -0.00021101216)
(-1.8395402e-05 -0.01659306 0.00021709701)
(-0.0012157504 -0.015799804 -0.00068185526)
(-0.0025641587 -0.016357496 -0.0016045128)
(-0.0030610469 -0.014866777 -0.0013607327)
(-0.0017201859 -0.011083696 -0.0016565106)
(0.00078714572 -0.011476483 -0.0015706458)
(0.0019925061 -0.016428466 -0.003310026)
(-0.0011965104 -0.017764535 -0.0033585144)
(-0.0016411998 -0.011966296 -0.00098315201)
(-0.0020493605 0.016534404 -0.00058625604)
(-0.0044662315 0.016557205 0.00060511318)
(-0.0050370218 0.01505683 0.001360602)
(-0.0017084036 0.00418689 0.00027829226)
(0.0017664492 0.0011233975 0.00095565267)
(0.0034340084 0.00099643055 0.0011089998)
(0.0072173491 0.013408201 0.0026498553)
(0.0013012597 0.018715882 -9.1362233e-05)
(-0.0062480679 0.01551889 -0.00072916752)
(3.7591883e-05 -0.00088159036 -1.7990452e-05)
(0.0014473055 0.0047454689 0.0016766549)
(0.0057172581 0.01780541 0.00091893183)
(0.0044236236 0.018095962 -0.0024576604)
(0.001148379 0.0019998086 -0.00025365598)
(0.003915284 0.0035179024 0.00020067283)
(0.0066521333 0.0131749 -0.0018162533)
(0.0064911739 0.016913227 -0.0022274767)
(0.00033259074 0.018352267 -0.0028815659)
(-0.0036918004 0.017569587 -0.0039150202)
(-0.0062501426 0.017772178 -0.0035397102)
(-0.0057752083 0.011664755 -0.0015122479)
(-0.0022577962 0.00043949762 -0.00014946691)
(-0.00023339018 0.0022205186 -0.00057131053)
(0.0038954847 0.015780817 -0.003779893)
(-0.0012701789 0.018447609 -0.0052335963)
(0.0007892663 0.00017554408 0.0014328844)
(0.00040477661 0.0033318313 -0.00019129869)
(0.00064276682 0.0014216067 0.00037600186)
(0.0037715814 -0.011223436 -0.00069340612)
(0.0040004074 -0.013524687 -0.0017103815)
(0.0025664506 -0.013045647 -0.00059446315)
(-0.0016133084 -0.013469326 -0.00035193127)
(-0.0027319561 -0.013128546 -0.0017286782)
(0.00046763019 0.0023700812 -0.0021955403)
(0.002620545 -0.012777185 0.00065541187)
(0.0027130871 -0.013683224 0.00029880445)
(-0.0027146358 -0.013727903 -0.0037234182)
(-0.0029649398 -0.013156124 -0.00331991)
(0.0019458533 0.0019642232 -0.0002226642)
(-0.00048645658 -0.013494297 -0.0023002502)
(3.9666943e-05 -0.014042064 0.0017320007)
(-0.0034409183 -0.015121941 0.0018612864)
(0.00079244281 0.00060290259 -0.00046608267)
(-0.0009927105 0.004200969 -0.00069848005)
(-0.0002042397 -5.0031361e-05 0.00034082784)
(-0.0010653908 -0.001205571 -0.0027752293)
(0.0025676533 -0.015623748 -0.0012531524)
(-0.00039957857 -0.013710718 0.0022816616)
(-0.0020715326 -0.013550777 0.0017232945)
(0.00079126058 -0.013919078 -0.00064589533)
(0.0046576768 -0.013957852 -0.00020200052)
(0.0035144768 -0.014935896 0.0017433889)
(0.0011263149 0.0088492209 0.00014481109)
(0.0038083751 0.0075578246 0.00027212037)
(0.0044932028 0.010146138 -0.0015711315)
(0.0030660751 0.0050497448 -0.0019752963)
(0.0028550477 0.0045783872 -0.0016207277)
(0.0027103948 0.0022036661 -0.0007110604)
(-0.0019613492 0.0023175824 -0.0035721581)
(0.00057935916 0.0071333614 -0.00092573287)
(0.0035085295 0.0074845188 -0.0024291663)
(-5.2658679e-05 0.0042519464 0.00035681281)
(0.0011342416 0.010540055 -0.0040492133)
(-0.0038708931 0.011551998 -0.0026458177)
(-0.0025104418 0.0081186807 -0.00020081168)
(-0.00084069095 -0.0039589994 -0.00023054371)
(0.00091483594 0.0023321276 0.0015198806)
(-0.0031462931 0.010537084 0.00031955425)
(-0.0026301978 0.0076460881 0.00084839247)
(0.00018894144 0.0093013985 0.0022728683)
(0.0016162204 0.0083275326 0.0033476606)
(0.0031229181 0.007544614 0.00097830313)
(0.001811255 0.011008742 4.2779652e-05)
(0.00053877619 0.0010735036 0.0015861115)
(-0.00045767309 -0.0030835824 0.0020520004)
(0.0019326652 0.0042695035 -0.0029493954)
(0.0015449079 0.01179753 -0.0016077614)
(0.00041121222 0.011180612 -0.001742553)
(0.0019318493 0.0018289812 -0.00014638474)
(0.0038556018 -0.0014062681 -0.00036162207)
(0.0056818009 -0.0064489906 -0.0005969343)
(0.0053115768 -0.010203242 -0.0012316237)
(0.0036854944 -0.009586408 -0.0043260069)
(0.0026087232 -0.0090850127 -0.0047256765)
(-0.00077229627 -0.010094003 -0.0020322573)
(-0.0014722829 -0.0057582995 0.0018505068)
(0.00067577167 -0.010205395 0.0039380854)
(-0.0046601636 -0.0070485567 0.00037426052)
(-0.0030857764 -0.0016736989 -0.00077630539)
(-0.0022292179 -0.00093752965 4.0659072e-05)
(0.0013896979 -0.0045876159 0.0022729748)
(-0.0032272966 -0.0092018199 0.00091189784)
(-0.0058233199 -0.0074301914 0.0029115904)
(-0.0049764496 -0.0033762896 0.0029089944)
(-0.0027642063 -0.0004956161 0.0032772453)
(6.1000036e-05 0.0015593272 0.0034535211)
(0.003136118 -0.0012058003 0.0031437718)
(0.0042979757 -0.003497753 0.0015834949)
(0.0050357691 -0.0054645022 0.0022225785)
(0.0058601536 -0.0088194909 0.0031899954)
(-0.0028134021 -0.01037687 0.0047433007)
(-0.0044838614 -0.0088624143 0.0048643932)
(-0.0029048545 -0.0066762373 0.0036086243)
(-0.00039281837 -0.0059477051 0.0047432404)
(-0.00085885466 -0.014097247 -0.0018504928)
(-0.0018200228 -0.013266643 -0.0024715714)
(-0.0016816039 -0.015678492 -0.0010061433)
(-0.0039701181 -0.012134753 0.00081756119)
(-0.0013166696 -0.011182377 0.00085683171)
(0.0017559988 -0.013510309 0.0031394151)
(0.00049950729 -0.017151191 0.0026418605)
(-0.0023221296 -0.016330662 0.0023823996)
(-0.0020773425 -0.011130506 0.0017461539)
(5.1066112e-05 -0.014279882 0.0022341128)
(0.00031362178 -0.020469167 0.00064087392)
(-0.00013983359 -0.0212935 0.00031304481)
(-0.00065193265 -0.011958961 0.0008443321)
(-0.0017150945 -0.015414363 0.00011542861)
(-0.00022603675 -0.011558944 0.00133222)
(0.0020541975 -0.01187067 0.00085662796)
(0.0023656251 -0.015441083 -0.00024757329)
(-0.0017490018 -0.018206724 2.8820855e-07)
(-0.00070272648 -0.013026697 -6.2824621e-05)
(-0.0014834735 -0.020110585 -0.0017583923)
(-0.0038373735 -0.016673005 -0.00061770243)
(-0.0030897803 -0.012107661 -0.0001387212)
(-0.00031544726 -0.012767029 8.7548315e-05)
(0.0019835794 -0.012581466 -0.00060351615)
(0.0019719362 -0.012060014 -0.00017125883)
(0.0014877234 -0.017434344 0.0017481683)
(-0.0020009858 0.016163368 -0.0036611428)
(-0.0027661669 0.015283016 -0.0025012367)
(-0.0024987143 0.017484764 0.00054772326)
(-0.0033115073 0.013911682 0.0025440961)
(0.0017877017 -0.0027409757 -0.0011555663)
(0.0044386109 0.0091828628 0.0014562973)
(0.0052989645 0.018014026 0.0023603676)
(-0.004421975 0.016981117 0.0010954691)
(0.00084453771 -5.4540572e-05 0.00093417324)
(0.0036614734 0.0066882594 0.00013981324)
(0.0047207611 0.019040221 -0.00030892813)
(-0.0050187163 0.020030734 -0.0031392665)
(0.0007677601 0.0048777673 -0.00031294873)
(-0.0033810635 0.016426428 0.001826223)
(0.0020387123 0.0033212843 0.0017843897)
(0.0025641807 0.0039834901 0.0013868012)
(0.004200446 0.016157751 0.00074000597)
(-0.0046403132 0.018571774 -0.00075690861)
(-0.0017241523 0.0084294106 -7.5704115e-05)
(-0.0032608352 0.02017059 -0.0045310537)
(-0.0055028137 0.015869459 -0.0021271652)
(-0.0023045426 0.0009048813 0.00031172408)
(-1.6465522e-05 -0.0015417179 0.00035588423)
(0.0030275188 0.0006371239 -0.00064161364)
(0.0015476853 0.0029600553 -0.00060224226)
(0.0031200325 0.016449934 0.0044513615)
(-0.00028509071 0.0013299746 -0.0015954464)
(0.0005085049 -0.0049794396 -0.0003207709)
(0.0014034183 -0.0079248628 -0.0022292835)
(0.0054643987 -0.01270715 -0.0039358063)
(0.0031309402 -0.015219413 -0.0040980417)
(-0.0043624156 -0.013481858 -0.00071578247)
(0.00060961205 0.0046070081 0.0016166441)
(-0.00093561518 -0.0095781745 -0.0011799525)
(0.0029494448 -0.014546773 0.00076967886)
(-0.0012188356 -0.014682461 -0.0033638979)
(0.001865272 0.0027790939 -0.00073358505)
(0.00085070311 -0.007496049 -0.001240935)
(0.0039678606 -0.014978799 0.00094874063)
(0.0012133048 -0.0093145079 0.0009391645)
(0.004041503 -0.013557159 0.0014950918)
(-0.0013985676 -0.013973266 -0.00065006972)
(-0.0016783774 -0.0040439864 0.00043907046)
(0.00088043531 -0.011270933 0.0031395199)
(-0.00012766362 -0.015525008 0.0033687323)
(-0.0029526316 -0.014346069 0.0001211415)
(0.0011033491 -0.014482675 -0.003660923)
(0.00088007573 -0.012885034 0.00070193124)
(0.00019835901 -0.013991133 0.00032514875)
(0.0009651269 -0.013418494 -0.00028808512)
(-0.0033287946 -0.013721036 -0.001684286)
(-0.0023590361 -0.00947119 -0.0011979847)
(0.00094506632 0.0079304994 -0.00052635436)
(0.0020338818 0.0080078666 -0.00050548173)
(0.0031037993 0.0064962321 -0.0012899071)
(0.0033301689 0.0076269122 -0.0025231331)
(0.0045949901 0.0095983278 -0.00051286451)
(-0.0041248118 0.010059659 0.0029444575)
(-0.0017043946 0.0078567392 0.0015194672)
(0.0013572798 0.0049022007 0.0016362287)
(-0.00060274919 -0.0034753892 0.0019049642)
(-0.0025496448 0.0045578775 -0.0010368081)
(9.8740775e-05 0.007147524 -0.0027296162)
(0.0023682161 0.0099075115 -0.0035579337)
(-0.00033681957 0.0096707414 0.00070941756)
(-0.0011871979 0.0019540757 -0.0004922993)
(0.0011508561 0.003497942 0.00095246884)
(-0.00063902719 0.0092261562 -0.0035329145)
(0.0015979121 0.0069056852 -0.0004607876)
(0.0042123885 0.011672614 0.0024415396)
(0.0032278423 0.012283542 0.002753354)
(0.0027789508 0.013920311 0.0022516124)
(-0.0030246549 0.0081573049 -0.0029890557)
(-0.00060705433 -0.0015613537 0.0015296151)
(-0.00043051088 -0.0045589455 0.00104148)
(0.00068680409 0.0009342451 -0.0016559347)
(-0.001402295 0.0056098753 -0.0015290303)
(4.4657315e-05 0.0049317954 -0.00087863166)
(0.0016208888 -0.0011884983 0.0015363754)
(0.0028515334 -0.004650597 0.0018822519)
(0.0031185572 -0.010956889 0.00033241819)
(-0.00098987035 -0.011244502 -0.0031409112)
(0.0010627811 -0.0037800114 -0.0044054887)
(0.0014992277 -0.0046723992 -0.0036120427)
(0.0028118967 -0.0051903796 -0.0030480978)
(0.0035856692 -0.0096837998 -0.0015434185)
(0.00017529158 -0.010407612 0.002717534)
(-0.0037492202 -0.0096501698 0.0038121841)
(-0.0029332287 -0.0055276195 0.0040236173)
(-0.0015426029 -0.0065704422 0.0034722045)
(0.00046197511 -0.010284326 0.0021518531)
(-0.0022895397 -0.0095775071 -0.0034494497)
(-0.0037808471 -0.010479143 -0.0018818843)
(-0.0044515244 -0.010999841 0.0009188251)
(-0.0040305525 -0.00797129 0.0013226041)
(-0.0018565653 -0.0051639701 0.0031443135)
(0.0015694481 -0.0041023965 0.0028097334)
(0.0045555354 -0.0010917128 0.0030764874)
(0.0069715829 -0.005873076 0.0033326869)
(0.0063973528 -0.0086904699 0.0031275711)
(0.00083930968 -0.0098302451 0.0017630539)
(-0.0018133181 -0.010010379 -0.0020938268)
(-0.0017505849 -0.011228814 0.00060319139)
(-0.00033602741 -0.0096558552 0.0042130055)
(-0.0022483093 -0.015727737 -0.0026778655)
(-0.0003253779 -0.0098723481 -0.0029158753)
(0.0014513095 -0.015626425 -0.0032344678)
(-1.3468057e-05 -0.015723834 -0.0018258988)
(-0.0011747885 -0.014669289 0.0023485623)
(-0.0010025944 -0.014683562 0.0025568921)
(-0.00077812562 -0.016794529 0.0025757147)
(-0.0020440512 -0.016813578 0.0028139326)
(-0.0030913465 -0.015337332 0.0031452812)
(-0.0034078912 -0.014903529 0.0018582275)
(-0.0014291875 -0.011850559 -0.00058367948)
(0.0027594735 -0.011026175 0.00059224021)
(0.0028727967 -0.013761108 0.0019170078)
(0.0011158424 -0.01528495 0.00089744685)
(-0.0012875978 -0.016365118 -0.0019890325)
(-0.00054947961 -0.015548694 -0.001585259)
(-0.0024607973 -0.013223134 -0.0020353349)
(-0.00077975553 -0.010968342 0.00022925314)
(0.0017483689 -0.013254053 0.0016643062)
(0.0020644899 -0.015314238 0.0020236765)
(0.00091031838 -0.017398927 0.002121248)
(-0.0018209323 -0.019066546 0.0018747158)
(-0.0022589156 -0.015936453 0.001872258)
(-0.0015777146 -0.012322249 0.00075453145)
(-0.00079207514 -0.01375549 0.001436407)
(0.00099742926 -0.01290386 0.0021398614)
(0.0029228562 -0.013397503 0.0031572746)
(0.0039119964 -0.014230445 0.003311603)
(0.0032206567 -0.015217498 0.0033608298)
(0.00099271184 -0.016136126 0.0031483051)
(-0.0023156105 0.017239186 -0.0038762683)
(0.0011964773 -3.0186737e-05 -0.000979786)
(0.0048136615 0.015356256 -0.0025030651)
(0.00043847239 0.017517109 0.00063221765)
(-0.0019715518 0.015566379 0.0039934196)
(0.0016747508 0.015379773 5.067189e-05)
(0.0015045567 0.018330523 -0.0004621863)
(-0.0040510631 0.018286299 0.0028128084)
(-0.0034806871 0.016082105 0.001985715)
(-0.0043577678 0.012166279 -0.00070710883)
(-0.0002431369 -0.00033803715 -0.0027364562)
(0.00084812121 0.0022553811 -0.0025599571)
(0.0047428644 0.014923343 0.0013938522)
(0.0034627871 0.017129982 0.00036996175)
(-0.00064518013 0.017496234 -0.0029710451)
(-0.0015181581 0.016959256 -0.0038000454)
(-0.0034470313 0.014900794 -0.0032175443)
(0.0027916103 0.0026613 0.0013859368)
(0.0039269598 0.0076314558 0.002003554)
(0.0064185857 0.015536011 0.0032844496)
(0.00035913015 0.019155421 0.0020495443)
(-0.0044120325 0.020327891 0.002635958)
(-0.0025652381 0.015744947 0.0019437768)
(-0.00066780656 0.0056365878 -0.00055668861)
(-0.0011635968 0.0088823253 -0.00011982049)
(0.0011428734 0.0039992869 0.0010519514)
(0.0033364729 0.0071896081 0.0027074475)
(0.0048078625 0.0099914042 0.0030413098)
(0.0058459779 0.016065557 0.0047033373)
(0.0040585565 0.017997204 0.0049115146)
(0.0035658732 -0.014073032 0.0014161536)
(0.00053888321 -0.013704572 0.0014923431)
(-0.001528095 -0.010161846 0.001138878)
(0.00023109807 0.0031005965 -0.0011231144)
(-0.00037038693 -0.015278343 -0.0051300022)
(-0.0032290726 -0.014989695 -0.0026791471)
(-0.00092035454 4.4779445e-05 -0.0012033489)
(-0.0031534331 -0.005863985 0.0023839005)
(-0.00020827116 -0.014163593 -0.00069202844)
(0.0017577412 -0.015260282 -0.0012186454)
(0.0014158078 -0.013938424 0.00027496437)
(-0.0033903562 -0.014302608 -0.0019018811)
(-0.0052832501 -0.01389179 -0.0027617715)
(-0.0018889682 -0.0026427715 -0.0010363037)
(-0.0015295308 -0.0032514772 0.00084112569)
(0.0021595336 -0.0031495797 -0.0023238096)
(0.0050550338 -0.010033916 0.00011502475)
(0.0051773569 -0.014238719 0.0011617511)
(-0.0023730862 -0.014335292 -0.0015912635)
(0.0018141207 0.0002675587 -0.0010535616)
(-0.0010831372 0.0069033834 0.001278449)
(0.001816043 -0.010506945 0.00019706271)
(0.005226208 -0.016809002 -0.0028649685)
(0.0036663098 -0.014925263 -0.0025154891)
(0.0015983854 -0.013595416 -0.0015766774)
(0.0013809272 -0.014228175 -0.0018433817)
(0.0023568785 -0.013801553 -0.0027229976)
(0.00071679981 -0.015807992 -0.0041046601)
(-0.0029525212 -0.012555955 -0.0043130756)
(0.0017227302 0.0032834348 0.0016460502)
(-0.00045296798 0.008598338 0.0029665327)
(0.00024606791 0.0015892276 0.00098062452)
(-0.0018911446 0.008473795 0.00054403774)
(0.0016367495 0.0081575155 -0.0016081767)
(0.0032708737 0.011866315 -0.0028253063)
(-0.0052668249 0.011858223 0.002566553)
(-0.0027621475 0.0086453338 0.0022209042)
(-0.0013220259 0.0093481299 0.0014570301)
(0.00021083724 0.0036238492 0.00090573434)
(-0.00079043281 -0.0024453307 -0.0018395634)
(-0.0018157588 -0.0014644117 -0.00028754097)
(-0.0026180548 0.0044848161 -0.00069930984)
(-0.0051687558 0.010944638 -0.0013182379)
(-0.0035576705 0.0069552852 0.0010429406)
(-3.0278167e-05 0.0040750467 0.0011993764)
(0.0024528553 0.0035140295 0.0015607302)
(0.0036738015 0.0084016864 0.0008310234)
(0.0016125044 0.0099758334 0.0034727323)
(-0.0031278374 0.010245749 -0.0004792894)
(-0.0020789359 0.0074643363 -0.0014181041)
(-0.00062595705 0.0099378939 0.00036699245)
(0.0040588558 0.012171192 -0.0027889066)
(0.0022950575 0.013507723 -0.0048622347)
(0.0029397665 0.0051652791 -0.0025816351)
(0.0028163173 0.00049054328 -0.0010911728)
(0.0014203855 -0.0048768158 -0.0022171393)
(0.0016422974 -0.00046122921 -0.0018718562)
(-0.0014636586 0.012141036 -0.0019811529)
(-0.0061767807 0.010716695 -0.0018767704)
(-0.0024193587 0.0074896352 -0.00052039067)
(0.00075723418 -0.011451925 -0.00042860628)
(-0.0011171646 -0.010439279 0.00076458525)
(-0.0038508496 -0.0096258168 -0.0026827346)
(-0.0026806229 -0.0021898042 -0.0030173018)
(-0.00057249898 -0.0015868676 -0.0028513495)
(0.00049999707 -0.001599668 -0.0015159642)
(0.0033161442 -0.0029495406 -0.0023441078)
(0.0038259463 -0.0065195597 -0.0023767552)
(0.0041698723 -0.0095660589 -0.0032626459)
(0.0017863279 -0.010917879 -0.0025144032)
(-0.0025497139 -0.010265761 -0.0017847185)
(-0.0029821194 -0.010806816 -0.001749665)
(-0.0019077808 -0.009975463 5.7315034e-05)
(9.4440279e-06 -0.0087799543 0.0010907001)
(-0.0024467758 -0.010502794 -0.00063593754)
(-0.0048202142 -0.0099002651 -0.0019672599)
(-0.005040391 -0.008857317 -0.0022083207)
(-0.003329959 -0.0047590276 -0.0014397537)
(-0.003587593 -0.005257295 -0.0015754692)
(-0.0033376701 -0.0035735568 -0.00094376164)
(-0.0011759763 -0.00016452236 -0.00050643893)
(0.0028274922 -0.0072374482 0.0010293373)
(0.0052622458 -0.0096878454 0.0018669221)
(0.0070563824 -0.009951226 0.0036652572)
(0.0062542505 -0.010383057 0.0023861514)
(0.0021614161 -0.011047946 -0.0015768611)
(-0.0043372513 -0.0077895778 -0.0037664373)
(-0.0028166463 -0.0041705585 -0.0039067205)
(-0.0015036676 -0.0094736365 -0.0052581618)
(-0.00093236149 -0.0073584737 -0.0052207874)
(-0.0023398893 -0.017208614 -0.002152072)
(-0.0001596031 -0.011514552 -0.00037772119)
(0.001914306 -0.012657334 -0.0019675757)
(0.00080323436 -0.015935487 -0.0013373387)
(-0.00069441751 -0.017486608 -0.00040085068)
(-0.0015441291 -0.016374106 0.00043850732)
(-0.0012537951 -0.015254183 -0.0010883851)
(-0.0015838807 -0.016311335 0.0011460383)
(-0.0037114964 -0.014644573 0.0013357684)
(-0.0031351363 -0.011673059 0.002294186)
(0.00015830448 -0.010986316 0.0011800369)
(0.0022228983 -0.015101477 0.0010536722)
(-0.00077815005 -0.017216756 -0.00010719004)
(-0.0022381819 -0.015621603 -0.0002452649)
(-0.00091446332 -0.010423539 -9.0044803e-05)
(5.7017775e-05 -0.013030136 -0.0018875205)
(0.00057289156 -0.011097662 -0.0017996025)
(0.002271879 -0.01696812 -0.00032968664)
(0.0018103048 -0.017321568 0.00087184772)
(0.0014484424 -0.018124501 -0.00070620383)
(0.00082887083 -0.017029935 -0.00019627443)
(0.00048382327 -0.018193031 -0.0010538988)
(0.00012518521 -0.016187758 -0.0013789831)
(1.0759909e-05 -0.014958799 -0.00033573044)
(-0.0018896326 -0.015094134 -0.00089020463)
(-0.00059688066 -0.014483153 0.00031857421)
(0.0015749696 -0.015287735 0.00092282325)
(0.0014770865 -0.015531912 0.0014747768)
(0.0016755536 -0.016103722 0.001758765)
(0.00043923053 -0.016449804 0.0021925514)
(-0.0036720369 0.018122224 0.00082627483)
(0.0020959391 0.0011804371 -0.00024644952)
(0.0031454205 0.0076505115 -0.00032306737)
(0.0058495356 0.016301467 -0.00096463929)
(-0.0018942091 0.019026878 0.0010782687)
(-0.0036228056 0.017914297 0.000286196)
(0.0026280834 0.016122119 -0.00099470043)
(-0.001873687 0.018121811 0.0026073691)
(-0.0052930903 0.015597659 0.0033184133)
(-0.0021339425 0.0038051655 0.003379263)
(-0.00089722505 -0.00033435029 0.0015061958)
(0.0057479227 0.015622459 0.00085759979)
(8.1599958e-05 0.019074503 0.00096335271)
(-0.0050863107 0.014850983 5.0597807e-05)
(8.9385431e-05 0.0010671509 0.0013096077)
(0.0011794315 0.0091710955 0.00017552936)
(0.0017435158 0.00057203193 -0.00039606605)
(0.0062271799 0.015163605 0.0025149232)
(0.0043356664 0.01841583 0.0017276553)
(0.0025826749 0.018998058 -0.002498528)
(0.0028286187 0.0188641 -0.00320741)
(0.0019053368 0.019481143 -0.0011379552)
(-0.00068392339 0.018059364 0.0012823729)
(-0.0027232687 0.017064945 0.0027758821)
(-0.0031057093 0.017270626 0.00069409383)
(0.0013675888 0.010044054 0.0024837252)
(0.004038637 0.016350312 0.0025256767)
(0.0041463534 0.017247385 0.0024254607)
(0.0033862184 0.017829952 0.0035845341)
(0.0019023939 0.017719992 0.0038385476)
(0.0010707855 -0.013262362 -0.0011361756)
(0.0031590556 -0.013077501 -0.00059829462)
(-0.0035392417 -0.013763931 0.0023432342)
(0.0016965601 -0.00039245958 -0.0023540443)
(-0.0013906989 0.0074594505 0.0014341112)
(0.0019831306 -0.016950529 0.0014069094)
(-0.00089933655 -0.014799582 0.0052537275)
(-0.00022653501 0.0020354369 0.0027915668)
(0.0014510459 -0.0099501736 0.0040969391)
(0.0017270256 -0.014287117 0.004136887)
(-0.0027086293 -0.014055659 0.00098877807)
(-0.0027139584 -0.013188686 -0.00059314223)
(-0.0025390536 0.0045021207 0.0012818289)
(0.0020357919 -0.014436175 0.0014676361)
(0.0023245 -0.01337448 0.0029066758)
(0.0031444351 -0.012835135 0.004342921)
(-0.0007873689 -0.015241271 -0.0006507815)
(-0.0045478989 -0.013762059 -0.0019338213)
(-1.1742975e-05 -8.9858664e-05 -0.0014929337)
(-0.0015808106 -0.010136747 0.00017315069)
(0.0010800506 -0.0077819313 0.00097149145)
(3.4835815e-05 -0.0041535448 -0.0012716331)
(0.0019114304 0.00020672124 -0.0002617121)
(0.0010131595 -0.0032133006 0.0020525159)
(0.0044235004 -0.01527181 0.0028571248)
(0.00011399988 -0.017006602 0.0044814231)
(-0.00025576882 -0.0060362693 0.0032842067)
(0.00035040288 -0.00025877778 0.0015887868)
(-0.00053880986 0.0016902257 0.0017480172)
(-6.1207345e-05 0.0022380675 0.0018717767)
(-0.0017821097 0.0121174 -0.00079939592)
(-9.2467288e-05 0.0001625598 0.00059956434)
(-0.0024211436 0.0094310265 -0.0010446648)
(-0.0020743083 0.0078465062 -0.0014009228)
(0.00067973751 0.009530143 -0.00098954383)
(0.0033687355 0.01267259 -0.0010945317)
(-0.0052052571 0.011578392 0.0018639774)
(-0.0014614461 0.0085022402 0.0018123908)
(0.0011801556 0.0097808527 0.0001303892)
(-0.0014441609 0.0042150038 0.0013936711)
(-0.00071305531 0.0032612413 -0.00089087401)
(-0.0048811605 0.011643081 0.0011866088)
(-0.0029357271 0.007615083 0.00054035287)
(0.0032123881 0.0011484717 0.0008529704)
(0.00046118465 -0.0019515747 0.0010141491)
(0.0028880687 0.0055935416 0.0025879577)
(0.00040369229 0.0098731309 0.0024863959)
(-0.0048903129 0.011526075 -0.00066021485)
(-0.0034247855 0.0075696931 -0.00042714045)
(-0.0015848804 0.0081270602 0.0018579554)
(-0.00075809228 0.010485356 0.0037256688)
(-0.0012648317 0.010290394 -0.002067571)
(0.00058994637 0.0086346557 -0.0016737816)
(0.0026124563 0.0047827948 -0.00079151834)
(0.0037500336 0.010996252 -0.00051563776)
(-0.0024257561 0.00826447 0.003407229)
(-0.0019831168 0.0077737445 0.0021439595)
(-0.0013231224 0.0080248865 7.4269546e-06)
(-0.0015101704 0.008735996 -0.0001452763)
(-0.00055512573 0.0093539031 0.0017165038)
(0.0029645077 -0.004463522 -0.0019934656)
(0.00051476061 -0.0091040731 -0.002337966)
(-0.0041054819 -0.0067301754 -0.00067794927)
(-0.0026681995 -8.3935601e-05 -0.00036556954)
(-0.0023907498 0.0031217258 0.0005635405)
(0.0024326765 0.00021159573 0.00040042707)
(0.0024450291 -0.002684032 -3.5416439e-05)
(0.0041281878 -0.0042771516 -0.00090956883)
(0.003954071 -0.0068657591 -0.0026428938)
(0.0028483964 -0.010145381 -0.0040737848)
(-0.00063879296 -0.0094751652 -0.0057497902)
(-0.0010889696 -0.0075667743 -0.0053669456)
(0.0024019299 -0.0062915777 -0.0027717654)
(0.0023229482 -0.011349277 -0.0027275308)
(-0.0041600063 -0.0093190913 -0.0025449117)
(-0.005931382 -0.0072792918 -0.0026249954)
(-0.0041490353 -0.0025569032 -0.0012239652)
(-0.002487574 -0.00027945431 -0.00071435322)
(0.0016766713 -0.0053363405 0.0018091892)
(-0.0028832554 -0.012728141 0.0021901156)
(-0.0036020595 -0.0099200035 0.00087288419)
(-0.0023319648 -0.0040500502 -0.00076465731)
(0.0022456848 -0.0053636447 -0.0016464857)
(0.0012936019 -0.0099619695 -0.0032637798)
(0.0013387677 -0.0075292979 -0.0025872818)
(0.0024400828 -0.011100689 -0.0036709402)
(-0.0033189977 -0.0076393591 -0.00091735417)
(-0.0031406356 -0.00058686998 -8.5542023e-06)
(-0.0024871842 0.0013402098 -0.00051953421)
(-0.0011276396 0.0020841436 0.0003357154)
(-0.0013306968 -0.015931851 -0.0022193241)
(-0.0023733499 -0.015187591 -0.0013631331)
(-0.00069322401 -0.010602854 -0.0013426445)
(0.00029683989 -0.016669283 -0.00035069066)
(-0.0025301329 -0.015936574 -7.6188635e-05)
(-0.0033374443 -0.013529996 -0.0014700824)
(-0.0012714068 -0.010617885 -0.0012808042)
(0.00087897577 -0.016484676 0.0011831219)
(-0.0020655222 -0.016523123 0.0017490638)
(-0.0029735238 -0.013910099 0.0021491295)
(-0.00057421288 -0.01114704 0.00029470602)
(0.0029374649 -0.014537784 0.00011524482)
(-0.00079070601 -0.015514208 0.0015503223)
(-0.0031887301 -0.014481124 0.0013002308)
(-0.0021747451 -0.010528398 0.0011410623)
(0.00039315925 -0.01119275 -0.00019331092)
(0.0011327918 -0.019053366 0.0024713313)
(-0.00080772875 -0.018059346 -0.00077379494)
(-0.0023445633 -0.016263377 -0.0015269958)
(0.00029865615 -0.010378394 -0.00065223357)
(0.0017108317 -0.013865043 -0.0018985311)
(6.5531674e-05 -0.017136123 -0.0022379663)
(-0.002292877 -0.01581807 -0.0028102884)
(-0.0043118077 -0.01381013 -0.0026501274)
(-0.0040218742 -0.012663899 -0.0023846734)
(-0.00051661683 -0.013138355 -0.00042075455)
(0.0023801715 -0.016369827 -0.0033713107)
(0.0022053015 -0.015840685 -0.0029858218)
(0.0018031886 -0.015815996 -0.0014264729)
(0.0001436233 -0.015802728 0.0010344318)
(-0.0042042784 0.017432001 -0.0012781987)
(-0.0038933232 0.014889649 -0.0017243575)
(-0.0014925294 0.0027776054 -0.0020380346)
(0.0035153705 0.017541176 -0.0028031769)
(-0.0044573112 0.017768018 -0.0028875372)
(-0.0032297662 0.013553205 -0.0025875091)
(0.0004432425 0.0012131213 0.00016678894)
(0.0041941725 0.016760678 0.00029717193)
(-0.004638741 0.018099236 0.0025911725)
(-0.0043762614 0.013276906 0.0024939573)
(0.00010924084 -0.0028325687 -0.0021511667)
(0.003913313 0.013225103 -0.0014675516)
(-0.00059456203 0.017764436 0.00082133334)
(-0.0052313707 0.013451103 0.0017898042)
(-0.0002190387 0.00049169004 1.336899e-05)
(0.0016226032 0.00017171696 -0.0012239909)
(0.0064789363 0.016749944 0.0016350357)
(0.00018505498 0.019257707 -0.0018158028)
(-0.0042677973 0.015685393 -0.0042332147)
(0.0011443259 0.0010148454 0.00071279078)
(0.0035270585 0.014515282 -0.001279999)
(0.0023879861 0.01861275 -0.0011430986)
(-0.005926962 0.017474985 -0.0026751526)
(-0.0074218941 0.014307395 -0.002363157)
(-0.0032729561 0.0039415248 -0.00073609436)
(-0.00083462684 -0.0001453337 0.00029057168)
(0.005063714 0.013854742 -0.0048263693)
(0.0053740683 0.016562993 -0.0059799715)
(0.004165927 0.017689203 -0.0047991711)
(0.0010334897 0.01781146 -0.0024251156)
(-0.002603599 0.0033469643 -0.0010563086)
(0.0054050746 -0.01470892 0.002228795)
(-0.0036647151 -0.013775838 -0.0024693863)
(2.0856911e-05 -0.0049969111 -0.0027335922)
(-0.00089176096 0.0022625181 -0.0029280526)
(0.0053266422 -0.014459478 -0.00027701269)
(-0.001536184 -0.014655349 0.0036810555)
(-0.00073679891 -0.0015087831 0.0025457602)
(-0.0010921792 0.0027899399 0.001994935)
(0.0054181678 -0.01386452 -0.0022807987)
(0.0005757911 -0.016058481 -0.0034511569)
(-0.0045255829 -0.013438069 -0.0026709671)
(-0.001536284 0.0026379966 -0.0016658477)
(0.001729435 -0.014388224 0.00095033285)
(0.0024223975 -0.013323355 -0.00090114256)
(-3.3316208e-05 -0.0141311 -0.0017358024)
(-0.00074853782 -0.014386859 -0.0035526672)
(-0.001151334 0.0069723284 -0.0011733987)
(0.00040631731 -0.014705888 0.001628041)
(8.3263148e-05 -0.013973624 0.0039772396)
(-0.0037771928 -0.013715753 0.0042011033)
(-0.00024610514 0.0015162974 0.0011728581)
(-0.0018778325 0.0042667142 -0.0010227836)
(0.00012805544 -0.0074709271 0.0023734455)
(0.0032446758 -0.013838895 0.0029216404)
(-0.0029883488 -0.01589572 0.0010375091)
(-0.0042548724 -0.015263092 0.0014802147)
(-0.001913901 -0.0079125588 -0.00089491481)
(-0.00053335 0.0023153306 -0.0017773939)
(-0.00078135614 0.0035418517 0.00047879585)
(0.0013286333 0.0079323974 -0.0014906289)
(0.0020128211 0.011179192 0.00027024687)
(-0.0049455889 0.008388766 -0.0019800973)
(-0.0030220445 0.0063925016 -0.0018000353)
(0.00052829896 0.0073278365 -0.0026169788)
(0.00094913357 0.010854547 -0.0038607775)
(-0.0050723991 0.009046044 -0.00041756889)
(-0.0022027118 0.0081584859 0.0022813198)
(0.0010029936 0.0076526818 -0.00041490227)
(0.0039227216 0.011540526 -0.0011028995)
(0.003582889 0.010896471 0.0014095725)
(-0.0028459687 0.011861631 0.00026844797)
(-0.0012718574 0.0066238421 0.00049701399)
(0.0041787443 0.0038388336 -0.0013042785)
(-0.00050098314 -0.00058619078 -0.00095541403)
(0.0038010287 0.0069873582 0.00052214478)
(-0.0047736688 0.012701508 -0.0019846362)
(-0.0025365184 0.0089927565 -0.0013903822)
(-0.00085991665 0.0056467484 0.0014750027)
(-0.0027720205 0.00079851401 0.0014563146)
(-0.0024380601 0.011044674 0.0034980535)
(-0.0033475382 0.0082446926 -0.00031158972)
(0.00040424505 0.0091510799 -0.00069200807)
(0.00092915922 0.0072861007 0.0026501926)
(0.0011056925 0.0048055886 0.00072725435)
(-0.0025116211 0.010926057 0.0012418997)
(-0.0041309037 0.010688205 0.00031624227)
(-0.0036578287 0.0091354711 0.0017322014)
(-0.0026227217 0.0081883074 0.0016528066)
(-0.0010877416 0.0090767669 0.0025644828)
(0.0010595529 0.00045783445 0.00072868139)
(0.0028072348 -0.002126095 0.00030728764)
(0.0035727043 -0.008718684 0.0024584772)
(0.00024075508 -0.010054727 0.0031851606)
(-0.0020689007 -0.0036811933 0.0030614405)
(0.00023259517 -0.0057465769 0.0036585893)
(-0.00067955804 -0.0091778133 0.0030669258)
(-0.0016981916 -0.0046268868 0.00096583306)
(0.0005712698 -0.001352065 -0.00026247822)
(-0.00018992405 -0.011136615 -0.0029805795)
(-0.001093587 -0.0065472765 -0.0040279408)
(3.4642766e-05 -0.0012922965 -0.0029070436)
(0.003397671 -0.0037270136 -0.0034747879)
(0.0027848432 -0.010122214 -0.0039590475)
(-0.0038963515 -0.0093073695 -0.0043280897)
(-0.0052195476 -0.0052150592 -0.0030803466)
(-0.0035046004 0.00082477512 -0.00030598723)
(0.00072493182 0.0016132087 0.00085734267)
(0.0019888807 -0.010145688 0.0021620454)
(-0.0050854459 -0.0099072596 8.0978966e-05)
(-0.0047273447 -0.0059755773 -0.00063628761)
(-0.0025854886 -0.00036794962 -0.0011535914)
(0.0011627687 0.0026747186 -0.00077722081)
(0.0038795925 -0.0073055412 -0.001662879)
(-0.0015746455 -0.0088375378 0.0023411212)
(-0.0013667153 -0.0026391028 0.0021689037)
(-0.0013581831 -0.012412174 0.0033876242)
(-0.0048134591 -0.0077805679 0.0032029437)
(-0.0035501331 -0.0019750162 0.0018320613)
(-0.0018878101 0.00042067916 0.0010917411)
(-0.0019259848 -0.015545648 -0.0019896341)
(-0.0014633641 -0.011387592 -0.0015743073)
(0.0011664565 -0.011753464 -0.00032739073)
(-0.00061431268 -0.016265525 -0.0017203466)
(-0.0035141163 -0.014268196 -0.0013911567)
(-0.0030847351 -0.010873268 -0.0016925664)
(0.00037104263 -0.012660753 -0.00065574415)
(0.0033303074 -0.014509026 -0.00024350128)
(0.0018996116 -0.01588344 0.00043782976)
(0.0010231888 -0.015392646 0.00073366608)
(0.00015340183 -0.016130753 0.0027367425)
(-0.00039230672 -0.015756533 0.0019135302)
(-0.0017655261 -0.015367539 0.0017604522)
(-0.0025976607 -0.015323384 0.0019656653)
(-0.002771066 -0.016785852 0.0022917389)
(-0.0032575909 -0.017102142 0.0018829219)
(-0.0039775842 -0.014428264 0.0007449382)
(-0.0041070111 -0.011982189 -0.00064164618)
(-0.0023675887 -0.011129202 -0.00071813222)
(0.0012791125 -0.012189103 -0.00068622263)
(0.0022785291 -0.014181404 -0.0018074739)
(0.0011122279 -0.016847242 -0.0015129883)
(-0.002823582 -0.015045767 -0.00066634666)
(-0.003847475 -0.013051078 -0.00045510175)
(-0.0023578498 -0.013250552 -4.5652187e-05)
(-0.0014935906 -0.015152639 0.0010112371)
(-0.0011548957 -0.012327833 -0.0020537451)
(0.0019314962 -0.011071794 -0.0013344544)
(0.0027123136 -0.014707303 -0.0015148989)
(0.00072874473 -0.017932298 -0.0012607523)
(-0.0051459694 0.015121733 -0.0017703333)
(-0.0015825801 0.0016959104 -0.0004386139)
(7.8920919e-05 0.0080297048 -0.00068971094)
(0.00087795882 0.017451351 -0.0027130087)
(-0.004949136 0.014621506 -0.0026046944)
(-0.00038248687 0.00075238388 -0.001044554)
(0.00028798175 -0.0016122491 0.00010579058)
(0.0066425071 0.013003128 0.00015071622)
(0.0044017453 0.01730404 0.00038399904)
(-0.00066670258 0.017311191 0.0019492564)
(-0.0013537837 0.017825557 0.0038988754)
(0.0026111326 0.017449447 0.0037058409)
(-0.0014312748 0.017408427 0.0022254185)
(-0.0051377885 0.017187065 0.0031663776)
(-0.0043657258 0.017690704 0.0029104111)
(0.00034696894 0.01837548 0.0020093773)
(-0.0028745827 0.015686254 0.0002490627)
(-0.0040857284 0.0066694088 -0.0013440798)
(-0.0017549463 -0.0009332045 0.00083037753)
(0.0024813025 0.0020501751 -0.00061829974)
(0.0048009816 0.0093315583 -0.00070782115)
(0.0048181957 0.017444139 -0.00093267926)
(-0.0070856221 0.01582638 -0.0012361457)
(-0.0053092645 0.008878799 -0.00094575696)
(-0.0035139249 0.0044265152 -0.00058919304)
(-0.0011121473 0.013843362 0.00087665315)
(0.00017927265 -0.0007382424 -0.0015662592)
(0.0016236128 -0.0004503113 -0.00066386025)
(0.0035678543 0.012096883 -0.0016337321)
(0.0017403127 0.019181118 -0.0030585207)
(0.00075834293 -0.0047929419 -0.0015781311)
(-0.00091377731 -0.014211503 0.0015360788)
(-0.0058253088 -0.012405388 -0.00055463193)
(-0.0021316245 -0.0095865 -0.00013745494)
(0.0028197773 -0.014092265 0.00034883934)
(0.0038387204 -0.013613447 0.00062251386)
(-0.0027946248 -0.014643123 0.0018362283)
(-0.0049083615 -0.013645074 0.0030311561)
(0.00057958655 0.0004004785 5.0220305e-05)
(-5.6606099e-05 0.0027113564 -0.00038092833)
(-0.00054255697 -0.015270437 -0.0045198529)
(-0.0022262194 -0.0079014598 -0.00054639795)
(-0.0011515283 0.0031636364 3.5793876e-05)
(-0.0018276304 0.00012337958 0.0021236827)
(0.0023410884 -0.017397539 -0.00069461558)
(0.00011362869 -0.015699371 -0.0045364878)
(-0.00027590986 0.00013375153 0.0013303176)
(0.001229992 -0.012417959 0.0013879373)
(-0.00022424087 -0.013638995 0.0027869464)
(0.0015620321 -0.013527358 0.0016265042)
(-0.0040013811 -0.014565035 0.0030594565)
(0.0023551927 0.0038849147 -0.00025156742)
(-0.0024489947 -0.00043844727 -0.0002963187)
(0.0033830366 -0.014486459 0.0017537379)
(-0.0038304965 -0.014802147 -0.00025605014)
(-0.0014114422 -0.013921984 -0.0025823915)
(0.0012171743 -0.014299846 0.00085826035)
(-0.0017652827 -0.013496616 0.0020395507)
(-0.0026954464 -0.015264686 0.002967231)
(-0.0016467039 -0.011619414 0.0011503062)
(0.0020467082 0.008354708 0.00095041207)
(-0.00070928408 0.0090523458 -0.0003035977)
(-0.0021880937 0.0015252044 0.0011625902)
(-0.0012864007 -0.00010986332 0.0012141266)
(-0.00045790392 0.0012519013 0.0030183621)
(-0.0020333671 0.0022282572 0.00087178254)
(-0.002777216 0.0084256194 0.00036173866)
(-0.0039967479 0.011022885 0.00059737898)
(-0.0015688933 0.0068981971 -0.00074914696)
(0.0033089848 0.0088080193 -0.002030847)
(0.0047866542 0.011861907 -0.0013116936)
(-0.0033415848 0.0100323 -0.0018613629)
(-0.00081204963 0.008640396 -0.00010869174)
(0.0023154885 0.0081494651 0.00060644434)
(0.0056411819 0.012127047 0.0010287158)
(-0.0034594877 0.012863456 -8.4047793e-06)
(-0.0028871951 0.0071898494 -0.00086974237)
(0.00059258188 0.0012202756 0.0026457783)
(-0.0016618614 -0.0036076206 0.0010214316)
(0.0021890047 0.0045613813 0.0011990006)
(-0.0030040671 0.011343667 0.0011084309)
(-0.0011336356 0.0084969735 -0.00087863037)
(0.0014270344 0.0072902538 -0.00015916783)
(0.0016623986 0.009818836 0.0011060727)
(-0.0016474836 0.0080636432 0.00033468084)
(-0.00053312933 0.0012390531 0.00047365724)
(-0.00039470279 -0.0045970958 0.0011366791)
(-0.00073252154 -0.0018397036 0.0021845008)
(0.001789522 0.0094810069 0.0047171409)
(-0.00067702914 0.011738855 0.0052854218)
(0.0013258934 -0.0044288496 0.0016748614)
(0.0031309562 -0.0067835746 0.0018112635)
(0.0036434211 -0.0088975503 0.0026466998)
(0.00036422175 -0.0099740936 0.0031316427)
(-0.0018800816 -0.008970757 0.0040121279)
(-0.002665423 -0.010170208 0.0038923856)
(-0.0035608784 -0.01127416 0.0024636382)
(-0.0022234746 -0.0098717719 0.0011539486)
(-0.0016931252 -0.0077500619 0.00083146892)
(-0.0028949198 -0.0050884943 -0.0014747734)
(-0.0012784143 -0.0030999641 -0.0022314686)
(-0.0012623626 0.00027403148 -0.0024945939)
(0.0021202973 0.00052650531 -0.0020259618)
(0.0014866952 -0.0054267751 -0.0020586689)
(-0.00026607943 -0.0075085167 -0.0029379104)
(-0.00050695156 -0.00076079001 -0.0018183678)
(0.0037972272 -0.0059090317 0.0023096522)
(0.0030837628 -0.0085441705 0.0029027631)
(-0.0016407549 -0.010040722 0.0022874781)
(-0.0058816339 -0.0074379684 0.00051846662)
(-0.0039912071 -0.0032609431 0.00033580461)
(-0.0012858535 0.00044284837 -0.0007851079)
(0.0014517449 -0.0017212168 0.00062866148)
(0.0026964222 -0.0051351064 0.0005094195)
(0.0033424912 -0.0096521855 0.00066003811)
(0.0029485409 -0.0096080372 0.0026197936)
(-0.001419135 -0.010454061 0.0032176013)
(-0.0066692075 -0.0093352218 0.0032451987)
(-0.0062657861 -0.0070538509 0.0024116586)
(-0.0028687325 -0.0013652996 0.0025893947)
)
;

boundaryField
{
    minX
    {
        type            fixedValue;
        value           uniform (0 0 0);
    }
    maxX
    {
        type            fixedValue;
        value           uniform (0 0 0);
    }
    minY
    {
        type            fixedValue;
        value           uniform (0 0.001 0);
    }
    minZ
    {
        type            fixedValue;
        value           uniform (0 0 0);
    }
    maxZ
    {
        type            fixedValue;
        value           uniform (0 0 0);
    }
    bottomWater_to_rightSolid
    {
        type            fixedValue;
        value           uniform (0 0 0);
    }
    bottomWater_to_leftSolid
    {
        type            fixedValue;
        value           uniform (0 0 0);
    }
    bottomWater_to_heater
    {
        type            fixedValue;
        value           uniform (0 0 0);
    }
}


// ************************************************************************* //
