/*--------------------------------*- C++ -*----------------------------------*\
| =========                 |                                                 |
| \\      /  F ield         | OpenFOAM: The Open Source CFD Toolbox           |
|  \\    /   O peration     | Version:  v2012                                 |
|   \\  /    A nd           | Website:  www.openfoam.com                      |
|    \\/     M anipulation  |                                                 |
\*---------------------------------------------------------------------------*/
FoamFile
{
    version     2.0;
    format      ascii;
    class       volVectorField;
    location    "280/topAir";
    object      U;
}
// * * * * * * * * * * * * * * * * * * * * * * * * * * * * * * * * * * * * * //

dimensions      [0 1 -1 0 0 0 0];


internalField   nonuniform List<vector> 
1200
(
(0.1036651 -0.0022130744 0.00086837017)
(0.11564692 -0.0023565569 0.0013026804)
(0.12596883 -0.002225971 0.0013906182)
(0.13398396 -0.0017787512 0.0012751443)
(0.14095526 -0.0010686829 0.00097432698)
(0.14745558 -0.00024775288 0.00045220277)
(0.15367437 0.00059968794 -0.00032110496)
(0.15987035 0.0013997434 -0.0014403225)
(0.16619634 0.0022107611 -0.0031288363)
(0.17292205 0.0031888475 -0.0056600791)
(0.18023759 0.0045961102 -0.0093801765)
(0.18795012 0.006791302 -0.014673277)
(0.19493831 0.010187924 -0.02183287)
(0.19991006 0.014481411 -0.03086413)
(0.20264175 0.019525295 -0.041292109)
(0.20351563 0.024575261 -0.0521923)
(0.20291404 0.028978386 -0.062420744)
(0.20114285 0.032425708 -0.071044613)
(0.1984735 0.03482862 -0.077639045)
(0.19530808 0.036169108 -0.082225878)
(0.19223212 0.03650682 -0.085067158)
(0.18984255 0.036027432 -0.086475917)
(0.18852359 0.034972217 -0.086717595)
(0.18835794 0.033573348 -0.085982394)
(0.18914721 0.032042293 -0.08438086)
(0.19040385 0.030623984 -0.081908104)
(0.19117569 0.029732451 -0.078350998)
(0.18959242 0.030223407 -0.073180979)
(0.18230322 0.034092024 -0.065446276)
(0.14191466 0.047476657 -0.05301202)
(0.09870892 -0.0035402848 0.00084877836)
(0.098444074 -0.0043745206 0.0012836271)
(0.098688988 -0.0044972121 0.001470744)
(0.099289577 -0.0041237604 0.001564142)
(0.10036085 -0.0034259438 0.0015940488)
(0.10194092 -0.0026251013 0.0015496202)
(0.10400106 -0.0018584821 0.0014129731)
(0.10659056 -0.0012549102 0.0011450809)
(0.11017459 -0.00055443539 0.00064502282)
(0.11515245 0.00056948239 -0.00024862002)
(0.12228041 0.0027829006 -0.001790623)
(0.13205647 0.0070838198 -0.0043437196)
(0.14434405 0.014430051 -0.00838437)
(0.15779103 0.024297092 -0.014199836)
(0.17056428 0.0360455 -0.021604785)
(0.18119967 0.048053498 -0.029753763)
(0.18886177 0.059032031 -0.037560155)
(0.19325701 0.068425207 -0.044263704)
(0.19462343 0.075851943 -0.049629181)
(0.19373975 0.080956994 -0.053720922)
(0.19173602 0.083643945 -0.056672562)
(0.18964273 0.084265948 -0.058548616)
(0.18806806 0.083378109 -0.059386412)
(0.18721371 0.081511295 -0.059238288)
(0.18700537 0.079077335 -0.058141224)
(0.18714767 0.07649428 -0.055998129)
(0.18698981 0.074504756 -0.052417378)
(0.18524657 0.0746955 -0.046426525)
(0.1806586 0.080379345 -0.03582098)
(0.1528527 0.096919142 -0.015708938)
(0.09885973 -0.0027734265 0.0008745528)
(0.098115851 -0.0040273778 0.0013296332)
(0.09659266 -0.0044263571 0.0015360543)
(0.094616574 -0.0045134063 0.0016625905)
(0.092644596 -0.0044678599 0.001761559)
(0.090859948 -0.0043676444 0.0018448793)
(0.089262372 -0.0042980443 0.0019271848)
(0.087778913 -0.0043617329 0.0020383555)
(0.086412234 -0.0044006284 0.0022395517)
(0.08537616 -0.0043220294 0.0025781014)
(0.085091777 -0.0039045678 0.0030169227)
(0.087025404 -0.0020385338 0.0032563613)
(0.094120391 0.0039694306 0.0026986637)
(0.10682175 0.016048197 0.00096435836)
(0.12296157 0.032763157 -0.0020716728)
(0.13928594 0.050831941 -0.0055491323)
(0.15367301 0.067622217 -0.0084672227)
(0.16468216 0.08129235 -0.010509452)
(0.17189208 0.091664315 -0.011902499)
(0.17588108 0.098811597 -0.013107313)
(0.17785805 0.10288759 -0.01445867)
(0.17893399 0.10420093 -0.015902348)
(0.17965815 0.10325906 -0.017014845)
(0.18011978 0.10062178 -0.017485938)
(0.18017816 0.096779437 -0.01723031)
(0.1796456 0.092195657 -0.016067138)
(0.17827503 0.087612448 -0.013686315)
(0.17560864 0.084669527 -0.0093754797)
(0.17198232 0.087050691 -0.0018334349)
(0.15289689 0.10131447 0.012131675)
(0.096885046 -0.0015129107 0.00084048395)
(0.094742032 -0.0022311398 0.0012575317)
(0.091130265 -0.002452783 0.0014249793)
(0.086677699 -0.0024889233 0.0015104597)
(0.082186951 -0.0024356438 0.0015694897)
(0.077903162 -0.0023195012 0.0016169774)
(0.073796292 -0.0021752803 0.0016729266)
(0.069779932 -0.0020445767 0.0017750365)
(0.065739008 -0.001947577 0.0019877156)
(0.061483917 -0.0019949239 0.0024178114)
(0.056658873 -0.002542846 0.0032454401)
(0.050845917 -0.0037637759 0.0047976466)
(0.043434346 -0.0042696696 0.007638608)
(0.03785936 0.0010795829 0.01184404)
(0.041582621 0.015560937 0.016692479)
(0.053955007 0.033191231 0.021617081)
(0.069478316 0.048384106 0.026767775)
(0.08473818 0.059977952 0.032139112)
(0.098202107 0.06857599 0.037199824)
(0.10955438 0.074616334 0.041116882)
(0.11920369 0.078272983 0.043626657)
(0.12759555 0.079590392 0.044934088)
(0.13484229 0.078814659 0.045301725)
(0.14072199 0.076349262 0.045060025)
(0.14493856 0.07264371 0.044508226)
(0.14738163 0.068167608 0.043963973)
(0.14828746 0.063562934 0.043762752)
(0.14849423 0.060107881 0.044137033)
(0.15188417 0.060725164 0.044890773)
(0.16823396 0.071552662 0.045465458)
(0.10492686 -0.0022107008 0.0010162797)
(0.11776518 -0.0023604085 0.0014370814)
(0.12933948 -0.0023074761 0.0014663283)
(0.13870855 -0.0020265687 0.001279163)
(0.14686084 -0.0015794191 0.00090190061)
(0.15430092 -0.0011249948 0.00030122653)
(0.16108151 -0.00078355723 -0.00056716571)
(0.16713206 -0.00062994059 -0.0018242536)
(0.17241311 -0.00071540519 -0.0036860495)
(0.1769126 -0.0011090911 -0.0063994211)
(0.18058856 -0.0019070431 -0.010278178)
(0.1833502 -0.0032124904 -0.015630945)
(0.18476796 -0.0050869426 -0.022609358)
(0.18461523 -0.0079906388 -0.030955937)
(0.18404958 -0.011450356 -0.039930191)
(0.18427937 -0.014956706 -0.048419497)
(0.18558989 -0.017774831 -0.055454447)
(0.18736064 -0.019366038 -0.060763716)
(0.1886759 -0.019877157 -0.064585277)
(0.18904992 -0.019922224 -0.067221272)
(0.18865187 -0.02006458 -0.068838248)
(0.18805817 -0.020453454 -0.069533325)
(0.18782489 -0.020995057 -0.069363254)
(0.18826683 -0.021559639 -0.068357502)
(0.18948086 -0.022051288 -0.066526049)
(0.19147891 -0.022307941 -0.063813062)
(0.19420266 -0.021907001 -0.060009245)
(0.19740541 -0.019636651 -0.054733976)
(0.20045061 -0.01191794 -0.047584055)
(0.19264744 0.011421093 -0.038034428)
(0.10000373 -0.0035478856 0.0010711109)
(0.10068763 -0.0044135063 0.0016346707)
(0.10232678 -0.0046600913 0.0018555743)
(0.10450461 -0.0045221222 0.0019326976)
(0.10707705 -0.0041773558 0.0019132595)
(0.10999916 -0.0038511389 0.0017820286)
(0.11318966 -0.0037079446 0.0015066853)
(0.11657117 -0.0038636168 0.0010263249)
(0.12012123 -0.0044181194 0.00023886434)
(0.12381361 -0.0055060413 -0.001012162)
(0.12762889 -0.0073114298 -0.002900683)
(0.13159973 -0.010025135 -0.0056497043)
(0.13582903 -0.013775111 -0.0094936371)
(0.14032934 -0.019020137 -0.014342768)
(0.14529218 -0.025046275 -0.019563807)
(0.15094011 -0.030593109 -0.023951082)
(0.1568795 -0.033922497 -0.026633528)
(0.16216082 -0.034012075 -0.028070246)
(0.16577558 -0.031458007 -0.029159466)
(0.16741172 -0.027861032 -0.030417386)
(0.16761182 -0.024762319 -0.031827143)
(0.1672523 -0.022672886 -0.03315427)
(0.16689756 -0.021402981 -0.034074524)
(0.16675505 -0.020700333 -0.034214544)
(0.16700756 -0.020578741 -0.033182768)
(0.16809893 -0.021054676 -0.030581226)
(0.17103272 -0.021994507 -0.025928786)
(0.17818144 -0.022578613 -0.018561665)
(0.19569526 -0.020730529 -0.0073634821)
(0.25416459 -0.01001868 0.0058403019)
(0.10016347 -0.002800916 0.0010909599)
(0.10037983 -0.0040787686 0.0016791984)
(0.10030276 -0.0045182079 0.0019429801)
(0.10002891 -0.0046786428 0.0020876234)
(0.099766987 -0.0047445934 0.0021764588)
(0.099631797 -0.0047966261 0.0022143006)
(0.099635635 -0.0049109465 0.0022016403)
(0.099754688 -0.0051722013 0.0021451957)
(0.09997667 -0.0056823195 0.0020687121)
(0.10030439 -0.0066074189 0.0019662738)
(0.10077787 -0.0081979401 0.0017439164)
(0.10154655 -0.010781051 0.001187889)
(0.1028797 -0.014753182 0.00018469122)
(0.10492219 -0.020683815 -0.00099447431)
(0.1079387 -0.028033148 -0.0015840056)
(0.11224597 -0.035015389 0.00047248314)
(0.11786676 -0.038907058 0.0064958411)
(0.12438211 -0.037685091 0.014354356)
(0.13022404 -0.033013464 0.021700204)
(0.13423013 -0.027677422 0.027096211)
(0.13635067 -0.023674924 0.03025903)
(0.13725779 -0.020521666 0.032861095)
(0.13856388 -0.018594906 0.03516637)
(0.14055204 -0.017891131 0.037454862)
(0.14306442 -0.018352742 0.039837228)
(0.14501364 -0.019988009 0.041900079)
(0.14681979 -0.0222681 0.04395813)
(0.14989531 -0.024998467 0.046241528)
(0.15796341 -0.02823594 0.050099004)
(0.1881349 -0.031934829 0.055385161)
(0.098132409 -0.00153972 0.0010655192)
(0.096891319 -0.0022866726 0.0016348955)
(0.094654165 -0.0025401758 0.0018842705)
(0.091823222 -0.0026195766 0.0020116835)
(0.088957048 -0.0026242928 0.00208023)
(0.086243117 -0.0025838042 0.0020984954)
(0.083679018 -0.0025348412 0.0020740848)
(0.081234036 -0.0025240065 0.0020245493)
(0.078878038 -0.0026103972 0.0019844936)
(0.076553344 -0.0028932342 0.002015463)
(0.074133007 -0.0035548147 0.0022355355)
(0.071454903 -0.004922388 0.0028461036)
(0.068234018 -0.0073915425 0.0040985176)
(0.064100986 -0.010928534 0.006478123)
(0.059501256 -0.014000758 0.011887941)
(0.056377353 -0.013441317 0.023505359)
(0.057505625 -0.0068695439 0.042230497)
(0.062387457 0.0035782689 0.062547726)
(0.068101109 0.014736878 0.079773226)
(0.07358688 0.024322483 0.092428353)
(0.079739751 0.031425602 0.1007929)
(0.087123776 0.034953936 0.10477644)
(0.094275061 0.035472742 0.1060483)
(0.10040962 0.03376941 0.10559344)
(0.10511604 0.030648536 0.10376027)
(0.10858664 0.026237142 0.10012752)
(0.11134377 0.020838346 0.094538929)
(0.11398935 0.015074623 0.087829549)
(0.12005999 0.009714553 0.081298328)
(0.14988749 0.0064212107 0.074437924)
(0.1048022 -0.0022280149 0.00036615942)
(0.11744235 -0.0023746193 0.00060695981)
(0.12892999 -0.0022957064 0.00071428255)
(0.13832555 -0.0019668001 0.00073211828)
(0.14655831 -0.001458421 0.00068781628)
(0.1540679 -0.00094053148 0.00058771359)
(0.16085946 -0.00051950996 0.00041565952)
(0.16691212 -0.00021866508 0.00014544807)
(0.17225714 -5.6970994e-05 -0.00023493193)
(0.17687528 -7.0314208e-05 -0.00074938811)
(0.18069302 -0.00030527151 -0.0014299546)
(0.18358278 -0.00082712747 -0.0023048912)
(0.18496213 -0.0017348143 -0.0033797423)
(0.18434746 -0.0037397703 -0.004683867)
(0.18282377 -0.0067196492 -0.0060974409)
(0.18165733 -0.01054491 -0.0073125705)
(0.18116941 -0.014684148 -0.0083906833)
(0.18080067 -0.018777443 -0.0098238407)
(0.17997667 -0.022640351 -0.01196113)
(0.17862913 -0.026198614 -0.014646772)
(0.1770303 -0.029528691 -0.017452781)
(0.17557885 -0.032672824 -0.019966706)
(0.17461102 -0.035505843 -0.021863858)
(0.17424103 -0.037840563 -0.022951365)
(0.1744001 -0.039557662 -0.023196538)
(0.17508565 -0.040712201 -0.022611538)
(0.1765306 -0.041400437 -0.021330393)
(0.17944761 -0.041039792 -0.020458036)
(0.18513001 -0.035885516 -0.022848685)
(0.18876661 -0.015799553 -0.029169658)
(0.099881415 -0.0035568094 0.0003658706)
(0.1003376 -0.0044083053 0.00062894754)
(0.10186051 -0.004612904 0.0007605773)
(0.10404501 -0.0044061395 0.00080044543)
(0.10666678 -0.0039740843 0.00076621988)
(0.10962338 -0.003548871 0.00064660445)
(0.11279947 -0.0032677602 0.00041465584)
(0.11609837 -0.003171536 3.2580546e-05)
(0.1194603 -0.0033101388 -0.00055116288)
(0.12284267 -0.0037767434 -0.001411888)
(0.1262165 -0.0046920848 -0.0026552189)
(0.12958607 -0.0062372548 -0.0044013769)
(0.13303207 -0.0087213854 -0.0067558242)
(0.13653574 -0.013134807 -0.0097120507)
(0.14017074 -0.019440572 -0.013022761)
(0.14392291 -0.026448119 -0.01635376)
(0.14712003 -0.031948341 -0.019951908)
(0.14874438 -0.035648982 -0.024229921)
(0.14869378 -0.037815664 -0.029001733)
(0.1472946 -0.038953556 -0.033883168)
(0.14497722 -0.039793547 -0.038423566)
(0.14222822 -0.040834955 -0.042198146)
(0.13944496 -0.042046991 -0.044802407)
(0.13677767 -0.043170962 -0.045972362)
(0.13414384 -0.044124213 -0.04563063)
(0.13176655 -0.04534763 -0.043435218)
(0.13046621 -0.047390751 -0.039380289)
(0.1340456 -0.049356379 -0.035866258)
(0.1498812 -0.04505733 -0.041586127)
(0.19766305 -0.022821636 -0.062537056)
(0.10004545 -0.0027948344 0.00037155635)
(0.10004552 -0.0040651867 0.00064197323)
(0.099861316 -0.0044837282 0.00078953024)
(0.099607289 -0.0046114827 0.00085157881)
(0.09942375 -0.0046324247 0.00084463139)
(0.099381986 -0.0046200869 0.00075847135)
(0.09947385 -0.0046336733 0.00056962355)
(0.099657234 -0.0047285007 0.00024299405)
(0.099892761 -0.0049783753 -0.00027526866)
(0.10016005 -0.0054989313 -0.0010670406)
(0.10043523 -0.0064721079 -0.0022458448)
(0.10065389 -0.0081989451 -0.0039741566)
(0.10076513 -0.011230328 -0.006480749)
(0.10080847 -0.016530861 -0.0099496905)
(0.10084679 -0.024668307 -0.01417944)
(0.10055246 -0.033107932 -0.018503063)
(0.099487003 -0.037434643 -0.022122337)
(0.097159063 -0.038587249 -0.024114878)
(0.094311853 -0.037742186 -0.025163356)
(0.090642849 -0.036380807 -0.027683193)
(0.08592516 -0.03591844 -0.031452221)
(0.080396064 -0.036795748 -0.034759837)
(0.074754696 -0.03860625 -0.036190622)
(0.069693904 -0.040753462 -0.035199804)
(0.065196305 -0.043233947 -0.031683455)
(0.063021669 -0.046556022 -0.024328548)
(0.063138925 -0.051645184 -0.014288106)
(0.069338229 -0.058062773 -0.0064367854)
(0.083120723 -0.060458399 -0.01913501)
(0.12343222 -0.048118693 -0.061303331)
(0.098017031 -0.0015342651 0.00036255745)
(0.096563464 -0.0022754297 0.00062185741)
(0.094221703 -0.0025201056 0.00075985158)
(0.091411484 -0.002588541 0.00081375131)
(0.088625338 -0.0025792339 0.00080087373)
(0.086007957 -0.0025188973 0.00071261077)
(0.08353807 -0.0024395251 0.00052758941)
(0.081170465 -0.0023787294 0.00021323209)
(0.078859271 -0.0023787054 -0.00027906811)
(0.076552004 -0.0025035455 -0.0010199378)
(0.074172453 -0.0028744872 -0.0021162516)
(0.071517384 -0.0037149011 -0.0037301173)
(0.068198702 -0.0055086865 -0.0062414831)
(0.063600138 -0.009337101 -0.010411863)
(0.056773505 -0.016569433 -0.017155344)
(0.04682641 -0.023457399 -0.025392223)
(0.036884563 -0.022286476 -0.025191659)
(0.035543323 -0.017890188 -0.0037737274)
(0.038721541 -0.0086953727 0.030072459)
(0.040280246 0.0024688045 0.056394135)
(0.043850188 0.011315744 0.072631744)
(0.049195705 0.016336603 0.080866169)
(0.05465568 0.017916558 0.084129972)
(0.058917841 0.01677381 0.084143014)
(0.060793762 0.013243139 0.081409375)
(0.059709952 0.007000932 0.075595624)
(0.057048571 -0.0022148118 0.066891781)
(0.057296355 -0.013728319 0.054640919)
(0.050220888 -0.021087736 0.018391294)
(0.071724981 -0.0052952035 -0.054190663)
(0.1047739 -0.0022282141 0.00019394918)
(0.11733766 -0.0023695006 0.00035151491)
(0.12874252 -0.0022767131 0.00044911667)
(0.13807673 -0.0019198941 0.00048959198)
(0.14627613 -0.001361103 0.00048131719)
(0.15378686 -0.00075863889 0.00042754104)
(0.16065444 -0.00020253493 0.00032810521)
(0.16687897 0.00028805816 0.00019557215)
(0.1724982 0.00071890638 2.8395048e-05)
(0.17757614 0.0011086301 -0.00017871143)
(0.18218133 0.0014652311 -0.00041017159)
(0.18637247 0.0017816954 -0.0006129238)
(0.18976345 0.0020066818 -0.00065133698)
(0.19214642 0.0014264261 -0.00033387663)
(0.19503092 0.00062769397 0.00088002258)
(0.19956504 0.00051529193 0.0036257387)
(0.20482052 0.0012908146 0.0076519)
(0.20922766 0.0020371604 0.012240103)
(0.21234063 0.0021653015 0.016951764)
(0.21457974 0.0016248303 0.021669221)
(0.21639104 0.0004756674 0.026434342)
(0.21804109 -0.0011374393 0.031364485)
(0.21960959 -0.002976555 0.036582272)
(0.22094687 -0.0048758855 0.042052718)
(0.22184597 -0.0067408536 0.047371673)
(0.22225044 -0.0080348353 0.051789282)
(0.22185943 -0.0073017952 0.054425287)
(0.21896525 -0.0031057049 0.054108235)
(0.20633123 0.007552369 0.045301659)
(0.13585807 0.036457209 0.021820547)
(0.099852796 -0.0035567494 0.00019743759)
(0.10021449 -0.0044009877 0.0003696569)
(0.10161626 -0.0045848581 0.00048019256)
(0.10368867 -0.0043361891 0.00052606567)
(0.10620746 -0.0038294741 0.00051184594)
(0.10905904 -0.0032801715 0.00043413892)
(0.11212478 -0.0028015854 0.0002811139)
(0.11529968 -0.0024208533 3.5501406e-05)
(0.11852609 -0.0021454526 -0.00033201942)
(0.12178674 -0.0019928519 -0.0008631078)
(0.12510534 -0.0020352554 -0.0016014299)
(0.12860125 -0.0024423663 -0.0025679753)
(0.13258064 -0.0035876795 -0.0036849932)
(0.13742355 -0.0066355049 -0.0046119585)
(0.14355056 -0.010582466 -0.0046055251)
(0.15073167 -0.011935661 -0.0035251264)
(0.15716585 -0.010097256 -0.0027439497)
(0.16106726 -0.0083562046 -0.0033628102)
(0.16263101 -0.0083217393 -0.0055620112)
(0.16291465 -0.0096062418 -0.0089754083)
(0.16250651 -0.011638101 -0.012978991)
(0.16179715 -0.013857721 -0.016721428)
(0.16098168 -0.015666429 -0.019257791)
(0.15987202 -0.016821414 -0.019902213)
(0.15820252 -0.017683267 -0.018689581)
(0.15627103 -0.018174025 -0.016521215)
(0.15630442 -0.014799929 -0.016911738)
(0.16112222 -0.0017882869 -0.023030596)
(0.16969523 0.023738785 -0.033823123)
(0.15655846 0.064792741 -0.051383613)
(0.100018 -0.002791575 0.00019922194)
(0.099926959 -0.0040582116 0.00037282063)
(0.099621105 -0.0044671479 0.00048813807)
(0.099247422 -0.0045762091 0.00054018737)
(0.098946444 -0.0045654245 0.00053071821)
(0.098776513 -0.0045004983 0.00045323854)
(0.098718769 -0.0044283273 0.00029161573)
(0.098718683 -0.004388229 2.1465674e-05)
(0.098724615 -0.0044236812 -0.00039349255)
(0.098689388 -0.0046168497 -0.0010126436)
(0.098562124 -0.0051373342 -0.0019303489)
(0.098326474 -0.0063505452 -0.0032584393)
(0.098145129 -0.0090434957 -0.0050354601)
(0.098524749 -0.014682105 -0.0069510069)
(0.099508167 -0.022576715 -0.0077450667)
(0.10071493 -0.025167751 -0.006502121)
(0.10148058 -0.020967546 -0.0048617185)
(0.096766047 -0.016738132 -0.0058439132)
(0.088017334 -0.015421176 -0.0099870497)
(0.07989938 -0.016591346 -0.015528561)
(0.072344397 -0.019565144 -0.020945142)
(0.064691638 -0.02329984 -0.024319473)
(0.05672305 -0.026870058 -0.023904902)
(0.049112828 -0.029756383 -0.01953548)
(0.041605326 -0.032934317 -0.01215725)
(0.035216336 -0.037501917 -0.0053479766)
(0.033728672 -0.036503556 -0.013329518)
(0.043994203 -0.021430712 -0.032206538)
(0.07206306 0.011378458 -0.052195348)
(0.072551762 0.059172029 -0.076229698)
(0.097990088 -0.0015356883 0.00019420356)
(0.096447866 -0.002278687 0.00036083728)
(0.093987415 -0.0025228143 0.00046906426)
(0.091059243 -0.0025870816 0.0005139337)
(0.088156337 -0.0025686337 0.00049690268)
(0.085408895 -0.0024913523 0.00041116978)
(0.08277911 -0.0023830733 0.00023944992)
(0.080199737 -0.0022767853 -4.5568586e-05)
(0.077598909 -0.00220803 -0.00048903287)
(0.074866255 -0.0022332244 -0.0011715194)
(0.071793431 -0.0024713482 -0.0022409772)
(0.067977604 -0.0032144204 -0.0039751109)
(0.062597572 -0.0052593877 -0.0068708036)
(0.054331363 -0.010719873 -0.011941279)
(0.039827122 -0.019741307 -0.020308552)
(0.016570587 -0.017892861 -0.029289833)
(-0.0070955539 -0.0025951498 -0.028539066)
(-0.020547938 0.00098788897 -0.019101657)
(-0.018581883 -0.0030789871 -0.00042504892)
(-0.013240506 -0.0020122323 0.022818991)
(-0.0062261341 0.00028037918 0.03715777)
(0.0017378156 0.0014017017 0.044604463)
(0.0073589058 0.00034965335 0.04737596)
(0.0095289335 -0.0022440784 0.047733595)
(0.0072492416 -0.006864406 0.046402249)
(-0.0039803227 -0.016167076 0.036325824)
(-0.029675835 -0.020681095 0.0011507119)
(-0.045968233 -0.0036362215 -0.039484678)
(-0.038021975 0.028724933 -0.059217418)
(-0.0091262429 0.071901113 -0.057382565)
(0.10475697 -0.0022310063 4.4459579e-05)
(0.11727861 -0.0023745559 7.7404681e-05)
(0.1286339 -0.0022829275 9.0383338e-05)
(0.13792438 -0.0019254618 8.3527118e-05)
(0.14608834 -0.0013634308 5.9639169e-05)
(0.15356774 -0.00075550166 2.0187683e-05)
(0.16040204 -0.00019299036 -3.5492972e-05)
(0.16658673 0.00030381122 -0.00010984863)
(0.17216033 0.00074091106 -0.00020724485)
(0.17717721 0.0011243911 -0.00033124724)
(0.18170239 0.001447811 -0.00049204376)
(0.18582397 0.001676515 -0.00069592014)
(0.18915969 0.0017168142 -0.00095024511)
(0.19173043 0.00075303744 -0.0013194118)
(0.19569505 0.00022446221 -0.0017523135)
(0.2018526 0.0010957557 -0.0019649015)
(0.20858246 0.0025067911 -0.0019699012)
(0.2143591 0.0040727832 -0.001921752)
(0.21936128 0.0059888855 -0.0018711517)
(0.22434565 0.0083271637 -0.0017934062)
(0.22997116 0.010986516 -0.0016212136)
(0.23651245 0.013920748 -0.0012074686)
(0.24359772 0.017224621 -0.00031615897)
(0.25016646 0.021042888 0.0012940054)
(0.25475541 0.025285678 0.0037944621)
(0.25559539 0.030043261 0.0069793821)
(0.25011367 0.035949315 0.010000215)
(0.23414704 0.04428444 0.011486305)
(0.20292025 0.057000098 0.0087989642)
(0.09400826 0.082966883 -0.00016917522)
(0.099835616 -0.0035594277 4.7720392e-05)
(0.10014695 -0.0044054382 8.7947685e-05)
(0.10148192 -0.0045886024 0.00010838227)
(0.10348874 -0.0043355492 0.00010707418)
(0.10594479 -0.0038197343 8.5702062e-05)
(0.10872815 -0.0032567795 4.3797716e-05)
(0.11171136 -0.002760775 -2.2525049e-05)
(0.1147854 -0.0023590983 -0.00011989632)
(0.11787848 -0.0020598477 -0.0002557922)
(0.12095835 -0.0019001283 -0.00044681341)
(0.12406018 -0.0019896381 -0.00071425939)
(0.12738177 -0.0025861437 -0.0010810955)
(0.13148741 -0.0042246317 -0.0015600552)
(0.13715102 -0.0080965157 -0.002124612)
(0.14487159 -0.010031244 -0.0025993917)
(0.15371597 -0.0068207807 -0.0024417923)
(0.16083482 -0.0027558807 -0.0023981734)
(0.16678576 0.00033489361 -0.0027900996)
(0.172759 0.0024255026 -0.0035994048)
(0.17902777 0.0039823124 -0.0048229554)
(0.18610248 0.0058434558 -0.0064250892)
(0.19465539 0.0090929242 -0.0081227996)
(0.20477924 0.014853431 -0.0093984922)
(0.21550677 0.023410711 -0.00961863)
(0.22531602 0.034226271 -0.0083687457)
(0.23247654 0.046948463 -0.0059983804)
(0.2338841 0.062478446 -0.003841115)
(0.2238506 0.082422312 -0.0031358098)
(0.19822224 0.10819466 -0.0056324603)
(0.10249326 0.14447326 -0.014146119)
(0.10000081 -0.0027913852 4.7889011e-05)
(0.099859706 -0.0040584093 8.8076496e-05)
(0.099484971 -0.004466088 0.00010931131)
(0.099039011 -0.0045713151 0.00010905423)
(0.098662933 -0.0045539518 8.7935716e-05)
(0.098405328 -0.004479383 4.4196477e-05)
(0.098236409 -0.0043938148 -2.7587832e-05)
(0.098090248 -0.0043347859 -0.0001358409)
(0.09788472 -0.0043518586 -0.00029162488)
(0.097524474 -0.0045450141 -0.00052009195)
(0.096911761 -0.0051413247 -0.00085790447)
(0.096026851 -0.0066737775 -0.0013600187)
(0.095306255 -0.01036644 -0.0021161494)
(0.095886026 -0.018313066 -0.0033044218)
(0.097076756 -0.023414451 -0.0050988069)
(0.10301555 -0.01787099 -0.0040978569)
(0.10311752 -0.011845918 -0.0032876325)
(0.099716637 -0.0064909057 -0.0034326882)
(0.093058504 -0.0024947601 -0.0045842578)
(0.086249633 -0.0013454748 -0.0073942353)
(0.077846293 -0.0031945056 -0.011104519)
(0.068396053 -0.0061190428 -0.014017071)
(0.062658781 -0.0069325398 -0.014538374)
(0.068749082 -0.0029766345 -0.012473675)
(0.08724286 0.0064061451 -0.0088506125)
(0.11550205 0.0224466 -0.0048495326)
(0.13728236 0.044050624 -0.0004026886)
(0.1463709 0.07207793 -2.566513e-05)
(0.13855854 0.11437348 -0.0052744651)
(0.043080627 0.19701226 -0.015985807)
(0.097973022 -0.0015354228 4.655729e-05)
(0.096381229 -0.0022781635 8.4746196e-05)
(0.093851966 -0.0025212314 0.00010374458)
(0.090849668 -0.0025834377 0.00010092027)
(0.087867129 -0.0025620496 7.6568728e-05)
(0.085023007 -0.0024808755 2.848736e-05)
(0.082266155 -0.0023676203 -4.9443136e-05)
(0.079508406 -0.0022542523 -0.00016605606)
(0.076623456 -0.0021802524 -0.00033645848)
(0.073401903 -0.0022140398 -0.00059122425)
(0.069455072 -0.0025169715 -0.00098157978)
(0.063986435 -0.0035354467 -0.0016016822)
(0.055272239 -0.0066536752 -0.0026676973)
(0.041347911 -0.01550009 -0.0049265896)
(0.010128563 -0.020074969 -0.012895942)
(-0.032218232 0.0031169435 -0.01733038)
(-0.05012914 0.0071058443 -0.0093881104)
(-0.065546658 0.0072689893 -0.0039900641)
(-0.071449781 0.0042485842 0.0021941115)
(-0.069638145 -0.00065743514 0.0091515813)
(-0.061980449 -0.0054602444 0.014884108)
(-0.053346856 -0.0098537922 0.018601582)
(-0.045891308 -0.014215738 0.02131478)
(-0.039467909 -0.017686604 0.023905142)
(-0.032481988 -0.018224132 0.026412805)
(-0.024072133 -0.011585983 0.02610999)
(-0.0052496404 0.01600842 0.018492112)
(0.019973207 0.056447452 0.013056516)
(0.06861762 0.10242061 -0.0011041481)
(0.15410951 0.1887155 -0.019424215)
(0.10475513 -0.0022307829 -7.1113768e-05)
(0.11727284 -0.0023747584 -0.00013034757)
(0.12862389 -0.0022836922 -0.00017144018)
(0.13791001 -0.0019270004 -0.0001957497)
(0.14606953 -0.0013660072 -0.00020706692)
(0.15354494 -0.00075928521 -0.00020793144)
(0.16037709 -0.00019802614 -0.00019845006)
(0.16656175 0.00029807903 -0.00017639126)
(0.1721386 0.00073843134 -0.00013668372)
(0.17716439 0.0011357188 -7.2999845e-05)
(0.18170601 0.0014958077 1.0340517e-05)
(0.185826 0.0018001145 9.8292793e-05)
(0.1890397 0.0019775714 0.00013899485)
(0.19109274 0.001115585 4.1763688e-05)
(0.19397466 1.1803111e-05 -0.0005478674)
(0.19917791 0.00033196264 -0.001804098)
(0.20514769 0.0015622811 -0.0033265245)
(0.21028038 0.0028685716 -0.004864548)
(0.21417653 0.0040291479 -0.0065984442)
(0.21752421 0.0050738143 -0.0088290062)
(0.22113621 0.0058478362 -0.011825093)
(0.22565717 0.0062904541 -0.015819529)
(0.2312851 0.0066010208 -0.02094179)
(0.23765185 0.0072028625 -0.027045715)
(0.24373148 0.0085287992 -0.033587799)
(0.24767941 0.010880687 -0.039571059)
(0.24670651 0.014796665 -0.043391471)
(0.23665748 0.022101494 -0.042838723)
(0.21268397 0.03592954 -0.035221385)
(0.11660481 0.067321431 -0.018338041)
(0.099835568 -0.0035591195 -6.5223574e-05)
(0.10014658 -0.0044055781 -0.00011886863)
(0.10148097 -0.0045893505 -0.00015034737)
(0.10348741 -0.0043370241 -0.00015878152)
(0.105944 -0.0038219287 -0.00014612614)
(0.1087298 -0.0032592444 -0.00011214163)
(0.11171831 -0.0027622979 -5.3027786e-05)
(0.11480156 -0.002356762 3.7892053e-05)
(0.11791041 -0.0020431837 0.00016876087)
(0.12101347 -0.0018444516 0.00035356842)
(0.12413295 -0.001837518 0.00060262124)
(0.1274098 -0.0022190401 0.00090217328)
(0.13123354 -0.0034397421 0.0011567743)
(0.13618261 -0.0069943057 0.0010671246)
(0.14272448 -0.011561595 0.00016855682)
(0.15107974 -0.010113471 -0.0013799681)
(0.15787014 -0.0062703735 -0.0021764325)
(0.16228566 -0.0031716825 -0.0019721721)
(0.16531869 -0.0017133737 -0.0013136196)
(0.16759017 -0.0017340571 -0.000473696)
(0.16889586 -0.002692253 0.00060305333)
(0.16934308 -0.0040780311 0.0018122517)
(0.16955801 -0.0052327483 0.0025903754)
(0.17043914 -0.0053192407 0.0022214451)
(0.17349898 -0.0030859653 0.00048340225)
(0.1806574 0.0035936885 -0.0020862143)
(0.19010104 0.016538989 -0.0040458993)
(0.19241395 0.035420672 -0.0022687497)
(0.18594134 0.063227186 0.00633545)
(0.13740538 0.10607735 0.023154601)
(0.10000079 -0.0027913065 -6.4800315e-05)
(0.099859659 -0.0040583957 -0.00011755891)
(0.099485115 -0.0044661625 -0.00014839752)
(0.099040175 -0.004571303 -0.00015527346)
(0.098667103 -0.0045533499 -0.0001384134)
(0.098416287 -0.0044770237 -9.5288846e-05)
(0.098259964 -0.0043872353 -1.9029302e-05)
(0.098137538 -0.0043192989 0.00010133083)
(0.097976963 -0.0043155316 0.00028080017)
(0.097700033 -0.0044557259 0.00055095466)
(0.09722757 -0.0049159486 0.00095482703)
(0.09650735 -0.0060985943 0.0015372771)
(0.09571405 -0.0089278921 0.002286958)
(0.095811437 -0.015363953 0.0029403565)
(0.095641354 -0.026535672 0.0028939941)
(0.098980661 -0.022802506 0.00010352025)
(0.098782332 -0.016296681 -0.0012012221)
(0.094214004 -0.010515251 0.00022534691)
(0.08691971 -0.006257945 0.0035218142)
(0.077444444 -0.0054483963 0.0081883379)
(0.06617188 -0.0085847826 0.013494864)
(0.053471315 -0.014127624 0.017596405)
(0.040603823 -0.019645253 0.018229587)
(0.030884398 -0.023751491 0.015071085)
(0.028218303 -0.026015341 0.010662132)
(0.034637464 -0.023361831 0.010014532)
(0.05689356 -0.0085840861 0.014829607)
(0.084014006 0.017252577 0.021896511)
(0.097112909 0.056008254 0.034129486)
(0.077387238 0.10616672 0.049532838)
(0.097972987 -0.0015354213 -6.3089713e-05)
(0.096381153 -0.0022781747 -0.00011352735)
(0.093852206 -0.0025212675 -0.00014187397)
(0.090851427 -0.0025834374 -0.00014580485)
(0.08787321 -0.0025618025 -0.00012491679)
(0.085038906 -0.0024798331 -7.5643134e-05)
(0.082300827 -0.002364544 1.0855374e-05)
(0.079580013 -0.0022467121 0.0001486036)
(0.076775782 -0.0021622801 0.00036312051)
(0.073731611 -0.0021648778 0.00070948981)
(0.070172626 -0.0023760614 0.0012893414)
(0.065564141 -0.0031102316 0.0023013328)
(0.058773502 -0.0052686027 0.0041598047)
(0.047270695 -0.011603072 0.0077955801)
(0.02707081 -0.026494353 0.014104156)
(-0.026573199 -0.0043134336 0.018473721)
(-0.045440643 0.0042442974 0.013376941)
(-0.064591984 0.0054899855 0.011516296)
(-0.07350727 0.0034493212 0.0088259348)
(-0.072082247 -0.0010711263 0.0034242097)
(-0.06309421 -0.0057129188 -0.0038929953)
(-0.053476735 -0.0093874957 -0.0086624257)
(-0.045928306 -0.012896974 -0.010140864)
(-0.040711442 -0.016706312 -0.0084805028)
(-0.037426166 -0.020313083 -0.0036495542)
(-0.036814851 -0.019822246 0.0049629124)
(-0.041233286 -0.005950666 0.020409323)
(-0.034095358 0.020490783 0.035316409)
(-0.021718823 0.055351908 0.046069585)
(-0.0056047534 0.099131278 0.030836082)
(0.10476854 -0.0022273619 -0.00021784952)
(0.11732065 -0.0023696242 -0.00039884832)
(0.12871235 -0.00227825 -0.00052144913)
(0.13803186 -0.0019235083 -0.00058974978)
(0.14621382 -0.0013679322 -0.00061324809)
(0.15370377 -0.00076980183 -0.00059664287)
(0.16054699 -0.00021902526 -0.00054113091)
(0.16674607 0.00026590542 -0.00045834472)
(0.17234485 0.00069071926 -0.00035347614)
(0.17738701 0.0010677213 -0.00022957215)
(0.18192015 0.0014150509 -9.9415488e-05)
(0.18599508 0.0017358141 -2.2097846e-05)
(0.18918 0.0019835328 -0.00012170215)
(0.19114661 0.0014239488 -0.00052074454)
(0.19335342 0.00044959771 -0.0015867292)
(0.19726572 -8.6781658e-05 -0.0040647127)
(0.20224526 0.00034677767 -0.0078644896)
(0.20652296 0.00096300332 -0.012146658)
(0.2093052 0.00097120477 -0.016219597)
(0.21094821 0.00019839108 -0.019820356)
(0.2120507 -0.0012259848 -0.022887193)
(0.21301025 -0.003140688 -0.025467321)
(0.21397133 -0.0053873751 -0.027715407)
(0.21486869 -0.0077828836 -0.029869031)
(0.21545963 -0.010178104 -0.032093451)
(0.21562682 -0.01222917 -0.034211982)
(0.21543561 -0.012522122 -0.035513821)
(0.21403676 -0.0084139525 -0.034763708)
(0.20653835 0.0035532862 -0.029559536)
(0.14327648 0.033940168 -0.010253358)
(0.099852331 -0.0035556507 -0.00021373093)
(0.100212 -0.0044009495 -0.00039879444)
(0.10160978 -0.0045864889 -0.00052050137)
(0.10367657 -0.0043401524 -0.0005772572)
(0.10618819 -0.0038368041 -0.00057461329)
(0.10903083 -0.0032916449 -0.00051050779)
(0.11208574 -0.0028173257 -0.00037482762)
(0.11524927 -0.0024389602 -0.00015234294)
(0.11845972 -0.0021634905 0.00018111566)
(0.12169019 -0.0020097859 0.00066294309)
(0.12494814 -0.0020281239 0.0013322024)
(0.12831845 -0.0023572691 0.0022137356)
(0.13204191 -0.0033373934 0.0032653325)
(0.13643711 -0.0062093963 0.0042785171)
(0.1419862 -0.010841488 0.0046979916)
(0.1487437 -0.01377845 0.0038609341)
(0.15501478 -0.013008897 0.002990339)
(0.15868029 -0.011283384 0.0035186408)
(0.15955292 -0.010894931 0.0059284082)
(0.15867435 -0.012211705 0.0098594195)
(0.15691865 -0.014541491 0.014666767)
(0.1547227 -0.017309116 0.019476362)
(0.15210355 -0.020177777 0.023275656)
(0.14897461 -0.022894524 0.025172466)
(0.14508316 -0.025645706 0.024618553)
(0.14077285 -0.028698307 0.021549051)
(0.13817769 -0.029648266 0.01946962)
(0.14153608 -0.022290689 0.024468178)
(0.15764832 0.00091876236 0.037001077)
(0.17062732 0.044659836 0.05231558)
(0.10001754 -0.002791356 -0.00021498527)
(0.099925031 -0.0040582588 -0.00040070575)
(0.099616658 -0.0044677377 -0.00052609082)
(0.099239566 -0.0045773913 -0.00058721941)
(0.098934554 -0.0045671182 -0.00058660398)
(0.098760349 -0.0045023454 -0.00051904169)
(0.098699501 -0.004429213 -0.00037039035)
(0.098697882 -0.0043847269 -0.00011888432)
(0.098703999 -0.0044100437 0.00026569691)
(0.098670331 -0.0045769956 0.00083339542)
(0.098537868 -0.0050294951 0.0016608652)
(0.098257202 -0.0060727167 0.0028506841)
(0.09788412 -0.0083688965 0.0044658544)
(0.097841476 -0.013308167 0.0063970216)
(0.098441581 -0.022352206 0.0079556299)
(0.098906388 -0.027618976 0.0075268966)
(0.098544383 -0.02489601 0.0063657246)
(0.093698645 -0.020214301 0.0071384339)
(0.084589706 -0.017357959 0.011139457)
(0.075134132 -0.01789694 0.016295841)
(0.067028621 -0.020826455 0.02126987)
(0.059888982 -0.024748838 0.024796335)
(0.052299997 -0.029190182 0.025146569)
(0.04486579 -0.033412545 0.021614509)
(0.037496805 -0.038163712 0.01392255)
(0.031324007 -0.044674101 0.0020850904)
(0.027520384 -0.050120836 0.0017778877)
(0.03381071 -0.043903118 0.024421101)
(0.057150651 -0.020918737 0.052093877)
(0.089184991 0.019433996 0.08165159)
(0.097989543 -0.0015356848 -0.00020959185)
(0.096445637 -0.0022787481 -0.00038804035)
(0.093982515 -0.0025230492 -0.00050613666)
(0.091050979 -0.0025875313 -0.00055994936)
(0.088144411 -0.0025692842 -0.00055173138)
(0.085393833 -0.0024920837 -0.00047614142)
(0.082764197 -0.0023834355 -0.00031832318)
(0.080191611 -0.0022751415 -5.433242e-05)
(0.077609037 -0.0021996145 0.00035249123)
(0.074919824 -0.0022066634 0.000963605)
(0.071946536 -0.002393825 0.0018869552)
(0.068357476 -0.0029888635 0.0033256538)
(0.063512544 -0.0045834485 0.0056427811)
(0.056088181 -0.008857641 0.0096252664)
(0.044317058 -0.019344021 0.0169775)
(0.020268252 -0.021630788 0.028053266)
(-0.0051829063 -0.0088181091 0.030776118)
(-0.022704007 -0.00055073062 0.024894154)
(-0.024550779 -0.0019573444 0.010574344)
(-0.010734433 -0.0035908828 -0.015895206)
(-0.0050480759 -0.00144518 -0.032867948)
(0.0051319383 0.00036226234 -0.04166224)
(0.011475426 -0.00071855693 -0.044148109)
(0.014859987 -0.003619496 -0.044164808)
(0.013572728 -0.0090912303 -0.042551479)
(0.0067420877 -0.018444972 -0.038187118)
(-0.013788016 -0.03003061 -0.0089475393)
(-0.035307766 -0.01904355 0.041166049)
(-0.04158068 0.0080437115 0.079098117)
(-0.0013421286 0.040242704 0.11297966)
(0.10479414 -0.0022265409 -0.00038550701)
(0.11741687 -0.0023742799 -0.00064497103)
(0.128885 -0.0022970393 -0.00077178844)
(0.13825904 -0.001970564 -0.0008107255)
(0.14646702 -0.001465263 -0.00078931171)
(0.15394884 -0.00095038652 -0.00071425513)
(0.16071442 -0.00053213462 -0.00057178983)
(0.16673268 -0.0002378623 -0.00033807317)
(0.17202248 -8.283518e-05 8.1961174e-07)
(0.17657991 -9.4662526e-05 0.00046357943)
(0.1803259 -0.00032643254 0.0010912437)
(0.1831045 -0.00083849309 0.001921826)
(0.18430571 -0.0017199725 0.0029777717)
(0.18340215 -0.0036808695 0.0043380261)
(0.18145873 -0.0066506127 0.0059833567)
(0.17984616 -0.010615375 0.0075957172)
(0.17909867 -0.014980621 0.0090382325)
(0.17876946 -0.019118928 0.010649118)
(0.17811726 -0.022863177 0.012869112)
(0.17694722 -0.026170262 0.015712688)
(0.17558525 -0.029090112 0.018850077)
(0.17449915 -0.031687029 0.021900125)
(0.17404897 -0.033921289 0.024552201)
(0.17440711 -0.035671024 0.026550544)
(0.17557445 -0.036857703 0.027724565)
(0.17749163 -0.037535503 0.027944298)
(0.18016495 -0.037801259 0.027121239)
(0.1840959 -0.037114233 0.025754393)
(0.19057978 -0.032024038 0.026328931)
(0.19584379 -0.011705592 0.030126858)
(0.099880588 -0.003554926 -0.00037943724)
(0.10033329 -0.0044076385 -0.00065325634)
(0.10184945 -0.0046142423 -0.00079432892)
(0.10402439 -0.0044102241 -0.00084352726)
(0.1066342 -0.0039813318 -0.00081925065)
(0.10957663 -0.0035587942 -0.00071106218)
(0.11273637 -0.0032794337 -0.00049323411)
(0.11601227 -0.0031877278 -0.00012928569)
(0.11934283 -0.0033266565 0.00043116579)
(0.12268274 -0.0037796175 0.0012617304)
(0.12599155 -0.004672488 0.002473152)
(0.12925328 -0.0061667747 0.0041964745)
(0.13251518 -0.0085459258 0.0065688841)
(0.13572115 -0.01279763 0.0096555743)
(0.13898109 -0.019095212 0.013302332)
(0.14247407 -0.026621039 0.017009191)
(0.14572082 -0.032840321 0.020708618)
(0.14761567 -0.036696093 0.024790676)
(0.14774926 -0.038708901 0.029281205)
(0.14643942 -0.039515695 0.034065124)
(0.14426965 -0.039849116 0.038769406)
(0.14181517 -0.040263972 0.042972254)
(0.13950067 -0.040894839 0.046260495)
(0.13752037 -0.041609157 0.048212485)
(0.13582318 -0.042364432 0.048475872)
(0.13457974 -0.043534603 0.046638503)
(0.13440258 -0.045761787 0.042610022)
(0.13873217 -0.048588657 0.037452383)
(0.15513435 -0.046966246 0.037920333)
(0.20917463 -0.030435343 0.051921366)
(0.10004463 -0.0027944259 -0.00038473631)
(0.10004204 -0.004065089 -0.00066536255)
(0.099853143 -0.0044843268 -0.0008215542)
(0.099592582 -0.0046128016 -0.00089163261)
(0.099401009 -0.0046341959 -0.00089271492)
(0.09935004 -0.0046216673 -0.00081547556)
(0.099431777 -0.0046338938 -0.00063784186)
(0.099602811 -0.0047253217 -0.00032721826)
(0.099822072 -0.0049655725 0.00016806934)
(0.10006246 -0.0054658051 0.00092712572)
(0.10030119 -0.0063984356 0.0020670478)
(0.10045866 -0.0080405157 0.0037483495)
(0.10043668 -0.010886619 0.0062304503)
(0.10020336 -0.015852387 0.0098062013)
(0.099895879 -0.023944256 0.014473543)
(0.099447032 -0.033362989 0.019356742)
(0.098606286 -0.038980569 0.023296768)
(0.096718172 -0.040193048 0.025323894)
(0.094337994 -0.039108857 0.025741683)
(0.091007148 -0.037290288 0.027753131)
(0.086805011 -0.036309658 0.031370766)
(0.082183225 -0.036688838 0.034905911)
(0.077781017 -0.038198031 0.036890572)
(0.074337888 -0.04028718 0.036411196)
(0.071921332 -0.042858818 0.032963045)
(0.071900063 -0.04612561 0.025631399)
(0.07363228 -0.051369648 0.01558885)
(0.080771482 -0.058811401 0.0052164402)
(0.095386442 -0.064886162 0.0081658974)
(0.13951768 -0.061255598 0.038810544)
(0.098016095 -0.0015342322 -0.00037542984)
(0.096559561 -0.0022754734 -0.00064469225)
(0.094212908 -0.0025203829 -0.00079114615)
(0.091396227 -0.0025891042 -0.00085291931)
(0.088602562 -0.0025800375 -0.00084790887)
(0.085977329 -0.0025197242 -0.00076843792)
(0.08350015 -0.0024398127 -0.00059473227)
(0.081125524 -0.0023772262 -0.0002976433)
(0.078808413 -0.0023727188 0.00016688577)
(0.076495182 -0.0024864595 0.00086217252)
(0.074114138 -0.0028297025 0.0018830161)
(0.071486578 -0.0036087592 0.0033665703)
(0.068252253 -0.0052300354 0.0056172429)
(0.063797365 -0.0086138812 0.0092575391)
(0.057479981 -0.015625042 0.015310138)
(0.04802085 -0.023957595 0.023849097)
(0.038015757 -0.024813496 0.025605633)
(0.034749711 -0.019411676 0.0084130557)
(0.041059936 -0.010637713 -0.025325404)
(0.043980296 0.00047889283 -0.052996949)
(0.047931762 0.0095492488 -0.070047607)
(0.053639501 0.015002844 -0.078836203)
(0.059770391 0.016951883 -0.082310792)
(0.065089713 0.016030856 -0.082424968)
(0.068427389 0.012598385 -0.079896859)
(0.068666021 0.0065998997 -0.074561025)
(0.066653432 -0.0024406222 -0.066121751)
(0.068070102 -0.013871985 -0.055797547)
(0.066082072 -0.0234258 -0.027749315)
(0.088785045 -0.016415295 0.038425629)
(0.10491694 -0.0022089765 -0.0010288431)
(0.11773368 -0.0023602408 -0.0014619694)
(0.12928375 -0.0023095493 -0.0015042305)
(0.13862664 -0.0020318147 -0.0013311954)
(0.14674953 -0.0015889175 -0.00096942831)
(0.15415311 -0.0011398052 -0.00038583784)
(0.16089074 -0.00080203763 0.00046482122)
(0.16690001 -0.00064806278 0.0016972469)
(0.17213985 -0.00073215503 0.0035318584)
(0.17659003 -0.0011248003 0.0062226906)
(0.18020578 -0.0019192479 0.010081162)
(0.18289051 -0.0032167608 0.015426171)
(0.18420872 -0.005071826 0.022427547)
(0.183927 -0.0079341321 0.030852577)
(0.18319861 -0.011317225 0.039994674)
(0.18324996 -0.01473649 0.048746864)
(0.1844406 -0.017526792 0.056060377)
(0.18624255 -0.019128615 0.061566302)
(0.18772796 -0.01963843 0.065513289)
(0.18834129 -0.019633653 0.068290847)
(0.18822 -0.019668298 0.070128046)
(0.18794846 -0.019913797 0.071144908)
(0.18811551 -0.020287925 0.071408713)
(0.18908137 -0.020659025 0.070946022)
(0.19096734 -0.02092383 0.069719899)
(0.1937433 -0.020930833 0.067597933)
(0.19725721 -0.020239486 0.064304082)
(0.20112833 -0.017573695 0.059415067)
(0.20445486 -0.0093781243 0.052432219)
(0.19462176 0.014277781 0.042431498)
(0.10000273 -0.0035457 -0.001079929)
(0.10068198 -0.004413041 -0.0016505649)
(0.10231165 -0.0046623452 -0.0018778978)
(0.10447581 -0.00452802 -0.0019616674)
(0.10703069 -0.0041877027 -0.0019497054)
(0.10993074 -0.003866417 -0.0018275491)
(0.11309417 -0.0037253291 -0.0015639588)
(0.1164442 -0.0038778803 -0.0010993801)
(0.11995504 -0.0044278699 -0.00033080335)
(0.12360198 -0.0055087692 0.00089994619)
(0.12736035 -0.0072967413 0.0027702538)
(0.13125487 -0.0099806621 0.0055133402)
(0.13538463 -0.013671383 0.0093870242)
(0.13976234 -0.018800095 0.014340491)
(0.14459915 -0.024643024 0.019799751)
(0.1501759 -0.030034713 0.024550412)
(0.15614965 -0.033429487 0.027540272)
(0.1616228 -0.033700944 0.029039262)
(0.16553634 -0.031272809 0.030045869)
(0.16749081 -0.027639472 0.031249814)
(0.1679901 -0.024326086 0.032736919)
(0.16794507 -0.021942225 0.034313583)
(0.16801074 -0.020355479 0.035687861)
(0.16847225 -0.019315139 0.036457618)
(0.16950879 -0.018828837 0.036110773)
(0.17152493 -0.018989721 0.034052518)
(0.17550345 -0.019691942 0.029659128)
(0.18371426 -0.020070462 0.022046326)
(0.20183998 -0.017987002 0.0096057951)
(0.25863176 -0.0070683689 -0.0060900598)
(0.10016245 -0.0028004811 -0.0010995668)
(0.10037508 -0.0040788333 -0.0016945504)
(0.1002909 -0.0045192771 -0.0019642054)
(0.10000668 -0.0046807975 -0.002114523)
(0.099731188 -0.0047476421 -0.0022093425)
(0.099578895 -0.0048000914 -0.0022541924)
(0.099561458 -0.0049136889 -0.0022503953)
(0.099654353 -0.0051726779 -0.002205341)
(0.099844691 -0.0056789892 -0.0021433804)
(0.10013788 -0.0065942206 -0.0020590731)
(0.10056253 -0.008164535 -0.0018576981)
(0.10126364 -0.010705732 -0.001322304)
(0.10252165 -0.014597127 -0.00032883779)
(0.10449354 -0.020365819 0.00088328959)
(0.10747446 -0.027471225 0.0016631125)
(0.11186791 -0.034281765 3.8367898e-05)
(0.11759787 -0.038566837 -0.0054878544)
(0.1243596 -0.037950654 -0.013279812)
(0.13062915 -0.033640197 -0.020790145)
(0.13513695 -0.028337978 -0.026391828)
(0.13779838 -0.024187885 -0.029674482)
(0.13931002 -0.020892048 -0.032188467)
(0.14125789 -0.018723194 -0.034388959)
(0.14413634 -0.017673208 -0.036705345)
(0.14771453 -0.017642535 -0.039396112)
(0.15086431 -0.01888099 -0.041916681)
(0.15372755 -0.02100038 -0.044470056)
(0.15757817 -0.023601277 -0.047437105)
(0.16534905 -0.026713832 -0.052496037)
(0.19050121 -0.029955192 -0.061798692)
(0.098131208 -0.0015397111 -0.0010739461)
(0.096885965 -0.0022868091 -0.0016499333)
(0.094641379 -0.0025406616 -0.0019050949)
(0.091799929 -0.0026204961 -0.0020381104)
(0.088920314 -0.0026256464 -0.0021126004)
(0.086189836 -0.0025854823 -0.0021379494)
(0.083605593 -0.00253651 -0.0021229191)
(0.081136218 -0.0025250488 -0.0020866568)
(0.078751364 -0.0026096933 -0.0020651863)
(0.076395304 -0.002888408 -0.002122901)
(0.073936069 -0.0035420463 -0.0023814697)
(0.071189453 -0.0048851875 -0.0030625259)
(0.067856503 -0.0073006233 -0.0044463029)
(0.063561645 -0.010668949 -0.0070958396)
(0.058774869 -0.01330151 -0.013025342)
(0.055685365 -0.012140519 -0.025099608)
(0.057232377 -0.0057043594 -0.04303748)
(0.063236147 0.0041901947 -0.062761346)
(0.070243835 0.014780104 -0.079767967)
(0.076575785 0.024028316 -0.092385105)
(0.083160089 0.030991691 -0.10073683)
(0.09077633 0.03474307 -0.1048591)
(0.098333448 0.035487453 -0.10614933)
(0.10500186 0.033936016 -0.10576875)
(0.11032766 0.03083996 -0.10416943)
(0.11425305 0.026576021 -0.10122194)
(0.11743599 0.021244499 -0.096369545)
(0.12038965 0.015557149 -0.090370901)
(0.12549008 0.010164864 -0.085263668)
(0.14929073 0.0063761 -0.081532118)
(0.10365379 -0.0022113628 -0.00087222655)
(0.11561136 -0.0023566794 -0.00131058)
(0.12590649 -0.0022287426 -0.0014031192)
(0.13389278 -0.0017850332 -0.0012928934)
(0.1408319 -0.0010789012 -0.00099831841)
(0.1472986 -0.00026177862 -0.00048352559)
(0.15347404 0.00058118117 0.00028460471)
(0.15962133 0.0013784387 0.0013977019)
(0.1658959 0.0021871553 0.0030749962)
(0.17256678 0.0031628966 0.0055921397)
(0.17982231 0.004567475 0.0092965094)
(0.1874664 0.0067664745 0.014576546)
(0.1943619 0.010186042 0.021732288)
(0.19919599 0.014524912 0.030775634)
(0.20174363 0.019630517 0.041242299)
(0.20243033 0.024730025 0.052222986)
(0.20172279 0.029150137 0.062575317)
(0.19999689 0.032588349 0.071334406)
(0.1975154 0.034987597 0.078045041)
(0.1946149 0.036346277 0.082732307)
(0.19183086 0.036723761 0.085673569)
(0.18975534 0.036298942 0.087195798)
(0.18879811 0.035309223 0.087576323)
(0.18907551 0.033987488 0.087008237)
(0.19040638 0.032549129 0.085587553)
(0.19228871 0.031244547 0.083281762)
(0.19372264 0.030494202 0.079858057)
(0.19275339 0.03117084 0.074765059)
(0.1859178 0.035253393 0.067010961)
(0.14589019 0.04872691 0.054407565)
(0.09870752 -0.0035380455 -0.00085149398)
(0.098437031 -0.0043742274 -0.001288674)
(0.098670953 -0.0044999883 -0.0014780748)
(0.09925573 -0.0041303326 -0.0015739746)
(0.10030668 -0.0034362456 -0.0016068247)
(0.10186167 -0.0026380301 -0.0015659919)
(0.10389106 -0.0018734896 -0.0014336288)
(0.106437 -0.001273283 -0.0011713817)
(0.1099684 -0.00057840754 -0.00067948576)
(0.11487997 0.00053892449 0.00020545201)
(0.12192971 0.0027452767 0.0017369689)
(0.13163045 0.0070594474 0.0042841426)
(0.14383618 0.014472071 0.0083332219)
(0.15716963 0.024460435 0.014183432)
(0.16977919 0.036360335 0.021662744)
(0.18025404 0.048446732 0.029926244)
(0.18785853 0.059370831 0.037866774)
(0.19236635 0.068626004 0.044668623)
(0.19398511 0.075962654 0.050085322)
(0.19340241 0.081070851 0.054206197)
(0.19169516 0.083836267 0.05719327)
(0.18990517 0.084571619 0.059137434)
(0.18868719 0.083812099 0.060082983)
(0.18828567 0.082092911 0.060065303)
(0.18864091 0.079839529 0.05908285)
(0.18944145 0.077459132 0.056999998)
(0.19000184 0.075676827 0.053378909)
(0.18895748 0.076085569 0.047177989)
(0.18483549 0.081992736 0.036194273)
(0.15684985 0.098539662 0.015856965)
(0.098858365 -0.0027729725 -0.00087719802)
(0.098109981 -0.0040274764 -0.0013344963)
(0.096578695 -0.0044275286 -0.0015429854)
(0.094590915 -0.0045155904 -0.0016715607)
(0.092603721 -0.0044705547 -0.0017726367)
(0.090800437 -0.0043698 -0.0018582181)
(0.089181275 -0.0042979209 -0.0019427692)
(0.087671987 -0.0043623258 -0.002055487)
(0.086272231 -0.0044045134 -0.0022575741)
(0.085193458 -0.0043317976 -0.0025969631)
(0.084854475 -0.0039213399 -0.0030395207)
(0.086708813 -0.00205034 -0.003278863)
(0.093766316 0.0040560029 -0.0027038202)
(0.1063854 0.016365089 -0.00094117305)
(0.12242641 0.033366276 0.0021601527)
(0.13862835 0.051580033 0.005722969)
(0.15304951 0.068447555 0.0087439225)
(0.16430862 0.082020933 0.010840254)
(0.17191343 0.092239094 0.012256391)
(0.17629247 0.09929007 0.013456371)
(0.17861484 0.1033735 0.014783947)
(0.18004273 0.10479844 0.016236429)
(0.18120364 0.10404156 0.017412245)
(0.18221708 0.10163502 0.017965019)
(0.18289274 0.098048219 0.017768191)
(0.18296429 0.093720122 0.016639568)
(0.18212788 0.089344271 0.0142268)
(0.17984261 0.086507314 0.0097270032)
(0.1762515 0.088811502 0.0017021902)
(0.15565048 0.10266749 -0.012806433)
(0.09688349 -0.0015128778 -0.00084307445)
(0.094735532 -0.0022312344 -0.0012622817)
(0.091115345 -0.0024532239 -0.0014317359)
(0.086651017 -0.0024897926 -0.0015191656)
(0.082145288 -0.0024369235 -0.0015801674)
(0.077843395 -0.0023210353 -0.0016297103)
(0.073715257 -0.0021768805 -0.0016877533)
(0.0696739 -0.0020467599 -0.0017918361)
(0.065602464 -0.0019505661 -0.0020063903)
(0.061307896 -0.0019986074 -0.0024394955)
(0.056427709 -0.0025469802 -0.003276103)
(0.05053119 -0.0037661812 -0.0048479766)
(0.042975448 -0.0042101323 -0.0077227788)
(0.037409703 0.001439783 -0.011943677)
(0.041291571 0.01633459 -0.016753834)
(0.05376071 0.034185539 -0.021554642)
(0.069563646 0.049415783 -0.026555231)
(0.085358434 0.060869279 -0.031829252)
(0.099424242 0.06923405 -0.036921283)
(0.1112697 0.075091493 -0.040940206)
(0.12128337 0.078681522 -0.043532647)
(0.12999391 0.080062483 -0.044889117)
(0.13760658 0.079427899 -0.045285933)
(0.14395094 0.077120972 -0.045067057)
(0.14870473 0.073551473 -0.04455024)
(0.15166154 0.069187228 -0.044062776)
(0.15294586 0.064645415 -0.043955573)
(0.15325398 0.06116308 -0.044597593)
(0.15618619 0.061594085 -0.045896144)
(0.17022959 0.071973656 -0.04689284)
)
;

boundaryField
{
    maxY
    {
        type            fixedValue;
        value           uniform (0 0 0);
    }
    minX
    {
        type            fixedValue;
        value           uniform (0.1 0 0);
    }
    maxX
    {
        type            inletOutlet;
        inletValue      uniform (0 0 0);
        value           nonuniform List<vector> 
40
(
(0.14191466 0.047476657 -0.05301202)
(0.1528527 0.096919142 -0.015708938)
(0.15289689 0.10131447 0.012131675)
(0.16823396 0.071552662 0.045465458)
(0.19264744 0.011421093 -0.038034428)
(0.25416459 -0.01001868 0.0058403019)
(0.1881349 -0.031934829 0.055385161)
(0.14988749 0.0064212107 0.074437924)
(0.18876661 -0.015799553 -0.029169658)
(0.19766305 -0.022821636 -0.062537056)
(0.12343222 -0.048118693 -0.061303331)
(0.071724981 -0.0052952035 -0.054190663)
(0.13585807 0.036457209 0.021820547)
(0.15655846 0.064792741 -0.051383613)
(0.072551762 0.059172029 -0.076229698)
(0 0 0)
(0.09400826 0.082966883 -0.00016917522)
(0.10249326 0.14447326 -0.014146119)
(0.043080627 0.19701226 -0.015985807)
(0.15410951 0.1887155 -0.019424215)
(0.11660481 0.067321431 -0.018338041)
(0.13740538 0.10607735 0.023154601)
(0.077387238 0.10616672 0.049532838)
(0 0 0)
(0.14327648 0.033940168 -0.010253358)
(0.17062732 0.044659836 0.05231558)
(0.089184991 0.019433996 0.08165159)
(0 0 0)
(0.19584379 -0.011705592 0.030126858)
(0.20917463 -0.030435343 0.051921366)
(0.13951768 -0.061255598 0.038810544)
(0.088785045 -0.016415295 0.038425629)
(0.19462176 0.014277781 0.042431498)
(0.25863176 -0.0070683689 -0.0060900598)
(0.19050121 -0.029955192 -0.061798692)
(0.14929073 0.0063761 -0.081532118)
(0.14589019 0.04872691 0.054407565)
(0.15684985 0.098539662 0.015856965)
(0.15565048 0.10266749 -0.012806433)
(0.17022959 0.071973656 -0.04689284)
)
;
    }
    minZ
    {
        type            fixedValue;
        value           uniform (0 0 0);
    }
    maxZ
    {
        type            fixedValue;
        value           uniform (0 0 0);
    }
    topAir_to_rightSolid
    {
        type            fixedValue;
        value           uniform (0 0 0);
    }
    topAir_to_heater
    {
        type            fixedValue;
        value           uniform (0 0 0);
    }
    topAir_to_leftSolid
    {
        type            fixedValue;
        value           uniform (0 0 0);
    }
}


// ************************************************************************* //
