/*--------------------------------*- C++ -*----------------------------------*\
| =========                 |                                                 |
| \\      /  F ield         | OpenFOAM: The Open Source CFD Toolbox           |
|  \\    /   O peration     | Version:  v2012                                 |
|   \\  /    A nd           | Website:  www.openfoam.com                      |
|    \\/     M anipulation  |                                                 |
\*---------------------------------------------------------------------------*/
FoamFile
{
    version     2.0;
    format      ascii;
    class       volVectorField;
    location    "760/bottomWater";
    object      U;
}
// * * * * * * * * * * * * * * * * * * * * * * * * * * * * * * * * * * * * * //

dimensions      [0 1 -1 0 0 0 0];


internalField   nonuniform List<vector> 
1460
(
(-0.00023492979 -0.015267602 0.00062114927)
(-0.0033187843 -0.012862996 0.00060918277)
(-0.0019228441 -0.010391834 0.0012634967)
(0.0012436588 -0.011230251 0.00062861605)
(0.0022273035 -0.018377356 0.00071104439)
(0.0007562524 -0.020113772 0.0013740335)
(-0.00083729945 -0.013491527 0.0024299825)
(0.00069673532 -0.011177393 0.0017437942)
(0.003392978 -0.011293187 0.0019415664)
(0.0040743937 -0.013524632 0.0014378763)
(0.0018346651 -0.015197314 0.001118698)
(-5.2418174e-05 -0.016504457 0.001875864)
(-0.00098753826 -0.016810965 -0.00042825903)
(-0.0023710154 -0.015806167 -0.0021951886)
(-0.0024130376 -0.015917977 -0.0022123505)
(-0.0034928079 -0.015104187 -0.00098850519)
(-0.0049425001 -0.014104652 -0.00012471776)
(-0.0047226059 -0.012045542 0.00089983856)
(-0.0038102726 -0.012221842 0.0012415052)
(-0.0017929772 -0.012778697 0.0012287109)
(-2.3745146e-05 -0.012628244 0.0014837367)
(0.0011704272 -0.014523751 0.00045810864)
(0.0018932016 -0.012875119 0.0014656732)
(0.0027304353 -0.017822556 0.0019057914)
(-0.0019152817 -0.016388114 0.0011927349)
(-0.0035680103 -0.015162689 0.0012858599)
(-0.0032884144 -0.012099172 0.00089139519)
(-0.0016929338 -0.012595877 0.00038872209)
(0.001519824 -0.011915774 0.0021929981)
(0.0021969977 -0.018601106 0.0023353618)
(-0.0026216799 0.016843007 0.0012762715)
(-0.0043226309 0.014351449 0.0014118181)
(0.0015465503 -0.00056957774 0.0010877588)
(0.0025269577 0.0013143686 0.00045712191)
(0.0065152677 0.015997381 0.0013287201)
(0.00084058188 0.020719325 0.0026157248)
(-0.0030815819 0.0089609116 0.002212352)
(-0.0011829818 0.00086547262 0.00011350631)
(0.0023430733 0.0027426207 -5.7577435e-05)
(0.0059616771 0.013520321 0.0015744309)
(0.0036541261 0.01668013 0.0019003581)
(0.0022612222 0.01575833 0.0023159696)
(0.0034538499 0.017977857 0.00046534536)
(-1.5809272e-05 0.016636644 -0.0038938995)
(-0.002562732 0.017326005 -0.0034135094)
(-0.0044666183 0.017309634 -0.00032445467)
(-0.0065338721 0.014872154 0.0013519071)
(-0.003465113 0.0049667937 0.00047306869)
(-0.0037626448 0.0028210761 0.0012790914)
(-0.00090801166 0.00031847762 0.00080015213)
(0.00013280024 0.0015040983 0.00063528023)
(0.0037274468 0.0086539067 0.0017189542)
(0.0034776099 0.0037994073 0.0013258458)
(0.0081462212 0.016747058 0.0029310363)
(-0.0012274338 0.018276571 0.0024100307)
(-0.0060454617 0.012682638 0.0023672548)
(-0.0036799114 0.0045177678 0.00083848056)
(-0.00031213594 0.001836764 0.00039615248)
(0.0012559788 -0.0019621669 0.00086182165)
(0.004143928 0.017813316 0.0041103928)
(-0.0010978664 -0.0012424926 0.0001062886)
(0.0045420315 -0.012885656 0.00056148384)
(0.0037720097 -0.013498172 0.00026358732)
(0.0010958406 -0.013043438 -0.00017961611)
(0.00068244665 -0.01654823 0.0018612881)
(0.0032235114 -0.0057750209 0.002141726)
(0.0024590652 -0.013558905 -0.001942924)
(-0.00097368091 -0.013096221 -0.0033947793)
(-0.00085693135 -0.013976944 -0.0026641235)
(-0.00085690449 -0.01297193 -0.0002303891)
(0.0021957104 -0.0082484955 0.00059773893)
(0.0007040106 -0.016690638 0.0010304733)
(0.0012595178 -0.0084302155 0.0033133256)
(0.00055023276 0.001646175 0.00022459117)
(0.001541036 -0.0029807475 -0.0010183887)
(0.00035204509 -0.001762562 0.00018727298)
(0.0037500767 -0.013161515 -0.0016436848)
(0.0017039425 -0.014957242 -0.0036105821)
(-0.0022120032 -0.012758784 -0.00074132618)
(-0.00046744734 -0.013733301 -0.0010987784)
(-0.001436372 -0.013707601 -0.0013936693)
(0.0029545463 -0.013503145 0.001146946)
(-0.00113773 -0.016035745 -0.0018277338)
(-0.0021718947 -0.014121644 0.00031009204)
(-0.00037930474 0.0049240241 -0.00040428564)
(0.0013629651 -0.015279882 -0.0022183193)
(-0.001419883 -0.013835686 -0.00055662997)
(0.00022035576 -0.013591581 -0.0014549925)
(-0.0012656885 -0.014771055 -0.0015901227)
(-0.0012878023 -0.017076982 -0.00077574659)
(0.0017465792 0.0076256691 0.0011925386)
(0.0035622733 0.0034432514 0.0014154922)
(0.0015956661 -0.0015906592 -0.00029881793)
(0.0018276357 -0.00087211878 -0.0020688607)
(0.001102403 0.011023286 -0.00015918176)
(0.00093430631 0.0094564334 -0.00071453653)
(-0.00022258493 0.010702385 -0.0034643497)
(0.0010997524 -0.0021862162 -0.0035693519)
(0.0012072394 -0.0047868317 -0.0033049458)
(0.0011024527 0.0043480784 -0.003221564)
(0.002854314 0.009699735 -0.0028498669)
(0.0016691213 0.012703482 -0.0028850442)
(-0.003227297 0.010445924 0.0021222474)
(-0.00011435235 0.0087570598 0.00034464342)
(0.0011021916 0.0086336954 -0.00097581236)
(0.0011877454 0.0073066754 0.0021330642)
(0.0022524596 0.012037846 -0.0022903887)
(0.0016801576 0.012005566 -0.0019836748)
(0.00020349691 0.0022910717 0.00060945356)
(0.0001414407 -0.0047640374 -0.00087447948)
(-0.0013731651 -0.0045775294 -0.00061290332)
(0.0010223997 0.0051680404 -0.001060648)
(-2.042967e-05 0.011627864 -0.00033265373)
(-0.0041126791 0.011552993 -0.002848848)
(-0.00029327692 0.0076022564 -0.00073415767)
(0.0034911046 0.010777906 -0.0034122464)
(-0.0014992529 0.0031152 -0.00018800967)
(0.0015935325 -0.00270634 -0.0026673862)
(0.00035964068 -0.0043276373 -0.0020288871)
(0.0029457112 0.0097230193 -0.002167528)
(0.0010069309 -0.0071831921 -0.00015551666)
(0.0011909955 -0.010711647 -0.0013653726)
(-0.0018753246 -0.0099297964 -0.0046020276)
(-0.0037659287 -0.0090669738 -0.0053665567)
(-0.0037261468 -0.010117781 -0.0045888496)
(0.0016137815 -0.0020553875 -0.001696691)
(0.0043258629 -0.0092833687 -0.0025195959)
(0.0044077663 -0.010435921 -0.0041173585)
(-0.00072319571 -0.010694792 -0.0044605068)
(-0.0047544133 -0.0088563563 -0.0019159312)
(-0.0042029428 -0.0046313882 -0.00067914355)
(-0.0007349255 -0.00032085646 0.00075063969)
(-0.00019475361 -0.0034087233 0.0026745569)
(0.00080306527 -0.0011861111 0.0011526291)
(0.0017954359 -0.0016094736 0.0012798052)
(0.0031229373 -0.0054427862 0.0013361073)
(0.0036215283 -0.0089898737 -5.1889181e-05)
(0.005647225 -0.010443089 -0.00097012795)
(0.0051352625 -0.010376392 -0.00276618)
(0.0033261134 -0.0097609526 -0.0029819494)
(-0.0047853851 -0.010266815 -0.0023743868)
(-0.0068187186 -0.00979878 -0.0024786292)
(-0.0049920316 -0.0071517976 -0.001533596)
(-0.0027775439 -0.0061739505 -0.0019937342)
(0.00093418644 -0.0020800178 -0.0027771704)
(0.0042948553 -0.0063803758 -0.0027463564)
(0.0056113471 -0.0083469755 -0.003839494)
(0.0047941577 -0.0096214168 -0.0042212415)
(-0.00070947081 -0.010588817 -0.0043903527)
(-0.0025727115 -0.0095603051 -0.0030073707)
(-0.00025516139 -0.015182614 -0.00077283066)
(-0.0026213628 -0.012303257 -0.0017093826)
(-0.0026631116 -0.011088232 0.00047882735)
(0.0011028112 -0.011234746 0.0015140309)
(0.0026427143 -0.016016948 0.00087737403)
(0.0027124808 -0.016837131 6.2791715e-05)
(0.0021746001 -0.016074638 0.00075285844)
(0.0025023025 -0.014813263 0.00077206932)
(0.0015687966 -0.014999618 -0.00086782733)
(0.0003733895 -0.015218627 0.00014799895)
(-0.001213704 -0.015948027 -2.8779452e-05)
(-0.0026170429 -0.015080966 0.001137002)
(-0.0039813562 -0.014076726 -0.00013322322)
(-0.0024214769 -0.011193655 0.00059202889)
(0.00021933285 -0.011857454 -0.00045837937)
(0.0017741994 -0.016775366 -0.001641584)
(-0.00037333193 -0.018418938 -0.00058635647)
(-0.0031616164 -0.016527866 0.0022483674)
(-0.0036166801 -0.015993529 0.0031968293)
(-0.0021943667 -0.012709947 0.0036477816)
(-0.0017984831 -0.012891043 0.0035227236)
(0.0015093468 -0.012752941 0.0017372313)
(0.0027810761 -0.015316838 0.0030989929)
(0.002183885 -0.016381045 0.0031692174)
(-0.00086266022 -0.017676806 0.0023746853)
(-0.0026218636 -0.015464241 0.0021317416)
(-0.0033183141 -0.014372979 0.0022832777)
(-0.00029700039 -0.011283536 0.0016430513)
(0.0020437936 -0.013647328 0.0033227167)
(0.00038284333 -0.016898859 0.0025114561)
(-0.0010871288 0.016750901 -0.001324854)
(-0.0027667587 0.014619404 -0.0022370058)
(0.0014573448 0.0064164946 0.0012467048)
(0.0038732643 0.0022415948 0.0023041733)
(0.0063807946 0.013014879 0.0026134967)
(0.0053885364 0.018309123 0.0025354039)
(0.0010829619 0.017617027 0.0046899001)
(-0.0011055226 0.016601544 0.003065004)
(0.0009253048 0.017768992 -0.00044307351)
(0.0024461798 0.017519381 0.00041072193)
(-0.002435422 0.017751399 0.0013467152)
(-0.0039384799 0.016888998 0.0010169729)
(-0.0042859558 0.013299988 -0.00051690866)
(0.00024295959 -0.001011232 6.0231042e-05)
(0.00046412055 0.00069161572 0.0011175394)
(0.005960862 0.015313913 -0.0019620836)
(0.0032963485 0.019374697 0.0006609467)
(-0.0062935945 0.017285496 0.0048158659)
(-0.0054085538 0.013803077 0.0039667141)
(-0.0026250493 0.0059252534 0.0029106117)
(0.0003587518 0.0084380426 0.0023398195)
(0.0035291106 0.0029141476 -0.00059836627)
(0.0074128316 0.013383322 0.0020401767)
(0.0072488169 0.017859792 0.0033013209)
(0.00021072513 0.01913679 0.0032507499)
(-0.0060879898 0.017035976 0.0036203296)
(-0.0042064431 0.011320424 0.0019563976)
(-0.00060007366 -3.1126076e-05 0.0011896303)
(0.004693172 0.013803294 0.0055248249)
(0.0035355902 0.018545497 0.005592515)
(0.0016558775 -0.0037047468 -0.00052728047)
(0.005352612 -0.0096702256 0.0015474644)
(0.0054894518 -0.013235398 -0.0003955327)
(0.0040889575 -0.014636605 -0.00034833238)
(-0.0043820302 -0.015088032 -0.0030745321)
(0.0032075649 0.0028495645 0.0016721937)
(0.0014023284 0.002344067 0.0031366828)
(0.001623965 -0.0070789448 0.0036475059)
(-0.0019992264 -0.016679966 0.0052150909)
(-0.0011417442 -0.00015688448 0.002343246)
(-0.001229838 0.0018746818 0.0017671882)
(0.00027975768 -0.004410504 -0.00019252237)
(0.0048992687 -0.014790416 0.00032438013)
(0.0025635596 -0.014854682 0.00042932281)
(-0.0024968491 -0.013101598 0.0041580909)
(-0.0026906764 -0.014889121 0.003167526)
(0.0020937387 0.0072718716 -0.00025962131)
(-0.0031497384 0.001979522 0.00016005721)
(0.0010983088 -0.015536319 -0.0031342793)
(-0.0027626608 -0.013840193 -0.0015003768)
(0.0012395462 -0.013483454 -0.0032148889)
(0.0013000166 -0.015815801 -0.0046840792)
(-0.0036493039 -0.014367676 -0.0049297591)
(0.0014993032 0.0025947704 0.00037673184)
(0.00086559661 0.0074503962 0.00042924615)
(-0.00047197708 0.00327418 0.0012209476)
(0.0031934692 -0.015117046 -0.0028100877)
(-0.0026034561 -0.014682405 -0.0017408773)
(-0.0041502951 -0.012811738 -0.0011710924)
(0.0016803277 0.0026939452 0.0025629029)
(0.0019380529 0.0025476884 0.00017257908)
(0.0046818455 0.0048654443 0.00074998097)
(0.0047753594 0.0083585989 0.0019946721)
(0.0050798022 0.01011226 0.0011468135)
(-0.0027771542 0.011446821 -0.002940774)
(-0.001512896 0.0078155312 0.00030707207)
(0.0017733607 0.0079525581 0.00097544214)
(0.0033388648 0.009183243 0.0027310436)
(-0.0001631489 0.012916029 0.0032708329)
(-0.002948124 0.0081291143 0.0012623959)
(-0.00011608065 0.0088793477 -0.00039946547)
(0.0026883567 0.0075467805 -0.0029147023)
(0.0022506045 0.011229126 -0.0025593799)
(-0.0024846638 0.0085997322 0.0015199099)
(3.1315174e-06 0.0028079015 0.0020331084)
(-0.0021253779 0.011472993 0.002325113)
(0.0006785107 0.010249578 -0.00033647443)
(0.0027021417 0.0081852068 0.00011107777)
(0.0023552568 0.010277481 0.002994311)
(-0.0024742677 0.001392076 0.0020368104)
(-0.0014656832 -0.0024681517 -0.00073358102)
(0.00014291047 0.010521117 -0.0017605731)
(-0.0040121296 0.010449708 -0.0016002567)
(-0.0024842964 0.0078272807 -0.0016343572)
(0.00078342552 0.01109135 8.8239607e-05)
(0.0036307635 0.0079442801 -0.00092014398)
(0.0031883027 0.010761629 -0.00060348161)
(-0.00074243021 0.0038111413 -0.00086945158)
(-0.0023438587 0.004494985 -0.0013735381)
(-0.001411991 0.0077950709 0.00077049223)
(-0.0023956303 -0.01008998 -0.0032665753)
(-0.0032040331 -0.0088070897 -0.0048814009)
(-0.0041840373 -0.0072614164 -0.0050489558)
(-0.0021787568 -0.0034143185 -0.0037813948)
(-0.0019048729 -0.0013731613 -0.0038790558)
(0.0016533418 -0.0010965062 -0.0019252901)
(0.0024918631 -0.0044067015 -0.0018128619)
(0.0015492668 -0.0090695268 -0.004233708)
(-0.00038939503 -0.00940683 -0.0031242578)
(-0.0013504087 -0.00097401527 0.00014358282)
(0.001734557 -0.0044613909 0.00087441962)
(-0.001301171 -0.0079964951 0.0046408526)
(1.3030845e-05 -0.0031838187 0.0025317878)
(0.0024882254 -0.0086779127 0.0040943329)
(-0.0013721585 -0.010717785 0.0013979532)
(-0.0039781826 -0.009916219 -0.0014328708)
(-0.00040878309 0.001809601 -0.00084319447)
(0.0025499411 -0.00030335609 -0.0013866201)
(0.0036991371 -0.0032624841 -0.0028537669)
(0.0056837208 -0.0067389842 -0.0035468527)
(-0.0028798675 -0.011097124 -0.0028433541)
(-0.0066623635 -0.0098292808 -0.0025779555)
(-0.0046553517 -0.0051821459 -0.0016227709)
(-0.0035944869 -0.0011025517 -0.0016577899)
(0.00061311252 0.0045034022 -0.0010739296)
(0.0038369981 0.00018914075 -0.0015301925)
(0.0046380323 -0.0037530879 -0.0031314879)
(0.0044561969 -0.0085367512 -0.0042762994)
(-0.0015142603 -0.0091693749 -0.0046993461)
(-0.0020702033 -0.00069298881 -0.002535026)
(-0.0030537705 -0.013590758 -0.0006074276)
(-0.00061130032 -0.010382165 -0.00093763198)
(0.0009242686 -0.014084471 -0.00094067029)
(0.00039825964 -0.015822656 0.00032655716)
(0.00036651659 -0.01812999 -0.00057363317)
(-0.00043707093 -0.015839919 -0.0025334731)
(-0.0018838948 -0.013758733 -0.0030383897)
(-0.0028368111 -0.013612954 -0.002773278)
(0.00037131149 -0.010738148 -0.00083416074)
(0.0025384972 -0.011201556 -0.0016024342)
(3.0949305e-05 -0.015962272 8.0101122e-05)
(7.1056888e-05 -0.015705059 0.00010323395)
(-0.00069859942 -0.016406705 -0.00049386765)
(-0.0026498344 -0.011987941 0.0013917728)
(-0.0010437238 -0.011237897 7.0764934e-05)
(0.0018401237 -0.01130777 3.7068287e-05)
(0.0015857435 -0.015366005 0.0021819383)
(-0.00055668314 -0.018040537 0.0026356407)
(-0.0006346012 -0.019485858 0.00041130804)
(-0.00079739345 -0.016187744 0.002178199)
(-0.00040810378 -0.014633526 -0.00032926242)
(-4.6068493e-05 -0.015282669 0.00018565077)
(-0.00012744634 -0.015648818 0.0010321073)
(0.0001784602 -0.016477734 0.0016141397)
(-0.00020797201 -0.017169172 0.0019283281)
(-0.00061604924 -0.015530979 -0.00041036326)
(-0.0014407041 -0.016366649 -0.00058371295)
(-0.00048876297 -0.017514926 0.00052071734)
(0.00065409818 -0.014964754 -0.00019200314)
(-0.00086582681 -0.016772828 -0.00026554326)
(-0.0038531096 0.015646447 -0.00017997372)
(0.002955674 -1.0566063e-05 0.0013251541)
(0.0046717187 0.010173403 0.0011641122)
(0.0058370352 0.015988722 0.0033055965)
(0.0026027425 0.018933512 0.0020915179)
(-0.0041805329 0.017598654 -0.0032942528)
(-0.005005749 0.015724079 -0.0025464155)
(-0.0037013563 0.011233195 -0.001354089)
(-0.0011431311 -0.0010161082 0.0013441127)
(0.0047142454 0.012922423 -0.0025296043)
(0.0023840684 0.017521167 -0.0022409165)
(-0.0016256389 0.017493487 -0.00065901958)
(-0.0019711406 0.017821722 0.00061501122)
(-0.0036886973 0.012949598 0.0014149499)
(0.0028402821 -0.00089647753 -0.0024429833)
(0.0023686879 0.0022576913 -0.0028612555)
(0.0058252679 0.015304383 -0.0022906442)
(-0.0019864979 0.019413397 0.00023923971)
(-0.0034608307 0.020431145 -0.00073709839)
(-0.0006376444 0.01751999 0.00013548214)
(0.0013687457 0.016267872 -0.00051225283)
(0.0033111765 0.0171534 0.0011174769)
(0.0047967398 0.017797252 0.00091746038)
(0.0044685095 0.018184307 0.00060976523)
(-0.00054593827 0.018632242 -0.00066725276)
(-0.0029933292 0.017754258 -0.0029527433)
(-0.0018007138 0.018138518 -0.0016067346)
(0.002826044 0.016422708 -0.00064730626)
(0.003850537 0.017473015 9.6110913e-05)
(0.0019256446 0.018219558 0.0012074225)
(0.0039385273 -0.0098570349 0.00161269)
(0.0035805171 -0.014414397 0.0020125945)
(-0.003655299 -0.012737468 -0.0055237449)
(0.0014784919 -0.00091070821 -0.00072787196)
(0.00097720747 0.0066568097 0.0015399485)
(-0.00080342027 0.0040078454 -0.0012789349)
(9.7722593e-07 -0.0036902166 0.0027468647)
(0.0040431337 -0.01396451 0.0058464612)
(-0.002693264 -0.015054456 0.0044454669)
(-0.0050579688 -0.0083887156 0.0020754821)
(-0.0022440088 0.0017880452 -0.00037839799)
(-0.0029333129 -0.00065515431 -0.0010209858)
(0.0022318566 -0.008934074 -0.0024635314)
(0.0046622009 -0.0132624 -0.0049561107)
(0.0054235177 -0.014504002 -0.0043186056)
(-0.0031359901 -0.013577039 -0.0032686493)
(-0.0019189265 -0.0031600917 -0.00065931755)
(-0.0024227191 0.0033026757 0.00054282441)
(-0.0016187502 -0.014937696 0.00025138619)
(-0.003100666 -0.01651445 -0.001766063)
(-0.00010775458 -0.012334447 -0.0011094959)
(0.00070811855 -0.01530673 -0.0044464175)
(0.00079406495 -0.0072120708 -0.0020434151)
(0.0014638193 0.0022873017 -0.0011226223)
(0.0015034383 0.0048733019 0.00038825265)
(0.0014881152 -1.5595239e-05 -0.0017126061)
(0.0034803451 -0.016666966 -0.0010952841)
(-0.00070776284 -0.018957014 -0.0016726223)
(-0.00034284378 0.0018526161 0.00022889837)
(-0.0013336358 0.0039430393 0.00066041519)
(0.00020415885 0.0025817082 0.00075882463)
(0.00037284274 0.010751463 -0.00028068965)
(-0.0045489337 0.01064366 -0.0040779357)
(-0.0027127236 0.0073892822 -0.0028169976)
(-0.00038045959 0.010246043 -0.00071108631)
(0.00043498583 0.0085754666 0.00047883869)
(0.0025753434 0.00707426 0.0019544843)
(0.0021655688 0.010800907 0.0025003331)
(-0.0027247158 0.01018245 0.0012722939)
(-0.0049640762 0.0091326065 0.00092668793)
(-0.0038654214 0.0077000725 8.997041e-05)
(0.0010627566 0.0029464585 0.00065684055)
(0.0019561179 0.0046946666 -0.00088887619)
(0.0012576909 0.0051722919 -0.0014414245)
(0.0029375773 0.0096810231 -0.001783883)
(-0.0016776632 0.011311942 -0.00089735482)
(-0.0021821522 0.008220781 0.001409267)
(0.0013124892 0.009320757 0.0022515005)
(0.0039508616 0.013928496 -0.0008678723)
(-0.0044998845 0.0098610438 -0.00066109701)
(-0.0010184618 0.0020928213 -0.0015138559)
(-0.0027112648 0.0057622335 -0.0028677687)
(-0.0027300765 0.009429414 -0.0027119364)
(-0.0016420092 0.0093253297 -0.0016729666)
(0.0013146702 0.01002042 0.0003447211)
(0.0040956295 0.0081517292 0.00034805551)
(0.00414231 0.011979683 -0.0016051844)
(-0.0049841253 0.012105438 0.00018285154)
(-0.0026620997 0.007508845 0.00094479533)
(-0.0020996118 0.0096078101 0.00031413682)
(-0.0047009241 -0.0083299614 -0.0027783643)
(-0.003853828 -0.0037552384 -0.0032519363)
(-0.0038662068 -0.0023499642 -0.0038078321)
(-0.0026067578 -0.00090509352 -0.0026116991)
(-0.00085333687 0.0036405461 -0.0003982511)
(0.0023788002 0.0014447086 -0.00023353739)
(0.0026240276 -0.0041274611 0.00024541223)
(0.0015902607 -0.0041699642 0.00090356549)
(0.0012751348 -0.0029309952 0.0021355878)
(0.00097995342 -0.0033307628 0.0026601084)
(0.0025095019 -0.0062069896 0.0030051429)
(0.0007155439 -0.009371588 0.0038271999)
(-0.0012846527 -0.0092853464 0.0039102453)
(-0.0030193816 -0.0099283266 0.0027076868)
(-0.0043392025 -0.0069279549 0.0010196995)
(-0.002991207 -0.0022352225 0.0010912858)
(-0.0022187274 -0.0031813715 0.002505461)
(-0.0022547668 0.00016563961 0.0018053192)
(0.0031329473 0.0015340952 -0.00084986469)
(0.0044395634 -0.0034150372 -0.00072941996)
(0.0020954918 -0.010523384 -0.00072304441)
(-0.005436053 -0.010492063 -0.00059361348)
(-0.0041985986 -0.0042128541 -0.0010680802)
(-0.0029463849 0.00084985315 -0.001132404)
(0.0015488386 0.0020624623 0.0015431879)
(0.0022809781 -0.0026889327 0.0015111701)
(0.0025751255 -0.003809791 0.00075619762)
(0.00082993637 -0.010358709 -0.00016457676)
(-0.0026866104 -0.0025895848 -0.0012286177)
(-0.002155706 0.0026231121 -0.00055738617)
(-0.0029828057 -0.013667018 -0.00044768217)
(-0.0011073566 -0.011427133 0.0003400979)
(-0.001099552 -0.019081801 0.0015519982)
(-0.0021450281 -0.016924627 -0.00020944916)
(-0.0031233305 -0.014672553 -0.0021948745)
(-0.0035628173 -0.01455842 -0.0024562505)
(-0.0033262308 -0.01259155 -0.0010770631)
(-0.0015427539 -0.012732029 -0.00022618178)
(0.0011539734 -0.013094724 -0.00048916862)
(0.0033481317 -0.011158831 -0.0026954601)
(0.0038588265 -0.011980424 -0.0025893526)
(0.0025480873 -0.013175598 -0.0028454376)
(0.0012493467 -0.015665995 -0.0023155325)
(-0.00039584478 -0.016917228 -0.00072638007)
(-0.0012076672 -0.016196564 0.002266178)
(-0.0019780083 -0.015767481 0.001832832)
(-0.0032182859 -0.014793638 0.00094201741)
(-0.0045319948 -0.013994658 -8.0769093e-05)
(-0.0028895993 -0.012147772 -0.00014122151)
(-0.0013809615 -0.013817437 -0.00096117347)
(0.00058700843 -0.01169555 -0.002314726)
(0.0022593132 -0.013445425 -0.0035266041)
(0.0025228055 -0.016659466 -0.0031146036)
(0.00095330207 -0.017648643 -0.0021915762)
(-0.00014398682 -0.016067465 -0.0012334364)
(-0.001459972 -0.012589991 -0.0030609554)
(-0.0018091873 -0.011171915 -0.0025631088)
(0.0017414975 -0.012054401 -0.0024556116)
(0.0021822609 -0.014981353 -0.0032314245)
(0.00071917896 -0.01647431 -0.00310106)
(-0.0030718991 0.016014444 0.0014870897)
(0.0033430934 0.0045922134 -0.0018459017)
(0.0040063389 0.018006283 -0.00083226598)
(-0.003414723 0.018374066 -0.0036775891)
(-0.005082801 0.016067096 -0.0047402583)
(-0.0059921762 0.014585015 -0.0030909811)
(-0.0036854316 0.0043557568 0.00094723245)
(-0.0026434556 0.00052475844 0.00190004)
(-0.0013988457 0.0022566084 0.00053319903)
(0.0021689691 0.0050569802 -0.0014321506)
(0.0038524273 0.012744298 -0.0036804043)
(0.0034802184 0.015494883 -0.0031756821)
(0.0024114136 0.017475464 -0.0013152145)
(-0.0012868251 0.018214114 0.0010197134)
(-0.00049804144 0.017413012 0.0047742044)
(-0.0005084506 0.017671679 0.0030632592)
(-0.0029423766 0.017028105 0.00014847797)
(-0.0054507338 0.014946434 0.00098200063)
(-0.0011315408 0.0024749811 0.001579737)
(-0.0022495133 0.0081234872 0.0016155176)
(0.0016219232 0.0021670251 4.9886109e-05)
(0.0038820821 0.0082753973 -0.0011615321)
(0.0069837456 0.017209413 -0.0024381078)
(0.0048966249 0.019248659 -0.0027624547)
(-0.0029217562 0.017991555 -0.0041370105)
(-0.0035573856 0.01409428 -0.0048365975)
(0.00010432767 0.0059139187 -0.0012994815)
(0.0031356047 0.0046862929 -0.0008440182)
(0.0060189257 0.015645585 -0.0033977666)
(0.0049065299 0.018246512 -0.0033347412)
(0.0045208601 -0.009440587 -0.001387433)
(0.0019964606 -0.013970537 -0.0043648752)
(0.00024027171 -0.00042165747 -0.0019833211)
(-9.1518792e-06 0.00651969 -0.0023745228)
(-0.00064066291 0.00088946717 -0.00062331452)
(0.0037021312 -0.013095527 0.0044758097)
(0.0021897078 -0.014459031 0.0015397902)
(6.7434525e-05 -0.015332376 0.0021633606)
(-0.0049860685 -0.01415906 0.00086839043)
(-0.0052611636 -0.013258563 0.0024457044)
(-0.0044325477 -0.012973834 0.003909959)
(-0.0028333968 -0.010424019 0.0034639045)
(-0.00033370156 -0.0043322052 0.000909947)
(-8.2254852e-05 -0.0061685434 -0.0011224999)
(0.0021821211 -0.0098473863 -0.0017513547)
(0.0020511579 -0.00747731 -0.001623703)
(0.0015053963 -0.0049031042 9.9261086e-05)
(0.0048139203 -0.013019056 0.0014336875)
(0.0029614395 -0.015338212 0.0013977342)
(-0.0030238508 -0.014268265 0.0021141509)
(-0.00034547861 -0.01359028 0.002177332)
(-0.0019660346 -0.013962752 0.0022226169)
(0.0002588451 -0.010333059 -0.0014890813)
(0.0032046247 0.0039275214 -0.00012579889)
(0.0014842116 0.0032080641 -0.0002807547)
(0.0051124621 -0.010926433 0.0027549652)
(0.0035755524 -0.01401204 0.003230331)
(0.001285369 -0.014964117 0.0030705636)
(-0.0031311313 -0.012787223 0.004094478)
(0.002197306 0.0049295005 -0.0005667713)
(0.0013957266 0.0048461153 0.00065453673)
(-0.00084441475 0.010925666 -0.0026040311)
(-0.0027767342 0.0087709329 -0.0027472107)
(-0.00043076623 0.010038365 -0.0014845923)
(0.0017897783 0.0069227014 0.0012636709)
(0.0024489761 0.009673632 0.0034168983)
(-0.00047736232 0.0095339358 0.0019273391)
(0.0015728154 0.010654773 0.0022393385)
(-0.001545658 0.0088924633 -8.1394326e-05)
(-0.0012778567 0.0015407028 0.0016135685)
(-0.001850523 0.00119854 0.0029185743)
(-0.0025575588 0.0027038903 0.0021096281)
(-0.0014796702 0.0055156894 0.00090963547)
(0.0017650619 0.0060965181 -0.00064647214)
(0.0021377185 0.0066410193 -6.6264976e-05)
(0.0029473204 0.0092389162 -0.0010270118)
(0.0049477295 0.0089201662 -0.00059297422)
(0.0059531988 0.01135533 -0.0014666902)
(0.0032943005 0.01145243 -0.0032977081)
(-0.001291869 0.0078753241 -0.0027217408)
(0.00018523286 -0.0036268532 -0.00057279671)
(-0.0013694059 0.00041623845 -0.0018509285)
(-0.0022575951 0.010173996 -0.00249167)
(0.00041010981 0.0091027145 -0.0011782616)
(0.0033910606 0.008193262 0.0011201612)
(0.0056159641 0.0098452483 0.0011836035)
(0.0026424106 0.0046265587 0.0012266624)
(0.0021849652 0.0033044845 0.0016902549)
(-0.0027682126 0.010964639 0.003099896)
(-0.0020238811 0.0089749198 0.00093059511)
(-0.0040900086 -0.0088620604 0.0012221279)
(-0.0031211935 -0.0027530411 0.00014633843)
(-0.0031586239 0.00021031251 -0.0001546754)
(-0.00034249486 0.0035652766 -5.8578743e-05)
(0.0019042424 -0.00065157007 0.0024602098)
(0.0026349848 -0.0038043656 0.003089046)
(0.0032254264 -0.0073150025 0.0029362093)
(0.0035066264 -0.0072454187 0.0036822395)
(0.0043197822 -0.0084705833 0.0045683304)
(0.003488708 -0.0083776525 0.0042432876)
(0.0018088615 -0.0098743824 0.0032968963)
(-0.0014255104 -0.010923139 0.00027211964)
(-0.0019802466 -0.010460176 0.001595981)
(-0.0029032819 -0.011136999 0.0027332397)
(-0.0039056044 -0.010763309 0.0034462597)
(-0.0032368441 -0.0098141602 0.0034265673)
(-0.0023026196 -0.00740367 0.0030597252)
(0.002032366 -0.0025874103 0.0010662032)
(0.0038915387 -0.0032507803 0.0017278746)
(0.0059989265 -0.00783196 0.0034242151)
(0.0029086447 -0.010314151 0.00053387964)
(-0.0030768061 -0.011296438 -0.0021138771)
(-0.0034499615 -0.010194043 5.104454e-05)
(-0.00083802181 0.0014629169 0.00027918696)
(0.0025538261 -0.00049800641 0.0028222555)
(0.0041386414 -0.0046795139 0.003727892)
(0.0041732395 -0.0088778539 0.0052545733)
(-0.0025405953 -0.0087773471 0.0048683496)
(-0.0036469856 -0.0030193849 0.0039281338)
(-0.0018282846 0.0014845454 0.00267645)
(-0.0007499559 -0.016737243 -0.00031133787)
(-0.0026573733 -0.016277407 0.00079242682)
(-0.0036736569 -0.014873659 -0.0001690343)
(-0.0048786596 -0.012735246 -0.002121729)
(-0.0040599477 -0.012186985 -0.0030985269)
(-0.0015130857 -0.012706369 -0.0027502526)
(-0.00037622685 -0.020664176 -0.00074830456)
(-0.002358482 -0.018140432 0.0013161807)
(-0.0012245774 -0.012185097 0.0011569457)
(0.00062183438 -0.012138395 -0.00076252909)
(0.0029470322 -0.01141061 -0.0012231338)
(0.0037157906 -0.012277666 -0.0014097761)
(0.0022069604 -0.014289854 -0.0018529858)
(-0.00065937758 -0.016111645 3.9565156e-05)
(-0.0022702173 -0.014998123 0.0019538608)
(-0.0021161298 -0.011562234 0.0016866012)
(-0.00056840148 -0.011617065 0.0015462356)
(0.0016994285 -0.011697242 0.00012361677)
(0.0027760679 -0.016831407 -0.00029442141)
(-0.00010317083 -0.016704187 -0.0004087317)
(-0.0033396085 -0.014245202 -0.0012688622)
(-0.0024254444 -0.010956146 -0.0026236824)
(-0.00075727539 -0.012050402 -0.0020144581)
(0.0017701051 -0.01242175 -0.00074069871)
(0.0027472003 -0.012225688 -0.0014944434)
(0.001867421 -0.016741585 -0.0022555452)
(-0.0010444558 0.018120401 0.00046985635)
(-0.0017739804 0.018355625 0.00046372806)
(-0.0035015577 0.016968717 -0.0030869185)
(-0.0050537686 0.014108984 -0.0043684185)
(-0.0019438606 0.0051548557 -0.0038063157)
(-0.00054063522 0.0040034171 -0.0031378434)
(0.0021722835 0.020739073 0.0020423585)
(-0.0051799542 0.01548889 0.0064186314)
(-0.0020494259 0.0017689624 0.0021770202)
(-0.00086580129 -0.0015991815 8.6057634e-05)
(0.0021100712 0.00051740605 0.0022646426)
(0.0034977684 0.0089017599 0.0033287071)
(0.004081963 0.015991213 0.0016222736)
(-0.0026725676 0.017885412 0.0020511665)
(-0.0031897428 0.015586745 0.0049097965)
(-0.0016781946 0.0077040139 0.0026685876)
(0.0014994656 0.0031285118 0.0015683146)
(0.0016523308 0.00060753139 -0.00082584103)
(0.0061456426 0.016671365 -0.0018986152)
(-0.00032738245 0.018845314 -0.0021728143)
(-0.0057597837 0.014846322 -0.0027654686)
(-0.0011600682 0.00052766159 -0.0025914729)
(0.00026602818 0.00080938408 -0.0012397461)
(0.0037758794 0.00088453194 0.00059776078)
(0.0044375241 0.0053180316 0.00091870671)
(0.0056716789 0.016912767 0.00019346309)
(0.0020220433 -0.0058529404 -5.5372382e-05)
(0.0031269738 -0.0077702723 -0.0027078919)
(0.002722749 -0.0049090159 -0.0014433237)
(0.003223642 -0.0086757508 0.00035524155)
(0.0030506474 -0.014458802 0.00065907153)
(-0.0045233346 -0.013716075 -0.0020800929)
(-0.0018117599 -0.0036779613 -0.0023229059)
(-0.00034150688 -0.0099631991 -0.0016883893)
(0.0012303194 -0.014030705 -0.0016700082)
(-0.00075482442 -0.013794593 -0.00023492001)
(-0.0011492419 -0.013631557 0.0045034354)
(-0.003687896 -0.014120949 0.0044517571)
(0.00097655738 -0.0017827247 0.0021262605)
(-0.0009910321 0.0025835645 -0.00028830578)
(0.0027851646 -0.011164242 -0.0033042306)
(0.0030596995 -0.0136715 -0.0030041432)
(0.0041459538 -0.013623284 -0.0021290698)
(-0.00078385019 -0.015448226 -0.002804134)
(-0.0020550496 -0.011166934 -0.0029202181)
(0.00087090115 0.0042437936 -0.0011493021)
(0.0038012644 -0.014206206 0.00067661778)
(0.0029074037 -0.014319177 -0.00063345314)
(0.0019267567 -0.013843828 0.00087425153)
(0.0020535495 -0.013945285 0.0025685021)
(-0.0012392362 -0.013935543 0.0031819093)
(0.00017580337 -0.0048624905 0.00093884421)
(0.00070301669 0.0038936035 0.002564981)
(0.0028370429 0.009521364 -0.0029156254)
(0.0022063436 0.0084565347 -0.0022157162)
(0.0027917778 0.0086894454 6.251108e-05)
(0.0013137138 0.010114257 4.7067952e-05)
(-0.0022623556 0.010491868 -0.0032836402)
(-0.0015759567 0.0092681286 -0.0035654865)
(-0.00043261131 0.0089632914 -0.0043436577)
(0.00066779482 -0.0043204483 0.00085185996)
(-0.0012373144 -0.0037943085 -0.00090985817)
(0.00036933163 0.0029341008 0.0016281764)
(-0.0026872117 0.0090102034 0.0041871608)
(-0.0018094306 0.0071858622 0.0018505069)
(0.0019669496 0.0084579111 -0.0023113272)
(0.0037182294 0.0088022098 -0.0032853179)
(0.0014806698 0.00010387215 -0.0014893061)
(0.0010346266 0.0040078221 -0.0002584386)
(-0.00084767708 0.0097316093 0.00048032694)
(-0.0038731758 0.0064778984 -0.0020674702)
(0.00087949 0.0076201373 -0.0012575978)
(0.0035794434 0.010442746 0.00011974325)
(0.0011819186 0.0025654549 -0.0015245406)
(0.0028650947 -0.0026130763 0.0012344402)
(0.00097601275 -0.0023621018 0.0031751265)
(0.00099200921 0.0052322418 0.00091183522)
(-0.0018719428 0.0081756242 0.0013404764)
(-0.0029959161 -0.010294703 0.0016845797)
(-0.0018441445 -0.007666534 0.0027425891)
(-0.00086823991 -0.0050166784 0.0026910429)
(-0.00020459366 -0.0053106835 0.0032347134)
(0.00075107755 -0.0040941761 0.0033191505)
(0.0017221611 -0.0052845042 0.0031361047)
(0.0026575636 -0.0052379568 0.0019426172)
(0.0044981933 -0.010097393 0.0021173025)
(0.0040298656 -0.010279803 0.0020320162)
(-0.0021455689 -0.0097312422 -0.0017057738)
(-0.0036189988 -0.0085007944 -0.0028304607)
(-0.0026914455 -0.0065607286 -0.0020290277)
(-0.00052592257 -0.0049793647 -0.0014564804)
(0.0018685005 -0.0040606335 0.0013468015)
(0.00335516 -0.010607817 0.0015086094)
(0.0027130324 -0.011030534 0.00040908701)
(-0.0016491421 -0.0080262239 -0.0054217519)
(0.00096846916 -0.0076654372 -0.006313879)
(0.00045092869 -0.010802266 -0.0046862621)
(-0.00062122613 -0.005593007 0.0010443229)
(0.0038655932 -0.0064558792 0.0027586731)
(0.0050995318 -0.0079599103 0.0040021021)
(0.0043303582 -0.0096658263 0.0049526569)
(-0.0031304159 -0.0095058416 0.0052520918)
(-0.0037613758 -0.007417621 0.0044903011)
(-0.0022201495 -0.0027587438 0.0030717034)
(-0.00055645471 -0.018524813 -0.00043221709)
(-0.0019407719 -0.015936255 -0.00087313835)
(-0.0039303244 -0.012797672 -0.0016663429)
(-0.0046335707 -0.01200462 -0.0029461644)
(-0.0025905226 -0.011978544 -0.0020277867)
(-1.0529473e-06 -0.011827198 -0.0019315884)
(0.00062031609 -0.018466736 -0.0017772469)
(-0.00080672776 -0.020867902 0.0023056266)
(2.30032e-05 -0.01872763 0.003231572)
(-0.00091628773 -0.012433701 0.0029842391)
(0.0013810104 -0.011946381 0.0014304231)
(0.0037878429 -0.014467211 0.00079050923)
(0.0014430522 -0.016126148 0.00060242892)
(4.5895345e-05 -0.014670615 -0.0019820831)
(-0.001140356 -0.017209996 -0.0012427321)
(-0.00094994719 -0.01658206 -0.00088697428)
(-0.0007789828 -0.017909416 -0.0010027429)
(-0.00049710601 -0.017412329 -9.9887818e-05)
(-0.001211951 -0.017255564 -0.001446325)
(-0.0031773299 -0.015363898 -0.00015762775)
(-0.0049457759 -0.013419586 0.00011266928)
(-0.0037673637 -0.011614467 0.00066949728)
(-0.0022541478 -0.012680081 0.0016804552)
(0.001696684 -0.012770102 0.0018793496)
(0.0026311446 -0.013359246 0.0019269078)
(0.0019075085 -0.017482049 0.0012267994)
(0.0011458483 0.01985318 -0.00031682087)
(-0.00071184931 0.017823936 -0.0010652105)
(-0.0041699594 0.014818005 -0.0026063735)
(-0.0028759588 0.0086935187 -0.0035880433)
(-0.0010006318 0.00042083885 -0.0025551842)
(0.0025877151 0.0061350605 -0.0024262553)
(0.0057517949 0.01729117 -0.0038155318)
(-0.00042379683 0.02130269 0.0026801637)
(-0.0047652893 0.017716622 0.0051423993)
(-0.0015967202 0.0079909641 0.0032108962)
(0.00010882566 -0.0018302536 0.00057178418)
(0.0052185732 0.014072743 0.0025472318)
(0.0039608785 0.017658644 0.0018655613)
(0.0031023869 0.015724044 -0.0041756131)
(0.0011841741 0.018863004 0.00017248643)
(-0.0010856714 0.017634136 0.0043745995)
(-0.0019313694 0.018525136 0.0051642608)
(-0.0027726484 0.018565831 0.0041478743)
(0.0012650501 0.019407051 -0.0011708842)
(-0.002502391 0.017474681 -0.0010763089)
(-0.0053340349 0.01214103 0.00029762121)
(-0.0020828037 -0.0011243702 -0.00097303641)
(-0.0011822265 -0.0018506002 0.0020355166)
(0.0034855303 0.00074725614 0.0031639931)
(0.0045049243 0.0068670319 0.003412643)
(0.0061373643 0.017588596 0.0034758787)
(0.00011100838 -0.015222445 0.0024249025)
(0.0023329745 -0.0036553236 0.0011700708)
(0.0046813552 -0.0078702816 0.0016459798)
(0.005662302 -0.013862699 0.0024283877)
(-0.0002406386 -0.014201805 -0.0014538832)
(-0.0032935205 -0.013157157 -0.00041930095)
(-0.00079179916 -0.0079523034 -7.7069451e-06)
(-0.00033265546 0.0088236317 0.0025254987)
(-0.00065837156 -0.0068676636 0.0015155652)
(0.0044040038 -0.01319222 -0.00021116415)
(-0.0018092734 -0.015341238 -0.0018647179)
(-0.0052943993 -0.013895376 -0.0031745884)
(0.0017846221 0.001830051 0.0013118995)
(0.0017934939 -0.013863843 0.0013474283)
(0.0015042169 5.394676e-05 0.0010363688)
(-0.00070127242 -0.002471222 0.0023996522)
(0.001223938 -0.0062728131 -0.00064096456)
(0.0015736017 -0.014835687 -0.0037754067)
(0.0016399768 -0.015749592 0.002837776)
(0.00013836611 -0.0014294652 -0.0019112459)
(0.0031085101 -0.013411443 -0.0018216422)
(0.0020198634 -0.014356287 -0.0031033719)
(-0.00029116418 -0.014759211 0.00078189593)
(0.0011914045 -0.01407134 0.0027733577)
(-0.0024229981 -0.014294812 0.0017766598)
(0.00092413685 -0.0015358324 0.0022672141)
(-0.002791577 0.013062757 0.0017800802)
(0.00041890136 0.0029902828 -0.0017948478)
(0.00076273946 0.0016389333 -0.00012654008)
(0.0011386654 0.00991991 -0.00096772223)
(-0.0019375514 0.006575237 -0.0015838068)
(-0.0015524049 0.0019475384 0.0010423208)
(-0.0047093592 0.0071412995 0.0024080994)
(-0.00051344086 0.011052732 0.0025822423)
(0.0041176033 0.0059755674 0.00062375766)
(0.0013979928 0.0037179538 0.0013306159)
(-0.0004999379 0.0095258017 0.0024612794)
(-0.0047529359 0.010717593 0.00029497714)
(-0.0024518329 0.0076250358 0.0013278923)
(-0.0024062274 0.0042666793 0.00065616404)
(0.0016713056 0.0085328725 0.0016993367)
(0.0035208755 0.0088629176 0.0014259972)
(0.0049561687 0.0096765514 -0.00068209729)
(0.0043076764 0.012597279 -0.0023079894)
(-0.0029073943 0.012799234 -0.0016894606)
(-0.00091512984 0.0068119318 0.00083611264)
(0.0010021155 0.0051293397 -0.0043287016)
(0.00048094698 -0.0021164831 -0.002908783)
(-0.00010960101 -0.005559144 0.0010345927)
(0.00018800795 -0.0025581716 0.0026553332)
(-0.00046395122 0.0069355608 0.0028993917)
(-0.0025316118 0.0076712806 0.00051283169)
(0.0018340759 -0.0062124593 -0.00054810068)
(0.0039044521 -0.009829563 -0.00090421721)
(-0.00077505249 -0.010229091 0.00014015577)
(0.00012577967 -0.0089157322 0.0016950172)
(0.0024807827 -0.0086026301 0.004623303)
(0.00159262 -0.0090381446 0.0050322099)
(-0.0020289237 -0.010505858 0.0032273173)
(-0.0015008429 -0.0099299235 -0.00071915069)
(-0.00098159127 -0.0096177716 -0.0039033325)
(-0.0040015284 -0.0078003808 -0.0039559038)
(-0.0037566498 -0.0050115049 -0.0027491187)
(-0.0022157759 -0.0031434903 -0.0023567382)
(0.00082232969 -0.0049305686 -0.00071515718)
(-0.0031551152 -0.011252004 -0.0021298513)
(-0.0028609142 -0.0079373987 -0.003644317)
(-0.0019428505 -0.0048512956 -0.0031371833)
(4.9231467e-05 -0.00078609951 -0.0032221214)
(0.0020721823 -0.00088370617 -0.0032050133)
(0.0027480358 -0.0036699486 -0.0030683773)
(0.0048726381 -0.0074897801 -0.0032660629)
(0.0048080629 -0.0097373387 -0.0031512567)
(0.0040012532 -0.010150793 -0.0033095039)
(-0.00063429454 -0.0098121906 5.2097603e-05)
(-0.0048000236 -0.0091151134 0.00042192239)
(-0.0045925928 -0.0084407278 -0.00077769589)
(-0.0024604857 -0.00279848 -0.00091789462)
(-0.00027470811 -0.015790013 -0.00099307156)
(-0.0026614106 -0.0137641 -0.00090317584)
(-0.0048714695 -0.012448503 -0.0011521226)
(-0.0030120164 -0.012289537 -0.0011333979)
(-0.0019087337 -0.01268127 -0.0013848698)
(0.00016824568 -0.012465504 -0.0022420633)
(0.0027191454 -0.011846521 -0.00079833242)
(0.0031874914 -0.015775178 -0.00063957398)
(0.0028603696 -0.018169498 -0.00026576412)
(0.0016587414 -0.018657538 0.00090256649)
(0.00085551971 -0.016669961 0.0023712608)
(-0.00086861689 -0.016745175 -0.0012444022)
(-0.0024337812 -0.014587652 2.655004e-05)
(-0.0046371863 -0.012730036 0.00035227898)
(-0.0029182461 -0.012048515 0.00065710756)
(-0.00025690824 -0.012354846 0.00050104304)
(0.0008437943 -0.012886971 0.00014796688)
(0.0028561991 -0.011935848 -0.0017540398)
(0.0030750707 -0.015470747 -0.0024065634)
(0.0019231094 -0.017172718 -0.0026267062)
(6.0550632e-05 -0.018822322 -0.0029956175)
(-0.0012240055 -0.015454716 -0.0034266093)
(-0.00023146018 -0.01069008 -0.0028481334)
(0.0016178964 -0.018883967 -0.0014434613)
(-0.0025208503 -0.015371422 0.00057209096)
(-0.0038502377 -0.013575508 0.0028470993)
(-0.0032858177 -0.011004664 0.0031171167)
(0.00084701153 -0.012178634 0.0017788564)
(0.0021511043 -0.0170679 0.002290326)
(0.001127146 -0.018066023 0.0016726081)
(-0.0011447558 0.01759378 0.00086612104)
(-0.0038801468 0.016114834 0.00054201586)
(-0.0054260905 0.011971704 0.00065775714)
(-0.00075949832 0.00015059604 0.00065201261)
(-0.0013332186 0.0050729854 -0.0019844068)
(0.0022500908 0.00058888171 -0.0026377412)
(0.0035012003 0.0035152582 -0.0015629513)
(0.0059698372 0.01526836 -0.0045005586)
(0.0038309582 0.018772915 -0.0044280911)
(0.0026928979 0.019723553 0.00048046957)
(0.0035910698 0.017562643 0.004400845)
(0.00089393272 0.018259484 0.0025527092)
(-0.0045252325 0.016540766 0.00053836104)
(-0.0060534371 0.012228582 -0.00029080097)
(-0.0017652779 -0.00028917098 -0.00094989188)
(3.3254498e-05 0.0040633132 0.00081810578)
(0.003011869 0.0056182945 -0.00049171599)
(0.0048386056 0.0039306324 -0.00052949908)
(0.0072155756 0.013999012 -0.0016010731)
(0.006552821 0.018263612 -0.002089621)
(0.0012375838 0.020095461 -0.0018643338)
(-0.0038308554 0.016206862 -0.0033528898)
(-0.0013682252 0.0048293802 0.00046389443)
(0.0043487165 0.019895824 -0.00085442507)
(-0.0018422054 0.018146073 0.0022182813)
(-0.0048284413 0.012740488 0.0035142806)
(-0.001602595 0.00058284397 0.0023424761)
(0.0026877938 0.0022686004 0.0026470404)
(0.0065583749 0.015722911 0.0047409093)
(0.0058539727 0.019341815 0.0041721974)
(0.0015103947 -0.002721069 0.0018622502)
(0.0028821946 -0.0044005989 0.0026354942)
(0.0064160016 -0.013481719 0.0036983943)
(0.003486952 -0.015312538 0.0029136616)
(-0.0015705885 -0.012961104 -0.0017756772)
(0.0009968802 -0.014130142 -0.0010791114)
(-0.0015501495 -0.013350047 0.00060898829)
(-0.00078418411 -0.0091332694 0.0016254726)
(0.00044088912 -0.0056220513 0.00072767404)
(0.0012871759 -0.015520568 0.0015361251)
(0.0013120064 -0.012377146 -0.00023143054)
(0.0012494561 0.0035653151 0.0002693336)
(0.00040844943 0.0013735357 0.00035170345)
(0.0054264973 -0.012777847 -0.0019199574)
(0.0019167017 -0.015191129 -0.0037682974)
(-0.0011656468 -0.013164982 -0.00031548322)
(0.00086933085 -0.013781683 -0.00055593681)
(0.0018784667 -0.014219192 0.0033564646)
(-0.002113951 -0.01478011 0.0056684405)
(0.0027763129 0.0014493923 -0.00036141492)
(0.0024216734 0.0073539234 -0.00048303083)
(0.0026026095 0.0018907616 -0.0004873368)
(0.00093055729 -0.014802271 0.0029642014)
(-0.0018140037 -0.016206234 0.0026848292)
(0.00023864702 0.0042913041 0.0014515828)
(0.0020241009 -0.013758552 -0.0025093098)
(0.00061217228 -0.014090851 -0.00087178026)
(-0.00030898161 -0.014272898 0.0012800869)
(-0.0053252828 -0.015133703 -0.0013166323)
(0.0029290478 0.005147572 0.0023747998)
(0.00086304717 0.0084775659 -0.0010161269)
(0.0025967151 0.0079919416 0.00090783263)
(0.0032085771 0.010374664 0.0024893132)
(0.00034115886 0.011337625 0.00021441233)
(0.00083937028 0.00033254858 -0.0012635896)
(0.0012516294 -0.0046936912 -0.00069917979)
(0.00033795779 -0.00067500303 0.0018571998)
(0.0011682718 0.010268556 0.0064466489)
(0.0021386541 0.0094753053 0.0039437866)
(0.00090532237 0.012878888 0.0028542813)
(-0.003867166 0.011704764 -0.0010150252)
(-0.0012855724 0.0090343218 -0.0011769215)
(0.0021333373 0.0076374162 0.0011375338)
(0.0049113943 0.010430784 -0.00058871466)
(0.00064740983 0.011460378 -2.8791701e-05)
(0.0024243465 0.0009781204 -0.00085401908)
(0.0010083051 -0.0037808869 -0.00044868526)
(0.0029566644 0.003744696 0.0002321376)
(-0.0022042368 0.011140792 0.00047674602)
(-0.0018564024 0.0083526338 -0.00038896535)
(0.0020590804 0.010658615 -0.0021173241)
(0.0036632341 0.0080076624 -0.0016719635)
(0.0043341171 0.0089664555 -0.0034965916)
(-0.0018902191 0.013209867 0.0022084117)
(-0.00059101031 0.0073281762 -0.0011678098)
(0.0040343835 0.0039673152 -0.0022702269)
(-0.0009036703 -0.0016625448 -0.00048055274)
(0.0033464201 0.0041622596 0.00078746945)
(-0.00398945 0.010774581 0.0010469251)
(-0.0015184424 0.008824697 0.00095229594)
(0.0017236093 -0.0026859745 -0.0012354741)
(0.0025283653 -0.0065255739 -0.0025841927)
(0.002952646 -0.0076321215 -0.002889801)
(0.0049349461 -0.0094632385 -0.0021210607)
(0.0051964089 -0.010291943 -0.0012647197)
(0.0019583254 -0.0098941424 0.00023465285)
(-0.0041326641 -0.0089868561 0.0010975963)
(-0.0044117867 -0.00642698 0.00051035509)
(-0.0032160446 -0.003415394 -0.00080455832)
(-0.0025661071 -0.0041225815 -0.0017308721)
(-0.0021646081 -0.0047422034 -0.0021504361)
(0.00015690322 0.00050255534 -0.0018590729)
(0.0030488591 -0.0029503146 -0.001010476)
(0.0042270347 -0.0067724618 -0.00088310011)
(0.0056336843 -0.0090077577 -0.00093471867)
(0.0060766762 -0.010367713 -0.0013401552)
(-0.00083670301 -0.010430173 -0.00073472603)
(-0.0052357394 -0.0070195616 0.0001466289)
(-0.0032038381 -0.001084965 0.00069191429)
(-0.0022753154 0.00046831463 -0.00049101775)
(0.00069510293 0.0045535043 -0.0012382415)
(0.0031870422 0.00020090567 7.702136e-05)
(0.0027188351 -0.0081616319 -0.0006293126)
(0.0014658306 -0.0065962438 -0.0013974881)
(0.0032051919 -0.0043194717 -0.0035632319)
(0.0026599775 -0.0096411535 -0.0034763694)
(-0.0049815091 -0.0087473392 -0.0036001819)
(-0.0062162727 -0.0058539353 -0.0035974627)
(-0.0049056482 -0.002574374 -0.0023432053)
(-0.0018309452 0.001274053 -0.0022770303)
(-0.00028077511 -0.015490433 -0.0013836454)
(-0.0028249159 -0.014459599 -0.00095610311)
(-0.0048176926 -0.013191774 -7.8060543e-05)
(-0.00379209 -0.011928551 0.0011645955)
(-0.0020991872 -0.012405945 0.00085784478)
(0.00038325959 -0.012612172 0.00050128272)
(0.001194284 -0.016478541 0.0004051712)
(0.00017161766 -0.014355743 0.0011420947)
(0.0025043628 -0.012131816 0.00222494)
(0.0033188094 -0.015243428 0.0022040367)
(0.0013899461 -0.015932419 0.0018573358)
(-0.0011927085 -0.017415825 0.00027853406)
(-0.0018306148 -0.016042819 -1.2703591e-05)
(-0.0038835903 -0.014081614 0.00086246656)
(-0.0047217308 -0.013562301 0.001818948)
(-0.0035531099 -0.011891498 0.0014132012)
(-0.0017497687 -0.012565088 0.00059054414)
(0.0010947057 -0.012569354 0.00020995792)
(0.0019858433 -0.012334328 -0.00013899418)
(0.001669306 -0.018424822 -0.00068437555)
(-0.0014040474 -0.017086843 -0.0020819573)
(-0.0025083933 -0.01402829 -0.0031076472)
(0.0006316927 -0.012465362 -0.001440203)
(0.0030153662 -0.015213732 -0.0011672022)
(-0.00086490974 -0.017527966 0.00027188599)
(-0.00189817 -0.015354254 0.0020931488)
(-0.0042013581 -0.012881096 0.0031574137)
(-0.0011301735 -0.012013838 0.0013527641)
(0.0022435379 -0.018065089 0.0015858994)
(0.00028755157 -0.019436706 0.0011182851)
(-0.0012686878 0.017330508 -0.0016114903)
(-0.0052599541 0.016513097 0.00042615438)
(-0.0062983909 0.012652207 0.0007698348)
(-0.0027327644 0.0016049771 0.00058344798)
(-0.0019539715 0.0027183425 0.0018031023)
(0.0010023202 0.0015608422 2.0938837e-05)
(0.0020816914 0.015030399 -0.00054387025)
(0.0026363181 0.0082033576 0.00051088312)
(0.0026774361 0.00084236315 0.0020051991)
(0.0058643519 0.013673639 0.0031548277)
(0.005129219 0.017693075 0.0037195035)
(-0.00096374384 0.019001794 -0.00074108198)
(-0.0035160718 0.018079351 -0.0010901581)
(-0.0062511092 0.016008726 0.0026546038)
(-0.0060827521 0.012557862 0.0029227935)
(-0.0035199852 0.0032868067 0.0015644256)
(-0.0014053916 0.0038966482 0.0019513365)
(0.0021780486 0.00081347391 0.00011617696)
(0.0024782224 0.0054762863 0.0010799564)
(0.0054320805 0.018642542 -3.582418e-05)
(-0.0029970371 0.018000886 -0.0035690882)
(-0.0032297558 0.0089437925 -0.0039712765)
(-0.00090174044 -0.0017006623 -0.00077602418)
(0.0070917176 0.01565874 -3.323828e-05)
(0.0032252078 0.019372501 0.00065572114)
(-0.0043196959 0.017352124 0.0036717236)
(-0.0034417268 0.013326254 0.0038183363)
(0.0022725624 0.00048996255 0.0016300966)
(0.0069071249 0.016990133 0.0021889376)
(0.0050219015 0.020215622 0.0023791433)
(0.00047306044 0.003596038 -0.00047157053)
(5.2886554e-05 -2.0204557e-05 -0.00022434613)
(0.0053573516 -0.013425071 -0.001740639)
(0.0014281889 -0.014731945 -0.0031711678)
(-0.0014543783 -0.012943887 0.00044521129)
(-0.0019299991 -0.013788191 -0.0005723181)
(0.00018185134 -0.014097108 0.00055837121)
(0.0040822281 -0.015491527 0.0019357748)
(-0.0014125999 -0.015878751 0.0023546536)
(-0.0039871488 -0.015323364 0.0024495818)
(0.00073361378 0.0016306442 0.0022655657)
(-0.0015176608 0.0068335902 -0.0010521013)
(-0.0011860619 0.003412742 -0.0014509598)
(-0.00058066234 -0.00368722 -0.0014876711)
(0.00096292152 -0.013794434 -0.0062410203)
(-0.00024180922 -0.014040838 -0.0019909567)
(-4.2751832e-05 -0.01321617 0.0010721647)
(0.00037183286 -0.014031142 -0.0012838728)
(-0.0030837534 -0.014353399 -0.00026730025)
(0.00088071831 -0.0085811549 -0.00027869198)
(0.00046152372 0.0022052761 -0.0008549391)
(0.0044004689 -0.013727885 0.00030982381)
(-0.003646252 -0.016221816 0.0008157955)
(-0.0055404594 -0.014710704 0.0019318532)
(0.0016550441 0.0066637445 -0.00089049792)
(-0.0016652418 -0.00016210748 0.0014266591)
(0.0054030045 -0.01431408 -0.00029742178)
(0.00057492958 -0.015465384 0.00092223596)
(-0.0040771648 -0.0068001513 0.0012372078)
(0.0019321178 0.0074303847 0.0021578008)
(0.00094745393 0.0085784948 0.00077012492)
(0.0031288646 0.0073756514 -0.0005327814)
(0.004311855 0.010033414 -0.001902241)
(-0.00099913075 0.0097186543 -0.0023092248)
(0.0010852038 0.00075640627 -0.0014440764)
(-0.000366912 -0.0047120465 -0.00029335221)
(0.00061155022 0.0041037922 0.00044848006)
(-5.4860682e-05 0.01184069 0.0020802683)
(-0.00056733027 0.010741216 0.00090287185)
(-0.0034036066 0.01019226 6.3889326e-05)
(-0.0028163976 0.0077239619 0.00061259451)
(-0.0016429175 0.010320076 -1.7466975e-05)
(0.00089029721 0.0082437042 0.0012188875)
(0.0033307626 0.0078755538 -0.00091795395)
(0.0021538443 0.009617912 -0.001913474)
(0.00069930871 0.0017562365 0.00046197144)
(-0.00032085772 -0.0014035635 0.0002854512)
(-0.0014724147 0.0055137877 0.00058986059)
(-0.002325759 0.005618877 -0.002377889)
(-0.0036032477 0.0097721029 -9.0418095e-07)
(0.0013279674 0.007232069 0.0002184871)
(0.0034423354 0.011094897 -1.5901975e-05)
(-0.00081198079 0.01047122 -7.1097027e-05)
(-0.0046193253 0.011508466 9.7149994e-05)
(-0.0022686911 0.0089821781 -0.00098534761)
(0.0030981965 0.0051402999 -0.0018852355)
(0.0049479873 0.0085211878 0.00039688382)
(0.0011202004 0.009161757 0.00030691072)
(-0.0047212013 0.0085647885 0.00076705275)
(-0.0009364956 0.010452131 0.001629702)
(0.0017104519 0.0010626445 -0.00099915591)
(0.0027507797 -0.0014195436 -0.00083066165)
(0.0036197546 -0.0036583235 -0.00083594061)
(0.0043878615 -0.0076979341 -0.0010788703)
(0.004392398 -0.009598934 -0.0028116505)
(-0.0019765549 -0.0097427074 -0.0015099599)
(-0.0062844756 -0.0082783476 0.00064547428)
(-0.0045932705 -0.0039779759 0.0011193382)
(-0.0029620687 -0.0037052968 0.0010483811)
(-0.002837705 -0.0040694606 0.0019337028)
(-0.0026102937 -7.1543164e-05 0.00093245207)
(-0.00064395944 0.0035821053 -0.00027132)
(0.0030262209 0.00080906829 -0.00092947431)
(0.0043954622 -0.0021261299 -1.3181915e-05)
(0.0051771178 -0.0055360202 -0.00020669604)
(0.0047372376 -0.0087600305 -0.00088876641)
(-0.00081369256 -0.0098236381 -0.0029907471)
(-0.0031186036 -0.0093076103 -0.0029494679)
(-0.0030531043 -0.0098023277 2.5786425e-05)
(-0.0033769306 -0.010864709 0.0013585147)
(-0.0031079388 -0.0078203194 0.0037707682)
(-0.0033974167 -0.0091560229 0.0027446047)
(-0.0036790233 -0.0063072987 0.0015430515)
(-0.0033449523 -0.0034387072 0.00095368404)
(0.00093877629 0.00080403192 -0.00090399567)
(-0.00069695622 -0.0083820742 -0.00056667041)
(-0.0052469826 -0.0064639619 -0.0008463603)
(-0.0044233563 -0.0014551684 -0.00097674672)
(-0.0049219088 -0.0008607532 -0.00024987749)
(-0.0020252705 0.0043019025 0.00051404407)
(0.00062324893 -0.015838402 -0.0021725509)
(-0.0011808459 -0.015499291 -0.00092575824)
(-0.0033216955 -0.014866744 0.0007718167)
(-0.0041466185 -0.014197966 0.0019075658)
(-0.0033197017 -0.012385985 0.0016783779)
(-0.0017587706 -0.011786397 0.0017063015)
(0.0010469178 -0.011342726 0.000260839)
(0.0026691365 -0.011782369 0.0018262833)
(0.0030483061 -0.013628796 0.003114793)
(0.0023957049 -0.014498722 0.0028381686)
(0.0010807543 -0.015520127 0.0026266065)
(-0.00084153596 -0.016125107 -0.002256359)
(-0.00049558403 -0.017428322 -0.0028625382)
(-0.0014410653 -0.015598763 -0.0010850818)
(-0.002636405 -0.015766859 0.00064063087)
(-0.0034581357 -0.01367594 0.0014956869)
(-0.00061538656 -0.011093715 0.0010454837)
(0.0014593193 -0.01565998 0.0026051093)
(0.00030422887 -0.018151551 0.0018224484)
(-0.001769413 -0.016359688 -7.6968497e-05)
(-0.0024805506 -0.01216409 -0.0015049952)
(-0.00088928395 -0.012011725 -0.0017952006)
(0.0023018305 -0.011877602 -0.00068897597)
(0.0030231312 -0.014593912 -0.00068419099)
(-0.00045735472 -0.01739523 0.00074412216)
(-0.00042491171 -0.017417113 0.0012234259)
(-0.0038752872 -0.012738776 0.0010281749)
(-0.0017398994 -0.011278004 0.00011215109)
(0.0022281249 -0.018321963 -0.00049158937)
(0.00037954476 -0.018567212 0.0007011754)
(0.0025252121 0.015346859 -0.0048309741)
(-0.00020614195 0.017388803 -0.002214081)
(-0.0057038671 0.017033823 0.0024539686)
(-0.0061194455 0.014622789 0.0042229625)
(-0.003655403 0.0062748082 0.0017970613)
(-0.0020950288 0.0016143586 0.00070551773)
(0.00015444139 4.8616662e-05 -0.00086994443)
(0.0021017485 0.0073832166 0.000522427)
(0.0046158198 0.014215779 0.0033072045)
(0.0055972426 0.01650768 0.0027350097)
(0.0041373197 0.017568897 0.0017800773)
(-0.0010851205 0.016974181 -0.0052751918)
(0.0012799369 0.017483759 -0.0077977406)
(-0.0010994572 0.017568458 -0.0018660105)
(-0.00456259 0.017444928 0.0017330606)
(-0.0041008115 0.013982152 0.0029154372)
(0.0024582177 0.00020199815 6.3474754e-05)
(0.0055654753 0.012485083 0.0031474599)
(0.0034986154 0.018458504 0.0035409182)
(-0.0056291859 0.016891282 -0.0014669118)
(-0.0034977196 0.0070077862 -0.0025836862)
(-0.0010911672 0.00028265946 -0.002427324)
(0.0014904209 0.002973235 -0.0022290542)
(0.006744762 0.015407027 -0.0017639843)
(0.0042480122 0.019106999 -0.0013186193)
(-0.0042547701 0.019075208 0.0014120233)
(-0.0046107711 0.015563524 0.0010170514)
(0.002683411 -6.8642734e-05 -0.0015586477)
(0.0061283135 0.016143113 -0.0043461975)
(0.0051956091 0.019817488 -0.0034358808)
(-0.0013376019 -0.015876953 0.0027179711)
(0.00079055499 0.0028288935 -0.00071554022)
(-0.0023654722 0.0011139798 0.00096143727)
(0.0034268348 -0.010639937 -0.0020869269)
(0.00064261359 -0.014108475 -0.0029959264)
(-0.0018502998 -0.013645909 -0.0018638771)
(-0.0024088581 -0.013929173 -0.0017574711)
(-0.0029152819 -0.013856904 -0.0045042233)
(-0.0042108275 -0.013554149 -0.0053124564)
(0.0004700901 -0.0038393305 -0.00094251266)
(0.0018629354 0.0032526488 0.0010733787)
(0.0011755676 -0.0084727194 0.0029289379)
(-0.00035232507 -0.015713873 0.0033233808)
(-0.00098694939 0.0023457577 -0.0019467668)
(-0.0026647371 -0.0039227833 -0.0031899729)
(0.0037490831 -0.014242875 -0.0034254666)
(0.0034273321 -0.014938453 -0.0028729651)
(-0.0034834462 -0.013600365 -0.0053164757)
(0.0017870887 0.0051029367 0.0007131694)
(-0.0015786614 -0.0019568561 -0.00082447056)
(0.0028877841 -0.013868861 0.00080939965)
(0.00070728299 -0.013840495 -0.001639969)
(-0.0032627958 -0.014885957 -0.0035401187)
(-0.0053364045 -0.012361285 -0.002781292)
(0.00090063999 0.0048680482 -0.0018600114)
(-0.0021237171 0.0037620706 -0.00027392336)
(0.0055626444 -0.011362691 -0.0025116849)
(0.0020574456 -0.01557291 -0.0015690722)
(-0.0060383391 -0.013871277 0.0023075764)
(0.0031405683 0.0066374886 -0.0010571929)
(-0.0047369082 0.011679898 0.0010785737)
(-0.0020940575 0.0082666938 0.00031422278)
(0.00091345942 0.0054874858 0.0012408833)
(0.0032904155 0.0060536896 -0.0022039313)
(0.0014212529 0.0095343179 -0.0025854368)
(-0.00052831348 0.00013815361 -0.00052000963)
(-0.0024763116 -0.0021960921 -0.00095585914)
(-0.001070689 0.0068943006 -0.0031198803)
(-0.0011569788 0.010759801 -0.0048327095)
(-0.0013085129 0.0077052628 -0.0031155799)
(0.0017129394 0.0091320679 0.0014581494)
(0.0039810242 0.010707202 0.003232764)
(-0.0027614678 0.01289077 0.0010724995)
(-0.0032850481 0.0089128491 -0.0020455385)
(0.0027195415 0.0032054688 -0.0014637841)
(6.2184687e-06 -0.00016634236 -0.00082127429)
(0.0012629596 0.0085289158 0.0030214272)
(-0.0058195401 0.011948206 -0.00012884854)
(-0.0019652828 0.0090021022 0.00024666117)
(-0.00051572009 0.0078494088 0.00058999525)
(0.001158174 -0.002205355 0.0011275768)
(-0.0019890297 0.00021288206 8.1257926e-05)
(-0.00066442593 0.008830031 -0.0034720822)
(-0.0059872745 0.010591943 -0.0035144696)
(-0.0036389906 0.0088586113 -0.0019190862)
(0.0026192216 0.007780725 -0.0012408307)
(0.0063038754 0.0094053241 -0.002421053)
(0.0052080505 0.010128726 -0.0015598736)
(-0.0045977102 0.011308236 0.0014698727)
(-0.00073778381 0.009297268 0.0011476619)
(-0.0001514709 -0.0030054447 0.0020898969)
(0.0034878366 -0.0041834457 0.0014274658)
(0.0032065019 -0.0076369952 0.00017668009)
(0.0014742068 -0.0088049743 -0.0023101272)
(0.0021490199 -0.0071599179 -0.00421994)
(0.0026107156 -0.0080757265 -0.004766273)
(-0.0039402243 -0.010687391 -0.00083597097)
(-0.005364072 -0.0098483297 0.0023945106)
(-0.0035076014 -0.007317459 0.0028122765)
(-0.0029131735 -0.0053984443 0.0035687223)
(-0.002265972 -0.00048545449 0.0031924131)
(0.00059293893 -0.0004966977 0.0037850895)
(0.001204059 -0.0011325435 0.0019702813)
(0.0034405758 -0.0032410132 0.0016545126)
(0.0033402321 -0.0092609173 0.0017552344)
(-0.0049454017 -0.0096436272 -0.002860207)
(-0.0051608559 -0.0057230072 -0.0034740954)
(-0.0042475712 -0.0015832388 -0.0025484022)
(-0.00017342558 0.00045044109 -0.0031383665)
(0.0034980754 -0.0042243755 -0.0033546981)
(0.0024098585 -0.0092950399 -0.00091543014)
(-0.0042233746 -0.0097975148 0.0027065071)
(-0.0045750121 -0.0077081824 0.0021023391)
(-0.0038697862 -0.0035364006 0.00095764345)
(-0.001271806 -0.0021507387 0.0017207197)
(-0.0017563553 -0.0093962745 0.0018762282)
(-0.0052536952 -0.0094031204 0.0030454725)
(-0.0041591322 -0.0030595179 0.0026797663)
(-0.0046312972 -0.0019080283 0.00262884)
(-0.0012491458 0.0017335991 0.0026216567)
(0.0010245363 -0.0107839 -0.0015122213)
(0.0025408308 -0.011266858 -0.0012983313)
(0.00278434 -0.015595314 -0.001512979)
(0.0008506935 -0.016387939 -0.0013684844)
(-0.00098421434 -0.016968509 0.0012798261)
(0.00013190376 -0.017531273 0.0025163127)
(0.00067667898 -0.016790865 0.002636681)
(-0.00026653087 -0.014649057 0.00148779)
(-0.0010880652 -0.016121789 0.00038871838)
(-0.0017104413 -0.016152319 -3.017477e-05)
(-0.0032064435 -0.013875596 0.00029963699)
(-0.0019695085 -0.011687343 -0.00049841402)
(0.001541508 -0.013259819 -0.00087664625)
(0.0040550064 -0.013073099 -0.001473562)
(0.003216976 -0.016287198 -0.0018086175)
(0.0011363912 -0.017955734 -0.002605358)
(-0.00081187699 -0.018676992 0.00096226963)
(-0.00085957265 -0.0186666 0.00092328057)
(-0.0013431853 -0.017018894 0.00079285375)
(-0.0030998455 -0.013404056 0.00029774812)
(-0.0026705558 -0.010951959 -0.00025249575)
(-0.00014018416 -0.011893398 -0.00033076247)
(0.0022617298 -0.010944504 -0.00059571782)
(0.0027670886 -0.013261047 -0.00040903317)
(-0.00074068593 -0.017255589 -0.00032704711)
(-0.00067362983 -0.017835507 0.00013040633)
(-0.0035149375 -0.01327126 -0.00037100061)
(-0.0026168194 -0.011475918 6.5107314e-05)
(0.00083193835 -0.012295989 -0.00093392791)
(0.00092352622 -0.01772653 -0.00043296453)
(0.00099619286 0.00030753773 -0.00082280101)
(0.0026407055 0.0042183886 -0.00014153226)
(0.0062137674 0.015866245 -0.0018313419)
(0.0042310934 0.018319951 -0.00046908416)
(-0.003308501 0.017856185 0.0041451876)
(-0.0022375871 0.017543262 0.0043843333)
(0.0027900518 0.017681402 0.0046428247)
(0.0024158201 0.016743505 0.0037268898)
(-0.0014511508 0.017795125 0.00072365725)
(-0.0028447593 0.017647431 -0.0011779673)
(-0.004841959 0.014988516 -0.00041985119)
(0.0010314751 -0.00053836287 0.0011348736)
(0.00027071442 -0.0021678061 0.0012036276)
(0.0038343869 0.0073902186 -0.00042900186)
(0.0047803085 0.01666433 -0.0015307048)
(0.0037208706 0.019117876 -0.0018660137)
(0.0038897559 0.020060567 0.00046442338)
(0.0041722503 0.019902099 0.0013001611)
(-0.0024549431 0.018505572 -0.00024261423)
(-0.0060586266 0.013993699 -0.00061719587)
(-0.0024827446 0.0021461929 -3.221567e-05)
(-0.00014435544 0.0015261559 -0.0005314677)
(0.0018005007 0.0026074351 -0.00099879652)
(0.0057697349 0.014350725 -0.0010176528)
(0.0024624487 0.01875549 -0.0012465593)
(-0.0039174745 0.019068849 -0.0010242244)
(-0.0044379387 0.014649361 -0.0010074324)
(0.0014257409 0.0024694041 -0.00086534018)
(0.0015363847 0.0035337537 -0.00075878794)
(0.005053069 0.018042569 -0.0022684763)
(-0.00011046028 -0.013040702 0.0013084163)
(-0.00029082787 -0.013587049 0.0032784917)
(-0.003918697 -0.014783491 0.0010857065)
(0.002146711 0.0060616819 -0.00088369453)
(-0.0032890287 0.0027226936 0.0007544367)
(0.0014164534 -0.017848508 -0.001619996)
(-0.0032761311 -0.015866265 -0.0022700634)
(0.00010673656 0.0013788445 0.0010422099)
(-0.0028115202 0.00016574077 -0.0015319368)
(0.00080457608 -0.0063353477 -0.0015648022)
(0.0058678882 -0.012341526 0.00112452)
(0.0062949414 -0.014218251 0.0036940154)
(-0.0011914102 -0.015406017 0.0042474337)
(-0.0040082841 -0.013893989 0.0024765458)
(-0.00045445374 -0.012137515 -0.00013608223)
(0.0039797044 -0.01150251 -0.0007408462)
(0.0033753909 -0.014186884 -0.0030480279)
(0.0039615538 -0.00074544446 -0.0014932287)
(0.0013040514 0.004700545 -0.00089839586)
(0.0050390517 -0.010426607 0.00095470921)
(0.0019325453 -0.013608759 0.0014495873)
(-0.0004333176 -0.012995733 -5.7625217e-05)
(-0.003161546 -0.013963079 -0.0016298737)
(-0.0049423162 -0.011931935 -0.0018828325)
(-0.0013076023 -0.00097349352 -0.001734758)
(-0.0021922077 -0.003980303 -0.0016305061)
(0.0041721424 -0.014620679 -0.0012385845)
(0.004558102 -0.014184406 -0.00019427721)
(-0.0016730558 -0.015349665 0.0021872544)
(-0.0012492189 -0.0090532536 0.00039168034)
(-0.0022095858 -0.0023905671 0.00018540108)
(0.0031669442 0.0071472706 0.0025322391)
(-0.0031273838 0.011183938 0.0029450933)
(-0.00081699677 0.0085589712 -0.0018446852)
(0.00098289045 0.0085043907 -0.00073811598)
(0.00096915889 0.012372728 0.0023281771)
(-0.0068688629 0.012341 0.00079773489)
(-0.0035839412 0.007533595 -0.0011904294)
(-0.0013868795 0.0046785588 -0.0033023917)
(0.0012077882 0.00043818047 0.0015418339)
(0.0025355922 0.0064956507 0.0026160918)
(0.0037707363 0.0099072535 0.0018145985)
(0.0019674641 0.011366178 -0.00019645629)
(0.0023370598 0.0023995634 0.0020845323)
(0.0022292585 -0.0013465399 0.0018511437)
(0.005173916 0.0074036366 0.0018525713)
(0.00093998152 0.012941429 0.0010887372)
(-0.0011613045 0.0087171346 -0.0035240529)
(0.0020811965 0.0092714406 -0.00094577656)
(0.003816595 0.010772534 0.0017764029)
(-0.00245546 0.0058920734 0.0022047306)
(-0.00013478378 -0.00071198611 0.00082914533)
(-0.0023900042 -0.0012227355 -0.00034659478)
(-0.0043823717 0.0052438775 -0.0011823027)
(-0.0041595954 0.0065274218 -0.0008574195)
(0.0013925446 0.0054498286 0.00072454214)
(0.0011829297 0.00012909547 0.00031613506)
(-0.00028638418 0.0011395772 0.0021764033)
(-0.00035014194 0.010556407 0.00061122738)
(-0.0021739329 0.0096531093 0.0039719456)
(-0.0036550273 -0.0094583984 0.0017293999)
(-0.0049330447 -0.0079411116 -0.00062168759)
(-0.0034551492 -0.0024809777 -0.0010498711)
(-0.00051747912 0.00085101899 -0.0032172719)
(-0.00027384332 0.001041987 -0.0024297811)
(0.0018286938 -0.0023901521 -0.0021542023)
(0.0011017625 -0.0078602397 -0.0040158656)
(0.0012598627 -0.0068824364 -0.0034348627)
(0.00093146802 -0.0098632896 -9.176527e-05)
(-0.0024966669 -0.0098585767 0.0039391232)
(-0.0029989173 -0.0090690404 0.0045883151)
(6.9502501e-05 -0.0090623248 0.0050908237)
(0.0034271191 -0.01097235 0.0050316079)
(0.0046235831 -0.010995655 0.0042537612)
(4.8369003e-05 -0.011691245 0.0020513056)
(-0.0056307613 -0.0074237485 -0.0012659982)
(-0.0019797804 -0.00016702099 -0.0011133981)
(-0.0010882709 -0.0016832443 -0.0017446243)
(0.00077342541 0.0019015083 -0.0014634862)
(0.0041294101 0.00080241676 4.7827458e-05)
(0.0060063693 -0.0041534898 -0.00019186016)
(0.0048968908 -0.0080411993 0.00034099668)
(-0.00039817014 -0.010044974 0.0022169525)
(-0.0028585105 -0.0098910941 0.0031180418)
(-0.0021404297 -0.0081277567 0.00291694)
(-0.0014062231 -0.0098936377 0.0027274935)
(-0.0041460979 -0.010186275 0.0041165496)
(-0.0061300663 -0.0089645233 0.0046626799)
(-0.0052900946 -0.0092914118 0.0041100333)
(-0.0017840828 -0.0062402901 0.0040125786)
)
;

boundaryField
{
    minX
    {
        type            fixedValue;
        value           uniform (0 0 0);
    }
    maxX
    {
        type            fixedValue;
        value           uniform (0 0 0);
    }
    minY
    {
        type            fixedValue;
        value           uniform (0 0.001 0);
    }
    minZ
    {
        type            fixedValue;
        value           uniform (0 0 0);
    }
    maxZ
    {
        type            fixedValue;
        value           uniform (0 0 0);
    }
    bottomWater_to_rightSolid
    {
        type            fixedValue;
        value           uniform (0 0 0);
    }
    bottomWater_to_leftSolid
    {
        type            fixedValue;
        value           uniform (0 0 0);
    }
    bottomWater_to_heater
    {
        type            fixedValue;
        value           uniform (0 0 0);
    }
}


// ************************************************************************* //
