/*--------------------------------*- C++ -*----------------------------------*\
  =========                 |
  \\      /  F ield         | OpenFOAM: The Open Source CFD Toolbox
   \\    /   O peration     | Website:  https://openfoam.org
    \\  /    A nd           | Version:  12
     \\/     M anipulation  |
\*---------------------------------------------------------------------------*/
FoamFile
{
    format      ascii;
    class       faceSet;
    location    "constant/polyMesh/sets";
    object      wrongFaces;
}
// * * * * * * * * * * * * * * * * * * * * * * * * * * * * * * * * * * * * * //


603
(
1081344 
1048680 
1245379 
753860 
2261282 
1278420 
2130638 
197326 
2491146 
295704 
1377049 
2327322 
99142 
983971 
2196472 
2589721 
1213504 
853156 
2295002 
2262244 
1672538 
1508724 
1017419 
1148501 
984667 
1509090 
886542 
1476484 
1574881 
1116133 
1935359 
690227 
493682 
1509524 
952486 
1378541 
1280242 
952586 
2492684 
2460084 
1477089 
2361872 
1509916 
625280 
1116834 
2263734 
1215261 
691094 
1477577 
429180 
2002059 
2166080 
2723144 
560593 
2035252 
2199107 
1052365 
528103 
2232057 
495388 
1249063 
1183662 
2330571 
1216460 
1282201 
2265346 
495979 
921989 
1348055 
1315298 
2036258 
2331251 
135811 
2069247 
791371 
1250157 
1479543 
889721 
922493 
758784 
1020979 
2397301 
1250585 
759070 
1152313 
2233665 
2397508 
300357 
1250655 
2233712 
1447412 
1316381 
2201319 
1414895 
2299707 
366422 
1939290 
1415118 
2136020 
2201676 
759970 
694442 
1743032 
989369 
563430 
2300152 
2365690 
694527 
858402 
1251654 
530763 
1218969 
432613 
989697 
301662 
1088159 
2071279 
2300660 
2136857 
2136972 
891811 
990158 
1154008 
1252337 
1252352 
990282 
2333818 
2333822 
1023247 
2301254 
1023302 
1252754 
2203130 
1318412 
1220151 
2334289 
1089117 
827042 
1056507 
302882 
565283 
1056856 
1482842 
1122401 
303321 
631006 
565473 
893212 
1253723 
1024357 
631184 
991667 
1057206 
664112 
565852 
729700 
2302634 
730074 
1385459 
566384 
1418395 
2696369 
2401470 
599261 
1418484 
2204937 
1484041 
1320278 
501082 
2303421 
599508 
894496 
1418848 
2205351 
1615615 
1156900 
829227 
2369383 
1419214 
927716 
862469 
2304280 
1321295 
1190311 
174568 
2501265 
76455 
666285 
2370237 
895697 
1059573 
764845 
1190862 
1125338 
863204 
2796519 
1813670 
634069 
1289444 
1223984 
1355106 
1453461 
765354 
2371003 
2371103 
470579 
1453631 
175711 
1289847 
2371259 
1257188 
2141931 
1912611 
995169 
667581 
896978 
2109404 
700474 
700565 
2142374 
1126594 
2207943 
2142450 
1257742 
766297 
2797925 
1028490 
2797981 
2077135 
471755 
963297 
1159931 
1422122 
1127242 
1028953 
2798438 
2175873 
570270 
1455024 
1455161 
1455213 
931017 
898264 
1455338 
734484 
865562 
2602453 
1652276 
210672 
2438912 
1357586 
2275105 
1062698 
2111314 
571263 
800653 
210858 
210875 
2439149 
767982 
1619951 
1063010 
1325159 
407708 
1259828 
1063249 
2701663 
244101 
965043 
2111967 
1358367 
2341426 
703071 
244325 
2603623 
1653485 
572268 
2407282 
1620852 
539570 
474084 
998378 
965648 
572494 
933138 
1490204 
212263 
2211131 
1654089 
1293700 
310681 
1293768 
1392079 
1261011 
1064484 
2407996 
1293934 
212656 
1490613 
311075 
1752895 
376717 
1490847 
1425370 
1261549 
507931 
376901 
1491045 
999529 
2408593 
311444 
1065156 
2408689 
1491313 
1360243 
705038 
475673 
2408993 
2081319 
868911 
1065625 
1295010 
2081478 
1426160 
1426210 
1295149 
246610 
1196921 
967568 
1917874 
1819691 
672868 
312483 
1361061 
1655976 
214186 
411002 
2049413 
706054 
378421 
1197743 
968408 
2705207 
1394557 
247743 
1132668 
510343 
870871 
2706002 
412304 
543433 
1264452 
543630 
576411 
576416 
314294 
740545 
740579 
1428750 
2313501 
773427 
314706 
576851 
1232214 
2379146 
1002945 
1101251 
478680 
1428961 
1691180 
773803 
315096 
1691455 
1199997 
315317 
2314420 
1233120 
1134823 
938235 
577789 
1495330 
2380099 
1331651 
2183638 
1004020 
1364469 
578134 
479894 
250560 
1266434 
2577207 
250694 
1397583 
578394 
1495910 
1659770 
873401 
1397776 
1266707 
218271 
1496273 
1398143 
2053538 
841191 
1496555 
1365502 
775707 
2479826 
2152221 
1922851 
1496935 
2316188 
1038320 
415751 
153621 
1398810 
1038455 
481434 
940267 
1071366 
1497356 
743696 
1497523 
776683 
1038855 
1464845 
1464866 
1301029 
2218616 
1497742 
580390 
711575 
842681 
1104858 
1498138 
1039397 
416833 
1367238 
1924305 
1203411 
974086 
1662215 
2612641 
1498574 
712350 
1498813 
581338 
1138423 
581377 
2678598 
1498962 
2482034 
1924996 
1499024 
2056101 
1662916 
1269885 
2154666 
483503 
2384233 
745856 
2351500 
221624 
942524 
2351685 
2220622 
1598110 
1401558 
1663732 
1205016 
2614269 
1532966 
1500242 
1270937 
2352339 
550203 
1336765 
1959383 
943768 
1402566 
2352893 
1238791 
1173320 
1206101 
944002 
845708 
1370059 
1468386 
2189307 
223247 
2386094 
813297 
878861 
2779425 
2648478 
2779611 
2320880 
2222601 
59975 
1174137 
1403697 
748408 
781219 
715693 
1174593 
1961027 
1272916 
1272936 
945258 
1273105 
1994111 
847256 
1043867 
2420160 
1404354 
2354839 
782012 
388798 
716631 
2355055 
946043 
2387972 
1110083 
782425 
1765483 
2420863 
2650329 
2420965 
1667320 
1503535 
881034 
1503670 
1044996 
2224766 
2421391 
1110713 
946950 
2355993 
1045434 
750543 
1504300 
1504445 
1602755 
2356422 
2225359 
1307989 
488796 
783796 
488889 
488916 
423414 
2356843 
652938 
2225806 
784050 
2226015 
2291692 
718853 
1406983 
1472521 
849935 
2357269 
751665 
1669190 
1243222 
1472716 
1013983 
1472826 
653637 
1669504 
981380 
1079761 
1243744 
2488948 
2292466 
1243938 
1211179 
949036 
2718550 
129896 
654235 
293902 
883799 
2784424 
294072 
294078 
1408209 
1408211 
1015207 
1277358 
2784709 
2358727 
949705 
1244642 
2358764 
1506865 
687667 
163577 
1408825 
622450 
1212302 
1408934 
622529 
)

// ************************************************************************* //
