/*--------------------------------*- C++ -*----------------------------------*\
| =========                 |                                                 |
| \\      /  F ield         | OpenFOAM: The Open Source CFD Toolbox           |
|  \\    /   O peration     | Version:  v2012                                 |
|   \\  /    A nd           | Website:  www.openfoam.com                      |
|    \\/     M anipulation  |                                                 |
\*---------------------------------------------------------------------------*/
FoamFile
{
    version     2.0;
    format      ascii;
    class       surfaceScalarField;
    location    "360/bottomWater";
    object      phi;
}
// * * * * * * * * * * * * * * * * * * * * * * * * * * * * * * * * * * * * * //

dimensions      [1 0 -1 0 0 0 0];
oriented        oriented;


internalField   nonuniform List<scalar> 
3858
(
-9.6803257e-05
0.00014595591
-4.84612e-05
-0.00017663941
0.00015367156
-7.3453526e-05
-0.0002869539
0.00017088314
-5.9209741e-05
-0.00035373279
0.00011450999
-4.6569115e-05
-0.0002881216
-9.369212e-05
2.7507809e-05
-0.00013306328
-0.00023079162
7.2971319e-05
-5.0516714e-05
-0.00013240478
4.7240683e-05
5.4301687e-05
-0.00017633531
6.8616592e-05
0.00015712809
-0.00013302457
2.6740167e-05
9.0903626e-05
8.2794033e-05
-1.8554387e-05
-1.7994024e-05
0.00013081544
-2.558108e-05
-0.00013853388
3.9391337e-05
7.7349527e-05
-0.00012333791
-0.00014809286
0.0001297905
0.00014370588
-0.00040194704
0.00013228451
0.00029646678
-0.00022294336
7.3954559e-05
0.00017381664
0.00016547037
-3.450037e-05
0.00010450793
0.00012833271
-5.5276047e-05
1.5758741e-05
0.00012635227
-3.2358379e-05
-6.7306478e-05
0.0001068214
-2.0387948e-05
-0.00020073922
0.00015546613
-1.7708618e-05
-0.00032873374
0.00012816103
5.4635645e-06
-0.00025853552
-0.00013448327
6.7953307e-05
-0.00012068611
-0.00024290317
0.0001052408
-0.0001603026
-5.7978969e-05
9.9259355e-05
-0.00011823005
-0.00012972724
8.8082742e-05
7.117204e-05
-0.00027227633
8.1134094e-05
0.00020030931
-0.00018630318
5.606924e-05
0.00029518674
-0.00014727564
5.0601646e-05
0.00018485765
5.3545226e-05
5.6523193e-05
0.00013011617
5.3342341e-05
-0.00010307542
0.00039513093
-0.00014609959
-0.00025915361
0.00047300604
-0.00016325627
-0.00041058061
0.00045121646
-0.00012890632
-0.00030314627
-2.9717941e-05
3.679359e-05
-0.00016663862
-0.00036330402
0.00013310425
-3.7955352e-05
-0.0005396631
0.00018018821
7.7353841e-05
-0.00035962118
0.0001119072
0.00014197738
-0.0004519579
0.00021099904
0.00027821544
-0.0004009836
0.00013172096
0.00035121726
6.2713508e-05
-5.2921312e-05
-0.00013324424
0.00079845747
-0.00018318055
-0.00053728344
0.00055673677
-0.00011330625
-0.00039507648
-0.000345399
5.5099158e-05
-0.00017016779
-0.0007309401
0.00010408437
8.5153309e-05
-0.00057706458
9.8800119e-05
0.00021653107
2.1413481e-05
1.2679127e-05
0.0001019578
0.00026096844
-1.8062457e-05
0.00015065262
6.3941195e-05
1.3716254e-05
0.00011299069
0.00011410149
3.0381846e-05
-0.00015460703
0.00028835011
0.00013471374
-0.0002460339
6.4667194e-05
0.00015492071
-0.00011020685
-0.00041054039
0.00014023007
2.0499983e-06
-0.00050850473
0.00015334472
-7.3398141e-05
-0.00020704102
0.00022451019
-6.1941769e-05
-0.00031956708
0.00017838347
0.0001178062
-0.00055623233
0.00010420803
0.00029247315
-0.00040821016
4.7240015e-05
0.00049026111
-0.00038867404
4.3610439e-05
0.00048961138
-2.9517026e-05
8.3711983e-05
0.00051671168
0.00010301587
3.3287747e-05
0.00034534876
1.6494438e-05
-3.8044946e-05
0.00042156845
0.0001227703
2.3465766e-05
0.00035827834
3.1427415e-05
0.00018390963
-9.7117797e-05
-9.3044006e-05
9.7412571e-05
-0.00027789128
1.0843145e-06
4.3965185e-06
-0.00042195923
-2.4687829e-05
3.6061626e-05
-0.00038531883
-5.9674744e-06
8.8688107e-06
-0.00042689036
2.1252563e-06
-0.00018574146
-0.00017612222
-3.0251135e-05
1.0245835e-05
-3.2314067e-05
-0.00010095975
2.605356e-05
0.00073390972
4.8740002e-05
0.00011898542
0.0004958038
-3.1998924e-05
4.4950074e-05
-9.0600151e-05
-0.00018076351
-0.00039050963
-8.8395678e-05
-0.00020708474
-0.00065022622
-0.00012948776
-0.00018786023
-0.00035578132
-0.00022973916
-4.3292263e-05
7.1318365e-05
-0.00016089892
-5.232314e-06
0.00027290263
-0.00014337316
5.7300929e-06
0.00026836415
-2.0789402e-05
0.00013942938
0.00028419791
0.00015790013
0.00011461623
0.00029906001
-5.4734487e-05
0.00010453958
0.00021877428
-0.00024942623
-8.0828419e-05
-4.0627905e-05
-0.00018105869
-6.8043849e-05
-4.6767112e-06
-0.00026387954
2.0887338e-05
7.8183219e-05
-0.00040177845
-6.4856091e-07
6.7347953e-05
-0.0004793144
-6.6082667e-05
5.4834457e-05
-0.00040665512
1.0958454e-05
-6.6131202e-05
-0.00035263245
8.4924069e-05
-1.692655e-05
-0.00021302214
0.00013430046
0.00037036055
0.00012942458
4.1308875e-05
0.00019064769
0.00011339222
9.5698863e-05
0.00019749137
0.00016968711
0.00022060114
0.0001594727
7.3903376e-05
9.5398623e-05
0.00012763486
-9.9550138e-05
-5.4930158e-06
-0.0002230342
4.6034548e-05
-2.808591e-05
-0.00042303965
2.3673295e-05
-1.5572771e-05
-0.00035671425
-4.1117737e-05
7.4479175e-05
-0.00045856634
-5.8375983e-05
-4.2099185e-05
1.3116999e-05
-7.2660886e-05
-0.00025673029
0.00035841976
-0.00017610276
-3.260674e-05
0.00040327624
0.00010650988
0.00013442649
0.00029766778
3.1102768e-05
5.1477219e-05
6.2181771e-05
-6.9832681e-05
-9.5559926e-05
0.00012074612
-6.2104669e-05
-9.6441917e-05
-5.7837909e-05
-7.0767868e-05
1.0898774e-05
-0.00030923538
-2.7844472e-05
0.00026694985
-0.00040989451
-7.0554895e-06
0.00024885844
-6.1756654e-05
-6.3525087e-05
-3.5038918e-05
0.00034295399
-7.984603e-05
-8.0908182e-06
8.5144887e-05
4.5807148e-05
8.3783079e-05
-0.00011738046
-2.9227921e-05
0.00011524112
-0.00023729254
-4.3591735e-05
5.485278e-05
-0.00011785279
-2.8175509e-06
-7.71503e-06
-0.00019899619
-2.3155436e-06
6.6074856e-06
-0.00036608335
-5.0017611e-05
4.7160001e-05
-0.00043741221
-8.2454704e-05
6.6279894e-05
-0.00038330738
-4.2467625e-05
1.6384419e-06
-0.00027276383
-1.5227168e-05
-0.00012816174
-9.4415415e-05
1.1193453e-05
0.00017637485
6.5823951e-05
5.7544644e-05
0.00013310307
0.00012810735
0.00012692869
0.00018332697
0.00010425307
0.00032519106
-1.4229227e-05
0.00020253002
-0.00010037316
-5.2584999e-05
-0.00016792464
-0.00020096765
-0.00020833162
-0.00048407349
-0.00017546052
-0.00050871809
3.7761571e-05
-0.000263817
0.00011351865
-1.4477865e-06
0.00014090701
0.00018697952
0.00010924044
0.00026516092
-1.5999636e-05
0.00040794906
-2.2042033e-05
0.0003817322
-3.1621046e-05
7.5447789e-05
-2.9509703e-06
-0.00029037001
-4.40767e-05
-0.00029105079
-6.107587e-05
8.0930885e-05
-2.9027678e-05
0.00021607804
-5.000226e-05
0.00021280455
-0.00011410696
0.00019802635
-0.00022251433
0.0002864263
-0.00020625274
0.00028156696
-0.00019413684
0.00013102696
-0.00021554335
-9.8207321e-05
-0.00020817793
-0.00022461517
-0.00025689953
-0.00028880029
-0.00020857872
-0.0002338446
-0.00014937111
-5.7469747e-05
-9.6792552e-05
0.00014233397
-9.2503467e-05
-0.00013818658
6.0231423e-05
-9.0932146e-05
-0.00023149291
0.00012434192
-8.8383267e-05
-0.00028836324
0.0001500321
-0.00013970597
-0.00031559787
0.00013515567
-8.1651383e-05
-0.00019867742
-3.3608319e-05
-1.3363676e-05
6.0584439e-05
-0.00022952555
1.1527505e-05
0.00012937476
2.9137669e-05
-3.284048e-05
0.00010616437
0.00012623602
-7.9617313e-05
7.7891417e-05
0.00011852819
-0.00011060794
0.00013465075
4.8844259e-05
-0.00013308683
0.0001501949
0.00012296676
-6.2294337e-05
0.00013774372
0.00010530876
3.7677439e-05
0.0002598259
-6.058954e-05
7.2329148e-05
0.00019721791
0.00016745451
-2.4733696e-05
9.8177932e-05
0.00017838721
-0.00010850426
4.3300554e-05
0.00015243478
-0.00014882258
-3.3483059e-05
0.00017523642
-0.00012612822
-0.00010416691
0.00018347238
-0.0001278898
-0.0001733126
0.0001689853
-0.00011397795
-0.00025723892
0.00015117654
-5.8732834e-05
-0.00024494669
3.4330244e-05
2.4150883e-05
-9.8173989e-05
-0.00011599633
7.4344718e-05
-0.00013535228
0.00012115627
1.634254e-05
-0.00016650746
0.00012915154
-9.4466174e-06
-0.00015053049
7.4899242e-05
-9.7650375e-06
4.5283211e-07
-0.00013451445
3.8831074e-05
0.00025346423
-0.00033578262
0.00012952024
0.00019977837
-3.1049166e-05
0.000140331
0.00013024221
0.00012093054
-0.00012258563
0.00026591405
-0.00014709403
-5.9279744e-05
-8.195728e-05
-8.4373439e-05
-5.2702422e-05
9.1084852e-05
-0.00010222656
-0.00020651164
0.00046237739
-0.00012174248
-0.00024384457
0.00031766472
-1.2071874e-05
-9.8191497e-05
-0.00018116748
0.0001820943
0.00022523229
-0.0005834084
0.00014236627
0.0002931545
9.3921566e-05
7.829292e-05
-2.3412972e-05
0.00057674035
-2.2159121e-06
-5.6241702e-05
0.00024414612
-0.00014571053
7.8193829e-05
-3.9314523e-05
-0.00022945731
-0.00017700112
0.00042315121
-0.00015829577
-0.00023950681
0.00020019491
2.2718696e-05
-1.4068924e-05
-0.00025375993
7.1816865e-05
8.4660743e-05
0.00011296567
5.4559289e-05
2.9668704e-05
0.00038557119
-0.00013951281
-0.00010805223
0.00050738646
-0.0002352932
-0.00012401805
0.00043089503
-0.00022597653
-4.1976496e-05
0.00012696192
4.850753e-06
-0.00021958654
0.00048196584
-6.5675312e-07
-0.0003160556
0.00035577241
4.6793905e-05
-0.00017559064
-0.00010815229
0.00014224764
5.3731764e-05
-0.000334486
0.00014251199
-0.00011711702
0.00043610612
8.0409131e-05
-0.00035710801
0.00053255518
1.4970824e-05
-0.00026118173
8.6943684e-05
-3.7626877e-06
3.5178347e-05
-0.00037446059
-9.1739182e-06
0.00035999584
-0.00070145771
8.4468034e-05
0.00043331584
-0.00016079089
0.0001401337
0.00053891126
0.00012766266
3.8796661e-05
0.00019021364
5.3398207e-05
-0.00011849718
-6.4306236e-05
0.00026241311
-9.4724775e-05
-9.7947891e-05
0.00019668776
0.00013080291
-2.6154558e-05
0.00016996026
0.00026834775
8.6418045e-05
9.4786143e-05
0.00013299136
-8.7167307e-05
1.6668375e-05
-0.00030673413
-0.00012265029
-2.7000121e-05
-0.00011348415
-0.00012937463
3.2171455e-05
8.0926429e-06
0.00021940626
0.00020550614
-1.5154155e-06
9.8467537e-05
5.4326864e-05
3.0540903e-06
-0.00011855727
0.00012341321
2.4477609e-05
0.00031284784
5.6880899e-05
-3.8444898e-06
8.7012182e-05
-3.9258703e-05
-0.00025617564
-7.1545128e-05
-0.0001369684
-0.00024848319
4.4265455e-05
-0.00012685246
-0.00010576248
0.00020171491
-2.1566994e-06
3.2499128e-05
0.00036746859
-3.5760489e-06
5.8773906e-05
0.00033702691
7.3323431e-05
2.3065808e-05
2.2502877e-05
0.00027959653
-1.5700429e-05
0.00038760807
0.00024774023
0.00012154315
0.0002421291
8.0939315e-05
7.7483976e-05
-7.1672797e-05
-7.3248732e-05
-0.00016776246
-7.0072292e-05
-8.7211121e-05
-0.00013283386
0.00032032978
0.00010173509
-3.4987709e-06
0.00029830946
0.00010426207
0.00035069327
-0.00032810432
-5.2266978e-06
0.00020352392
-0.00016389482
-5.2437977e-05
-0.00023038325
-0.00011297847
-6.9648004e-05
-0.00016606937
-0.00010035196
9.5476604e-06
0.00040891605
9.3350421e-05
0.00023932737
1.6276646e-05
4.8001867e-05
-0.00013474518
0.00037786012
0.00010159332
-0.00021305707
-3.410088e-05
8.8368266e-05
8.348239e-05
-0.00045170305
2.9458894e-05
0.0002701371
-0.00011272206
5.8519929e-05
-1.0532931e-05
0.0002020872
1.5088807e-05
-0.00029637323
0.00019408183
-7.2009581e-05
-0.00029667608
-0.00017004735
-1.740044e-05
8.0643888e-05
-0.00034429522
0.0001137206
2.8189662e-05
6.4768426e-05
-8.9949454e-05
-0.00029755867
0.00028394779
2.9753116e-05
-0.00013289197
0.00017479579
4.488104e-06
-0.00019038759
0.00021577001
-0.00014109492
-0.00035399076
0.00023392998
-0.00020397661
-0.00037979119
8.8998457e-05
-8.9700447e-05
-0.00011857766
-0.00012507347
3.7730382e-05
0.00022724498
-0.00010799778
0.00012258824
0.0003378612
3.9961448e-05
0.00012292417
3.2470612e-05
0.00020505654
4.2990896e-05
7.0966817e-05
0.00020232679
0.00019259223
0.00023965618
1.1205882e-05
3.3005942e-05
-3.0671048e-05
0.00021007743
-5.5014736e-05
-0.00027601331
0.00022776569
-5.5313261e-05
-0.00019274285
0.0001121958
0.00012254798
5.8548393e-05
-8.1198645e-05
7.8199258e-05
0.00014891392
-0.00038572893
-0.00011519562
5.5379274e-05
-3.7436622e-05
-7.5391179e-05
-0.00020056396
0.0001742788
-4.6541215e-05
-0.00031862941
2.4915685e-05
3.99126e-06
5.8011785e-05
9.8098801e-05
-5.1171044e-05
0.00020055078
0.0002090225
0.00024459528
0.00014495258
0.00013422213
-0.00020645874
-0.00011452096
-0.00024123612
-0.00017831785
-8.4828585e-05
-0.00012224499
8.0634156e-05
-0.00017971254
-8.3899591e-05
-0.00018097414
-0.00038752974
-2.9035229e-06
-0.00034674482
0.00013750212
-0.0001532283
0.00023133826
-6.5761912e-05
0.00019656982
7.2887117e-05
6.1121329e-05
0.00021893421
6.5840837e-05
0.00026712785
9.1837745e-06
7.4945601e-05
6.4157806e-05
-0.00014305152
6.5922638e-05
-0.00019712494
3.2959006e-05
-7.3387147e-05
5.229107e-05
2.0341853e-05
5.8595536e-05
-1.5545962e-06
-8.1004627e-05
8.4944418e-05
-9.893591e-05
0.00023125515
-0.00012479778
0.00029333937
-0.00014402525
0.00017439085
-0.00017779348
-0.00020231597
-0.00021720003
-0.00024714741
-0.00024950472
-0.00011534194
-0.00016610538
-8.2578542e-05
-0.00015721883
-8.2036504e-05
-0.00014689492
3.2843295e-05
2.1598994e-05
1.9615373e-05
-0.00032070079
6.0997058e-05
0.00010514959
-0.00021187762
3.7027831e-05
4.754313e-05
2.8576852e-05
-0.00011155329
-6.380914e-05
0.00012701853
-9.8632387e-05
-0.00012832057
0.00012870183
-7.9628786e-05
-0.00014425262
8.9632023e-05
-6.499867e-05
-0.00020818302
0.00015332264
-0.00012386921
-0.00019150901
4.8946407e-05
-0.00014769646
-6.2243779e-05
-0.00015176443
-9.1321073e-05
0.00015880669
-0.00026805167
-9.0022084e-05
0.00033646355
-0.00017739174
-6.5176878e-05
0.00031339077
0.00013262228
-7.0385397e-05
0.00026710584
0.00017956028
-5.9705836e-05
0.00021962953
0.00015243337
-0.00012788869
0.00013226965
0.00010813093
-0.00012467038
-2.4316106e-05
0.00013028542
-0.0001199125
-9.0432337e-05
0.00014739945
-0.00020103162
0.00015219623
-0.00032210757
-4.8857126e-05
0.00014645835
-1.4763408e-05
-9.1699858e-05
1.4021908e-05
0.0001110689
-3.7142783e-05
-9.9084699e-05
0.00011699064
2.0127242e-05
-0.00013823452
0.00012051141
-6.8721086e-06
-0.00018914383
0.0001129441
-4.4980384e-05
-0.0001595755
4.94694e-05
-8.8576393e-05
4.2455123e-05
-0.00019966066
-1.4457288e-05
0.00024319372
-0.00025863728
9.4091649e-05
0.00033522871
-0.00014023526
0.00017629458
0.0002024989
9.9170583e-05
0.00017518486
0.00014945258
0.00017322086
-0.00014910012
-5.6186077e-05
9.1035478e-05
1.1231092e-06
-0.00068446438
0.00012916693
0.00015221114
-0.00055283929
8.7647083e-05
0.00024211094
-8.188632e-05
-0.0001011791
0.00031085635
0.00012240622
-7.6204974e-05
6.2596551e-05
0.00050604282
5.3013102e-05
-0.0002966994
0.00057263751
1.8656724e-05
-0.000500259
0.00055755372
-0.00012237856
-0.00037247506
6.0291385e-05
-0.00014134485
-0.00013447393
-0.00043485083
-0.00010062526
3.6247508e-05
-0.00059467131
-7.3559131e-05
0.00026831084
-0.00050877351
-5.8977347e-05
0.00041181133
5.0561564e-05
-3.8721082e-05
0.00016371239
0.00055201109
-5.2535004e-05
-0.00011498703
0.00057930822
-9.3616129e-05
-0.0001403446
0.00012503393
-0.00013105823
-0.00020577795
0.00016963557
-0.00020920999
-2.9605215e-05
1.2538619e-05
-0.00026728843
0.00040836433
-0.0007653463
1.0119934e-05
0.0004730908
-2.7548395e-05
-5.259823e-05
0.00016629596
0.00053370067
-6.9043027e-05
-0.0001946454
0.00060308157
1.7098078e-05
-0.00034725795
0.00040380418
1.1831774e-05
-0.00040161156
0.00034374825
-9.6041406e-05
-0.00026847746
5.1368257e-05
-0.00012006213
6.3032437e-05
-0.00045443882
-8.0494426e-05
0.00028506046
-0.0005672199
7.7380675e-05
0.00045734423
-0.00038015491
0.0001521039
0.00043842455
9.4060531e-05
0.00016416343
0.00059162071
0.00012391907
9.3910868e-05
-0.00010201142
5.3126954e-06
-0.00011298618
-0.00031195803
9.6803829e-05
-0.00023750584
-0.00033938721
0.00010775535
-0.00027372798
-5.4543099e-05
0.00017883918
-0.00012409343
-2.3418962e-06
6.9899698e-05
-3.2155372e-05
0.00038569674
4.5076385e-05
-7.404266e-05
0.00057303062
1.4494037e-05
1.6600961e-05
0.00049159528
7.4862505e-06
0.00014193618
-2.5414968e-05
0.00016587725
7.1207516e-05
-0.00035241955
4.2624226e-05
-4.3525309e-05
-0.00034774518
-8.7801098e-06
-0.00030609197
-0.00013727546
-5.205051e-05
-0.0001314563
-4.9189183e-05
-0.00011414363
-6.8283434e-05
0.00042299516
-7.1125349e-05
-6.8864286e-05
0.00039272153
6.0315081e-05
0.00015597625
-0.00019255854
9.0595237e-05
0.00031886638
-3.2813628e-05
3.5983017e-05
0.00040002994
-6.6453669e-05
7.1152153e-05
-8.0033594e-05
-0.00011927762
0.00011359139
-0.00013765194
-1.753971e-05
0.00029534989
-0.0001051331
0.00043831393
0.00014380722
-0.00018292991
0.00053306131
7.4568344e-05
-0.00013260113
0.00027516874
-8.9044597e-06
6.6767446e-05
0.00019507465
5.104012e-05
0.00026927161
-0.00011657266
6.9698823e-05
0.0002416592
-0.00035494085
-7.7112254e-05
-5.9078447e-05
-0.00010713175
-0.00021178848
-0.00024795011
-9.4801207e-05
-0.00016613005
-8.3940663e-05
-7.480995e-06
-5.2920261e-05
0.00052253213
7.8498343e-05
-8.3033146e-05
6.3761555e-06
2.2647469e-05
-0.0001224846
-0.0002337161
6.2802869e-05
-0.00012832652
-0.00032934745
8.4170437e-05
-0.00031489103
0.00019114698
-2.966668e-05
-0.0004355272
0.00020333841
-2.6524204e-05
-0.00018571919
0.0001744844
-2.3506878e-05
1.3926119e-05
0.00034894844
-4.7572734e-05
0.00011482561
0.00025667074
0.00011662458
3.4267607e-06
0.00017689363
2.2810827e-05
-0.00016212847
-0.00029645751
1.9643701e-05
-0.00018404908
-0.00027536538
-2.0706107e-05
-0.00031293187
-1.4000798e-05
1.0096203e-05
-0.00036621298
-1.7900815e-05
-0.00011910219
-6.1147938e-05
-1.7594918e-05
-6.8451584e-05
0.0001677843
-9.0139997e-05
0.00016422884
0.0002789838
-0.00029588934
2.9861674e-05
0.0002896156
-1.886605e-05
9.8008869e-05
0.0001237898
0.00023939244
-1.7096129e-05
-0.00015116111
0.00014499821
5.3665973e-05
-0.00027755912
0.00017153346
0.00012991707
-0.00014764386
0.00021469506
0.00012670955
-1.7217708e-05
0.00030669208
4.0928347e-05
8.1892249e-05
0.00019399852
-7.3252981e-05
6.4584378e-05
0.00023327701
0.00010165349
3.6365732e-05
-3.6923029e-06
-6.4624481e-06
1.1687592e-06
-0.00034610811
-8.8831385e-05
-9.6042882e-05
9.5011378e-05
-0.00018032267
-0.00019298588
9.5730578e-05
-0.00014013001
-0.00024771863
0.00012159594
-7.0352924e-05
0.00026939251
0.00010351978
-4.7368161e-05
0.00025429511
-0.00021861403
0.00018212506
-0.00044816587
3.4426528e-05
-0.0003366701
-3.4869755e-05
-0.00027262654
-3.9023004e-05
-0.00016384842
-5.653872e-05
7.1135523e-05
-6.574806e-05
0.00017485189
-2.8019774e-05
0.00030642166
4.24203e-05
6.1370572e-05
8.6095684e-05
-8.4481628e-05
0.00010182506
5.5349687e-05
4.2737688e-05
0.00016495942
-6.6389236e-05
0.00018560815
2.7597189e-05
8.4587633e-05
2.006429e-05
-0.00022571029
7.8566389e-05
-0.00032692565
0.00014827195
-0.00023999983
0.00018542563
-0.00021081372
0.00016810317
-0.00014917009
0.00016848537
-0.00010745333
9.1973675e-05
4.6088936e-05
5.4213917e-05
0.00019242027
-7.7130589e-05
0.00034191775
-6.0245716e-05
0.00022552668
-6.5094715e-05
-0.00019675035
-0.00014103111
-0.00021048751
-0.00014075618
-0.00018300056
-9.7861757e-05
-0.00017883029
-3.9793164e-05
8.5257201e-06
-0.00017071283
8.62549e-05
0.00010583946
-3.3819271e-05
-0.00026977309
0.00018938284
2.2355355e-05
-0.00016537219
0.00014422464
0.0001834067
-0.00032321869
4.4088633e-05
0.00019076334
-0.00011100556
-9.238548e-07
5.6374649e-05
8.5437375e-05
-3.6587186e-05
-9.3130472e-05
0.00011502725
-3.7466675e-05
-0.00020285057
4.4272997e-05
-6.3032687e-05
-6.503243e-05
-0.00022352925
-6.9545901e-05
6.2032542e-05
-0.00021832557
-3.0254061e-06
0.00024810482
-0.00029711776
1.6698517e-05
0.00035788353
-0.00019082186
1.4548969e-05
0.00025656447
9.7500246e-05
-6.4809486e-05
3.851563e-05
0.00015911251
-2.9731959e-05
-6.0341776e-05
8.1180627e-05
-0.00023471352
-4.4091935e-05
9.8833835e-06
-0.0001059892
2.0412995e-05
-0.00015652904
0.00017171498
-0.00037421738
4.5027216e-05
0.0003535364
-0.00027195835
-2.1305318e-06
0.00025903189
6.8154581e-05
-7.9624453e-06
0.00010826924
0.00015996944
1.2800356e-05
-2.7444755e-05
0.00015374611
-2.525746e-05
-8.1240681e-05
7.3178599e-05
-6.2940051e-05
0.00013599838
-0.00023077917
-7.5788442e-05
0.00029413649
-0.00018339863
1.2112858e-05
0.00027744351
6.9682902e-05
4.4921577e-05
0.00021495013
0.00015566946
8.723752e-05
8.8416262e-05
0.00017373796
0.00013096763
0.00014537727
0.00011745572
-0.00013385605
8.0314911e-05
0.00023083153
6.9408065e-05
-0.00060577046
0.00026190019
0.00015859899
-0.00039484736
0.00022793133
0.00036029178
-0.00070253688
7.6446308e-05
0.00047656151
-0.00032571596
2.2235704e-05
5.4807529e-05
0.00055770443
2.5000243e-06
-0.00051725191
0.00081522354
-0.00010948014
-0.0004987422
1.5561656e-05
-0.00011217693
-0.00023784156
-0.0005585704
-6.7204362e-05
-4.6705767e-05
-0.00047670026
-3.3386378e-05
0.00016510096
-0.00060799966
2.5516024e-05
0.00033181146
-0.0004948203
7.8310589e-05
0.0001774622
0.0001146338
9.8494612e-05
-0.00026073765
0.00054477736
-0.00025451865
-0.00016017691
-1.3971679e-05
-0.00060631871
-0.00010204078
-0.0001112575
-0.00010182369
-5.2188593e-05
-0.00019490394
0.00020513429
-0.00070457807
3.3522641e-05
0.00044622019
-0.00057711232
1.1469835e-05
0.00049258203
3.023636e-05
-7.7486641e-05
0.00019054033
0.00052627392
-4.7164697e-05
-0.00028507743
0.00072625947
-8.506381e-05
-0.00025238177
6.6796423e-05
-0.00012235489
3.9904305e-05
-0.00058542412
-5.7703252e-05
0.00031811585
-0.00049815034
-4.3954267e-05
0.00045576223
-5.1080218e-05
6.0497422e-05
0.00042085154
0.00024766114
9.5022911e-05
0.00025134116
0.00040461827
0.0001027935
0.00056165229
-4.1014789e-05
0.00030563941
-0.00031213505
9.2123261e-05
0.00023688739
-0.00045066311
1.0448513e-05
0.0002161397
-0.00028122504
1.4880728e-05
-0.00013538836
-9.1085216e-05
-8.1084429e-05
-0.00015158493
-8.1383467e-05
-0.00015823623
-3.7162263e-05
0.00050585296
-1.7494822e-05
6.8301818e-05
0.00079708404
-7.2830559e-05
0.00019419376
-3.9062317e-05
-6.3781736e-05
-1.6429682e-05
-0.00016024903
-2.1820701e-05
-6.5089552e-06
-0.000387779
-5.6217784e-05
-4.2016871e-05
-0.0005245825
-5.6689367e-05
-0.00010076915
-0.00028849907
-0.00019961948
-6.4837206e-05
4.1311602e-05
-7.6753395e-05
-1.3326417e-05
0.00042214122
-1.1297014e-05
-0.00010189123
-6.2653764e-05
-0.00046436672
0.00026088987
-0.00039881812
0.00043970161
-0.00017993307
2.008489e-05
2.5876763e-05
-9.6114468e-05
-8.1047363e-05
-0.00026796801
-8.3082651e-05
9.5165008e-05
-0.00011245323
-4.4048057e-05
6.2576861e-05
5.0292689e-06
0.00045836935
2.499041e-05
0.0001070099
0.00068678564
-7.1411259e-05
0.00027083456
-9.5969433e-06
-3.6391165e-05
5.7555988e-05
-0.00030334939
9.0267592e-07
-6.0541387e-05
-0.00030231273
-0.00015485249
-1.7856925e-05
-9.2525669e-05
-0.00021302749
3.8933564e-05
0.00014119805
-0.00011645745
4.3318846e-05
0.00030438387
4.2928852e-05
0.00049896721
0.00018450226
-1.0339709e-05
-0.00040522423
0.00012607639
6.612433e-07
-0.00043370012
3.4838944e-05
-2.5857307e-07
-0.00023744804
4.1313264e-05
-0.00017835139
0.00021964801
-0.0001623071
-0.00033117522
0.00016951427
-0.0001245981
-8.9342635e-05
0.0002463762
-5.8627268e-06
0.00025144033
0.00046992234
-6.1194018e-05
1.9246062e-05
0.00028470722
2.5049282e-05
-0.000105272
9.0240073e-05
-0.00010316024
-6.6777964e-05
-0.0003831552
-2.3474155e-05
-8.092536e-05
-0.00053953018
8.3889318e-06
-0.00013548832
-0.00024298047
1.9140537e-05
-0.00019629685
0.00010036428
-0.00011734636
1.3095593e-05
0.00014429719
-2.079773e-05
9.6230932e-05
-2.8487903e-05
-0.00042681487
8.1623481e-05
-0.00041092064
-1.8153735e-05
-6.1479617e-06
-9.1104021e-05
-0.00022458915
0.00015264119
1.1345726e-05
-0.00027622945
8.0798019e-05
1.7676705e-05
-0.00031132944
6.005583e-05
5.7705657e-05
-3.4011097e-05
0.00018123734
4.0742026e-05
0.00025611461
0.00036761082
-4.4203858e-05
0.0001268174
0.00029717932
-7.5825557e-05
3.7467493e-05
-0.00018261877
-3.7843151e-05
-4.6759051e-05
-0.00028578166
-2.1135917e-05
-0.00018546768
9.4166021e-05
-0.00022830573
-0.00015470842
8.8852807e-05
-0.00011854403
-0.00011378706
0.0001513508
4.1758781e-05
0.00026872471
0.00021997521
-0.00020745788
5.6528781e-05
-0.00041012269
-4.8910233e-05
-0.00053901777
-7.4126427e-05
-0.00038004114
2.580163e-05
-0.0003194193
6.9869418e-05
-0.0001570958
2.751397e-05
0.00021734304
2.9735426e-05
0.00042489064
4.9139823e-05
0.00047581801
8.1732987e-05
0.00014523055
3.3527912e-05
-0.00019896402
-9.3510569e-05
-0.00024874091
-0.00015046591
-5.4127543e-05
-0.00016063834
0.00011776683
0.00023406206
-0.00011418643
-0.00037683512
-0.0003954773
0.00019791984
-0.00030292093
0.000228188
-0.0002557009
0.00020206336
-0.00024115521
0.00013748382
-9.649034e-05
9.0786394e-05
0.00019096689
3.0230062e-06
0.00044508747
-1.7186972e-05
0.00021102311
-1.3649125e-05
-0.00019667854
-1.9111108e-05
-0.0001907714
-5.2497312e-05
-0.00017320693
-2.657342e-05
-0.00016143296
9.9783667e-05
0.00011581747
-7.0039147e-05
0.00012732858
4.8528175e-05
-7.3441449e-05
5.7132719e-05
0.0001354985
-8.0535381e-05
8.0353365e-05
7.1327732e-05
1.2045523e-05
-7.0759205e-05
1.8828124e-05
-2.4189429e-05
0.0001200062
-8.616829e-05
-0.00010134087
0.00015867026
-0.00012091007
-0.00018764885
0.00015882832
-0.00011263679
-0.00023879495
8.504529e-05
-9.8623594e-05
-2.5564725e-05
-0.00023105734
-5.7181143e-05
0.00017285763
-0.0002308004
2.5479768e-05
0.0003128821
-0.0001852196
5.6672128e-05
0.00023093348
2.3167721e-05
7.0317321e-05
0.00012663848
3.5203913e-05
5.7385587e-05
-0.00023253839
1.9000352e-05
3.9129687e-05
-3.6125441e-05
0.00010274824
0.00024069306
-0.00029682906
9.2008199e-05
0.00029374938
-0.00014058881
8.1047759e-05
0.00016890018
9.5231619e-05
4.4797084e-05
-7.3686362e-06
0.0001304194
1.9940657e-05
-6.018836e-05
2.9008155e-05
-3.7767174e-05
0.00020738282
-0.000322661
-2.2198148e-05
0.00030442759
-7.2780133e-05
-1.0441018e-05
0.00025222544
0.00013445075
-3.3973308e-05
0.0001811316
0.00016328711
-1.8807433e-06
6.7712074e-05
0.00016408993
8.2971976e-05
0.00013555885
5.1698725e-05
-7.7877675e-05
0.00022137272
0.00021466508
-3.9208566e-05
3.0914014e-05
0.0002494498
8.994957e-05
2.1871735e-05
0.00015725483
0.00030184886
-0.00026594692
5.9734734e-05
0.00038641015
5.1098859e-05
6.5817549e-06
-2.4789337e-05
0.00062964498
-5.7275215e-05
-0.00046183996
0.00060245298
-0.00011605418
-0.00036148459
3.2333492e-07
-0.00012781036
-1.8899126e-05
-0.00056480147
-7.6045701e-05
0.00025638094
-0.00053145356
-8.01329e-06
0.00051269654
-0.00046114572
4.5126542e-05
0.00052976427
-3.1861751e-05
0.00011627232
0.00065707987
9.7817493e-05
1.8345124e-05
-0.0004863279
4.0540443e-05
5.2502932e-05
-0.00012640722
8.9646612e-05
0.0002849273
-0.00056453384
4.6750252e-05
0.00042508425
-0.00040625032
4.8017926e-05
0.00023492361
0.00020708935
3.113822e-05
-0.00025333795
0.00061212214
-7.8504985e-05
-0.00020689984
-7.5632628e-06
-0.00013222158
0.00020988817
-0.00070938809
-8.7764166e-05
0.00042288062
-0.00025107531
-7.8651532e-05
0.00036361888
0.00039059103
-0.00013638112
0.00018597693
0.00048317409
-4.7222117e-05
-4.9269397e-06
0.00042835336
2.9433931e-05
0.0001341334
-4.4516283e-05
0.00017146125
-2.5382281e-05
0.00016741703
0.00033188082
-0.00025287375
0.00013381673
0.0003468922
-0.00015826013
0.00018000122
0.00010312731
-0.00012274815
1.9481678e-05
0.00010328205
-7.218793e-05
-3.5104176e-05
0.00011550747
0.00057361851
2.6306215e-05
0.00019677715
0.0005302102
-8.1857474e-05
0.00033194273
-4.3171322e-05
-0.00015545268
0.00014034143
-0.00028088397
-0.00011413693
0.00016501629
-0.00051206505
-0.00010028117
1.2041267e-06
-0.00040425644
5.02335e-05
1.4340995e-05
-8.6358793e-05
-0.00015825932
0.00059745745
-2.7899986e-06
-3.6416836e-05
-0.00045300877
2.3182591e-05
9.1876242e-05
-0.0002824212
-5.3326468e-05
-0.00011028507
-0.00018690142
-8.0306107e-05
-0.00018048725
-0.00018055738
-9.2913898e-05
-4.9165731e-05
0.00012349056
-2.2732319e-05
0.00013502367
0.00049361255
-0.00013709107
0.00029402756
-5.9440543e-05
-0.00014351777
-6.8377237e-06
-0.00032366172
-8.3958398e-05
8.6807221e-06
-0.00038063385
-4.0812392e-05
0.00010722788
0.00025612156
-0.00017710518
8.6947988e-05
0.00044045869
-5.3462173e-05
8.1754804e-05
0.00035019943
0.00012627596
6.8081681e-05
0.00033230878
0.00016191968
-0.00016082431
9.9598763e-05
0.00021073527
-0.00032357808
5.6727696e-05
0.00015796458
-0.00014721171
8.3035547e-05
-6.6281695e-05
5.9787864e-05
-0.00012059683
-0.00018252193
4.1547304e-05
-0.00012209311
5.7474991e-05
0.00023590632
9.1852534e-05
0.00034773653
0.00024145675
-6.2702123e-05
0.0001978933
0.0001514128
-1.9691629e-05
0.00012039436
-0.00021649716
-9.0048135e-05
0.00016581469
-0.00054866196
-3.2297605e-05
4.9704982e-06
-0.00028057676
4.555342e-05
-0.00019726435
0.00020629429
-7.127773e-05
0.00031666776
-3.3821033e-05
-0.00012168542
-0.00045558138
3.3154001e-05
-0.00016333745
-0.00025599656
2.6573112e-05
-0.0002127607
-0.00015286357
3.30621e-05
-0.00021368178
-0.00011646129
-5.4693458e-06
-2.9971632e-05
2.9843489e-05
-4.9321045e-05
0.00028489524
0.00020050768
-6.5965845e-05
0.00017759453
0.000181211
-0.00020917638
7.9725647e-05
-0.00025417428
-9.4617087e-06
1.0943645e-05
-0.00036348504
3.049728e-05
-6.1540834e-06
0.00010245401
-5.7540451e-05
7.353527e-05
0.00025853693
-1.6311623e-05
0.0001942073
0.00010228733
0.00016899885
0.00024692835
0.00023533583
5.4361014e-07
-0.00010483912
-0.00018989179
-0.0001820529
-0.00028464146
-0.00012658846
-0.00022148044
2.242847e-05
-0.00022558158
0.00011551786
-2.0850018e-05
5.8688714e-05
0.00025887715
-8.5350153e-06
0.00048070715
-2.1277394e-05
0.00036680908
-2.086612e-05
-0.00010120154
-4.7123451e-05
-0.00036921248
-0.0001060764
-0.00022408284
-8.9301282e-05
-6.8053423e-05
-0.00031952144
6.1859897e-05
-0.00036348986
1.6159843e-05
-0.00031993016
5.6401039e-06
-0.00026694893
-3.1958691e-05
-0.00010217515
-4.4143891e-05
0.00015800584
-5.6650298e-05
0.00039315369
-7.1123816e-05
0.00020569681
-8.0366525e-05
-0.00015304134
-2.3857993e-05
-0.00014786245
4.4777807e-05
-6.8284173e-05
0.00015238522
-0.00011685868
0.0002506455
0.00024588714
-6.6366628e-05
0.00015595686
-4.1623476e-05
-0.00012721661
0.00015556095
3.942688e-05
-0.00019124904
0.00014522866
-9.1865449e-06
4.4261735e-05
-0.00019096388
-3.0006504e-05
0.00015717314
-0.00010832315
-9.4326459e-05
7.2539261e-05
7.4265227e-05
-0.00011442344
-6.9620927e-05
0.00013691905
-0.00011241579
-0.00010354409
4.4435223e-05
-0.00011245595
0.00014581771
-0.00028103913
-3.1895432e-05
0.00021395439
3.0532515e-06
-4.696347e-05
0.00022603221
5.2051341e-05
-1.0017364e-05
0.00012589777
0.00014829977
2.0245018e-05
0.00013172813
2.6401941e-05
0.00010099767
-0.00022169451
0.0001392145
0.00018622616
-0.00015307455
0.0001710446
0.00031129933
-0.00022599674
0.00019310589
0.00018716068
4.4754671e-05
0.00016313324
-4.6813724e-05
0.00016519126
0.00011531104
-0.00015432215
0.00010071927
2.6801983e-05
-0.00012195089
-7.2102132e-05
3.941163e-06
0.00011317398
-0.00028564655
2.7729552e-05
0.00012417026
4.8432604e-05
-6.4337393e-05
2.7261308e-05
0.00010677388
-4.0057597e-05
-0.00012302306
0.0001539787
-8.6701588e-07
-0.00022697406
0.00015514295
3.804316e-05
-0.00024735284
7.321971e-05
-0.00017175845
0.00043834722
0.00010403319
-0.00032699124
0.00043931033
0.0001209332
-0.00014990564
6.1611569e-05
6.3786325e-05
0.0002208284
-0.00050964689
7.6837066e-06
0.00048503718
-0.00033798317
-2.7966999e-05
0.00024137534
0.00034523124
-8.4579391e-05
-0.00029927875
0.0006397189
-7.8199953e-05
-0.00030272582
2.7927413e-05
-0.00010785548
7.6350232e-05
-0.00067564077
-6.0520127e-05
0.00025336103
-0.00014694252
-3.5028325e-05
0.00045632003
-6.1596776e-05
-4.4184342e-05
0.00034004656
0.00041431558
-3.3470042e-05
0.00062987776
-6.0285577e-05
0.00011820761
-0.00049898804
0.00019962635
0.00022260341
-0.00037737102
0.00020954729
0.00043105521
-0.00056785522
0.00018015693
0.00038481083
-5.4390245e-05
0.00019340723
-0.00010841866
0.00056276596
0.00012679301
-0.00038601808
0.00032342646
-2.3612757e-05
-0.0002831582
-0.00026674151
-4.0442068e-05
8.0504532e-05
-0.00067700763
-6.006582e-05
0.0002444787
-3.0115428e-05
-0.00016407767
2.2255334e-05
0.00032471827
-0.00013210215
-0.00025887772
0.00042176384
-3.3874212e-05
-0.00018585136
5.0313542e-05
6.1236975e-05
-0.00060448227
0.00012676179
0.00012627701
0.00035047332
0.00012901394
0.00023029324
0.00029192937
0.00017718147
0.00025769811
-3.0071425e-05
0.00024427934
1.6201782e-05
-0.00034047819
9.1809311e-05
5.4776211e-05
-0.00046831977
5.6657992e-05
0.0001219902
0.00022956962
7.4753846e-05
0.00018535861
0.00052363255
-2.9139546e-05
0.00020193112
-3.0875251e-05
-0.00011322254
-8.6700262e-05
-0.00045464103
-4.6505301e-05
-2.5366566e-05
-0.00034654291
3.798551e-05
5.0553949e-05
-0.00015027419
6.2990379e-05
2.6762116e-05
0.00027759784
2.2502401e-06
0.00064093502
1.2914849e-05
1.077806e-05
-0.00051304079
2.6457279e-05
8.5934458e-05
-0.00038810259
-0.0001177513
-0.00010018805
-0.00023678989
-0.00022524894
-0.00013148733
-5.7918309e-05
-5.8086546e-05
-4.9911959e-05
0.00048453259
-2.6074311e-05
8.6854836e-05
0.00022559839
-0.00017602978
-8.4277153e-06
-5.4402476e-05
-0.00026057424
-0.00034271904
-0.00012149192
-0.00030518277
-7.7344216e-05
-0.00028431021
-5.1992432e-05
0.00017317237
-4.139563e-05
-6.1507871e-05
0.00032384937
0.00024454236
-2.6917704e-05
0.00041106692
-3.9952575e-06
9.3367198e-05
-7.5847421e-05
0.00021474085
0.00020546928
0.00017808247
6.6520348e-05
0.00034856628
8.6879553e-05
0.00011868053
0.00015903911
0.00016757975
7.4911549e-05
3.9747743e-05
-0.00030199656
-3.9787105e-05
-2.8858949e-05
-0.00047187875
-4.9927456e-05
7.1945069e-05
5.9774755e-05
0.00016084336
0.00031438511
0.00024610577
-2.7615412e-05
0.00014886615
0.00011980536
-4.8532976e-06
7.5526842e-05
-0.0004499009
-2.1448976e-05
-5.2290978e-05
-0.0002547086
3.6858784e-06
-0.00030508565
0.00022415331
-7.6079418e-05
-0.00020980611
0.00016979576
-5.8755215e-05
0.00036515697
3.2150896e-05
-5.2104612e-05
-0.00047910224
5.1320045e-05
-3.5300489e-05
-0.00035707651
-2.1257098e-05
-0.00010931109
-0.00016078704
3.1069849e-05
-0.00023012848
6.6056987e-05
-8.6272413e-06
6.3865308e-05
0.00017933401
-3.8116243e-05
0.00025191888
0.00012194921
-0.00015037022
0.00012601566
9.7334052e-05
-0.00023500968
6.2647513e-05
5.2451149e-05
-0.00012003662
9.147585e-05
-0.00026363005
-1.901122e-05
0.00021567295
-0.00031879727
9.5664086e-05
0.00036735338
-7.2365835e-05
0.00014891614
0.0002703658
5.4106154e-05
0.00020788501
0.00019525486
0.00023459934
0.00017278196
-9.9538596e-05
0.0001993141
-0.00012170547
0.00032380188
-8.3496485e-05
9.7474225e-05
-5.3240431e-05
-0.00026680473
7.9180552e-06
-0.00015178144
3.4401701e-06
0.00015285589
-6.7066586e-05
0.00032368941
-7.2305569e-05
-7.1608413e-05
-7.5469219e-05
-0.00039229968
1.8859207e-05
-0.00029552887
2.1306077e-05
-0.00022737796
1.2343552e-05
6.9725582e-05
-0.00029385787
-0.00012338447
-0.00041772334
-0.0002170512
-0.00039803382
-0.00017483645
-0.00022649847
-0.00013743704
1.2808106e-05
-0.00010411646
0.0002295885
-0.00015148147
0.00038835712
-0.00013255838
0.00051232283
-0.00015188108
0.00034839054
-0.00012355575
4.8889418e-05
2.5481658e-05
-0.00013786798
0.00026677678
-0.00015157043
0.0003184541
0.00028957157
-0.00013165562
0.00016212734
-7.2574409e-05
-0.00024020075
0.00014570143
3.039738e-06
-0.00015534314
-0.0001412173
4.6713687e-05
3.3928149e-05
-0.00025775546
3.6403028e-05
0.00019473622
-0.00025664432
-2.4187964e-06
0.00017510753
-6.7143606e-05
-3.2070304e-05
-3.316272e-05
0.00012795359
-3.6770731e-05
-0.0001572473
2.5711006e-05
-1.8864795e-05
-4.1451364e-05
-0.00017812802
2.5415069e-05
0.00010098117
-0.00019902296
6.1051116e-06
0.00025567676
-0.00023494324
6.6521949e-05
0.00017570109
9.5262597e-05
4.0248892e-06
7.6225103e-05
0.00013696892
-1.3568729e-05
5.1551317e-05
6.3390617e-05
-4.334941e-05
8.7343722e-05
-4.1313201e-05
3.2625778e-06
0.00031419905
-0.00030329941
7.3385512e-05
0.00022012024
0.00012932392
-2.8174167e-05
0.00020099167
9.880094e-05
6.1633062e-05
0.0001962578
9.3733202e-05
8.7119715e-05
0.00017152716
9.2255227e-05
0.00013048529
8.923406e-05
0.00017534041
7.3707549e-05
-2.867795e-05
0.00014802285
8.8008133e-05
-9.1621446e-05
0.00014357856
-5.2198294e-05
-0.00018554643
0.00015728407
-5.601638e-05
-0.00015408909
6.1745016e-06
-7.701754e-06
-2.0709803e-05
-0.00014934204
-4.6483707e-05
-9.2125107e-06
1.2676639e-05
-5.9234177e-05
-0.00013922254
0.00013824895
-6.3016401e-06
-0.00022631298
9.0641581e-05
3.928287e-05
-0.00025917507
0.00010700097
-0.00031356184
0.00052074279
5.8979595e-05
-0.00032203315
0.00016364972
0.00011145623
-7.3532887e-05
-0.00045574569
0.00012981445
0.00016851965
-0.00053794925
4.5824954e-05
0.00042683301
-0.00059228993
4.9365255e-05
0.00041504818
-0.0001828534
4.2915225e-05
-0.00026446827
0.00071381089
1.5459199e-05
-0.00040134732
3.4043114e-05
2.0691451e-05
-0.00014351412
-0.00048916953
-7.3118261e-06
5.7412347e-05
-0.00045472677
1.9749009e-05
0.00030592398
-0.00057921429
5.1575069e-05
0.00026495547
0.00015837508
-5.5614021e-05
-0.00013165003
0.00066199611
-0.00018870726
-0.00043057658
0.0006016397
-0.00023932253
-0.00031598369
1.3303121e-05
-0.00016920921
0.00013372632
-0.00069714012
-5.5869301e-05
0.00030242355
1.0301436e-05
-4.9674745e-05
0.00019462214
0.00034575148
6.0477222e-05
0.00029587898
-2.2572181e-06
0.00020428087
0.00042323954
-2.8068716e-05
0.00017312032
0.00033220373
0.00042750534
3.2278101e-05
3.6130737e-06
0.00056498699
3.8419525e-05
-0.00033541783
0.00056515377
-0.00010615705
-0.00045749529
0.00035858971
-0.00011967025
-0.00029185314
-0.00013582875
-8.3704708e-05
-3.1978098e-05
-0.0004912335
-8.2061256e-05
4.7815475e-06
-0.00010779621
-4.8388943e-05
-0.00027552936
0.00042503856
-4.0352917e-05
-0.00029746084
7.7073063e-05
9.6736964e-05
-0.00057636001
0.00014648589
0.00017171017
0.00045976947
1.8277095e-05
0.00034716633
8.9469617e-05
7.5905426e-05
0.0001826441
-7.841877e-05
3.1474661e-05
0.00010657085
-0.00035546618
-1.4600512e-05
5.3851211e-05
-0.00052783842
4.4926115e-05
-1.5034811e-05
-9.1136291e-05
5.1922752e-05
5.9231008e-05
0.00060914046
1.2650511e-06
0.00011079107
-2.2625763e-05
-0.00010811374
2.9656624e-07
-0.00041935853
-5.82181e-06
-4.9013342e-05
-0.00039500594
2.7574568e-05
-0.00025935771
-0.00011735968
-0.00018851987
-0.00013654284
9.4267699e-05
-5.6457254e-05
-4.8194313e-05
0.00062248299
-3.5920569e-05
9.7834774e-05
0.00051386614
-5.8255538e-05
0.00021196632
-0.00012046136
1.9632935e-05
-0.0002711423
-0.00013009347
-8.3938043e-05
-0.00019710063
-6.3519346e-05
-2.2089609e-07
0.00010568426
9.6389931e-05
-2.6966062e-05
8.585536e-05
-5.0107734e-05
-5.0071885e-05
5.280908e-05
-9.9166938e-05
-0.00012110444
2.0206956e-05
0.00030876299
9.3257931e-05
-3.2075564e-05
0.00057090601
2.02892e-05
-5.7149853e-05
0.00055190634
-0.00013770805
2.4329752e-05
0.0002673489
-0.00025081303
4.4020176e-06
-9.3775728e-05
-0.00032730806
-0.0002167597
-0.00014175125
-0.00018031295
-8.2508048e-05
-0.00036488684
6.1331104e-05
0.00020469065
3.1709879e-05
7.9212275e-05
0.00038712039
-0.0001393753
0.00012738581
-8.7064522e-05
0.00011256575
0.00031114977
0.00021496282
1.7724043e-07
0.00033901015
0.00016068372
1.960607e-05
0.00016411487
0.0001447719
2.6616162e-05
0.00011554498
-0.0003426559
-4.0274859e-06
2.067091e-05
-0.00050786939
2.4977574e-05
-5.8453203e-05
9.2090763e-05
5.674041e-05
0.00020903071
0.00030925975
4.7813689e-06
4.6103778e-05
0.00029651223
-0.00016106439
-0.00010120899
-0.00032366816
3.0173399e-05
-8.3868636e-05
-0.00041514131
6.4808742e-06
-0.00022459378
9.1984666e-05
-0.00014469864
-0.00028041453
0.00022033473
-0.00012900151
-3.1092905e-05
0.00035604091
4.927134e-05
0.00019158518
0.00024784885
4.3339204e-05
0.00019486569
-0.0001159456
-7.7962804e-06
-2.1943051e-05
7.5266165e-05
1.14491e-05
-0.00010982138
5.4752026e-05
-3.0393051e-05
9.1279729e-05
-0.00013662297
8.3231828e-05
-0.00020060323
0.00027903387
-5.851574e-05
-0.00037884811
0.00011805471
-7.906917e-06
-0.00018676767
5.3787219e-05
5.42681e-05
-1.3977164e-05
0.00032567161
3.4327663e-05
0.00016632872
0.00033427049
-0.00011304025
0.00022695231
0.00016028272
-0.00018856708
7.8816869e-06
0.00026382481
-0.00025856654
-0.000130996
4.2107863e-05
-6.3992647e-05
-2.0653455e-05
-0.00042288058
4.331527e-05
0.00017380354
-0.00029611345
0.00028228246
0.00018489806
-0.00022221258
0.00027962777
0.00010454746
0.00022788542
0.00020381385
-8.8389613e-05
0.00031282015
-7.0028042e-05
0.00043347294
-5.937737e-05
0.00011520253
-7.7625916e-05
-0.00031357036
-7.1178451e-05
-0.00019883339
-1.9206049e-05
9.1973517e-05
-4.8613759e-05
0.00039987446
-8.3694292e-05
8.1471435e-05
-8.073437e-05
-0.00035632924
4.1518553e-05
-0.00035166883
0.00010863033
-0.00021373423
9.4743666e-05
5.5858841e-05
0.00015617342
0.00022967063
7.4037059e-05
5.7335861e-05
5.6389165e-05
-2.547109e-05
0.00015807311
-9.168826e-05
0.00012096919
-0.00027960847
-7.2087235e-05
-0.00017435779
-4.326802e-05
-0.00017306106
-5.8078466e-05
-0.00019299386
-6.3717025e-05
5.3774168e-06
2.3183885e-05
0.00023226259
-4.4096144e-05
0.00030925372
-4.9266787e-05
0.00045943111
-3.8233652e-05
0.0004377909
-5.9807685e-05
8.805115e-05
-4.765917e-05
-0.0001390464
0.00019776088
-0.00020845271
0.00016564781
0.00018566632
-0.00013612699
0.00013453826
-7.3365178e-05
-0.00024505571
0.00015498283
-4.4589239e-05
-0.00024586818
6.9221785e-05
-2.1935969e-05
1.6023651e-05
-0.00026203522
3.1311421e-05
0.00016508575
-0.00015167353
-5.3897514e-06
0.00010482598
4.6326256e-05
-2.4044097e-05
-6.6225259e-05
8.2361987e-05
4.5809846e-05
-0.00016990219
-3.7184207e-05
0.00011622138
2.1914062e-06
-0.00026958138
0.00011791245
0.00018077696
-0.00027241482
9.7210519e-05
2.8362435e-05
7.1991587e-05
0.00014580475
-0.00016048728
0.00011807766
7.2147448e-05
-0.00017819483
-7.7657004e-06
9.0705923e-06
-3.1038159e-05
-0.00019297204
-2.4699512e-06
0.00014321319
-0.00029593429
0.00012338175
0.00026365644
-0.00013367849
8.8137026e-05
0.00020688645
8.7204473e-05
-5.4432272e-05
0.0001200382
0.00015201941
2.8134222e-07
7.9672513e-05
0.00015489672
-2.4015724e-05
7.9485385e-05
0.00013829792
-4.6706622e-06
4.7676693e-05
0.00013550125
-2.7038643e-05
2.2985613e-06
0.00014066169
-4.3660795e-06
-5.8666777e-05
0.00014161175
-0.00012987746
-0.00010985418
0.00013888783
-0.00013996562
-0.00013444485
0.00012104631
-0.0001005335
-0.00016964016
9.5419226e-05
-0.00010078472
-0.00012809258
-7.9754682e-06
-8.8691506e-05
-0.00025440088
0.00014456557
-1.8762172e-05
-0.00029685906
0.0001125333
-2.5862722e-05
-0.00028410472
9.386579e-05
-0.00035325718
0.00061068092
-6.3905877e-05
-0.00049604615
0.0004650362
-5.5808169e-05
-0.00022037585
-1.0577855e-05
-6.6056209e-05
0.00017667946
-0.00059927124
-1.3994335e-05
0.00045532053
-0.00037721307
-3.7362777e-06
0.00017259192
0.00042488141
-5.2911324e-05
-0.00046932531
0.00077464279
-3.4904375e-05
-0.00049037452
-7.4480359e-05
7.9036799e-05
-0.00016077322
-0.00060595544
-5.3906763e-07
0.00021376049
-0.00064617234
1.8972828e-05
0.00018921851
2.7475437e-05
0.0001206332
-0.00026547242
0.0006165132
-9.9358634e-05
-0.00039624439
0.00017736083
-0.00024306182
-0.00022634312
-0.000441615
-0.00016058084
-0.00010512942
-0.00066415895
7.7801743e-05
0.00013332745
-0.00041564216
-1.2362502e-05
0.00031337583
-3.7001585e-05
-0.00010551707
0.00031362893
0.00032226863
-0.0001100251
0.00014958282
0.00057967661
-5.6452915e-05
8.2562252e-05
0.00048797348
-0.00010953468
0.00018003805
0.00011295162
-4.2648066e-05
1.8396769e-05
0.00040990393
-6.9181428e-05
-0.00028243357
0.00053535941
-0.00019907438
-0.00035578924
0.00032622052
-0.00023364726
-0.0002927459
0.00014334051
-0.00016904224
-0.00019084819
3.0692742e-05
-0.00011923249
-9.7749953e-05
-0.00015456759
5.1049418e-06
-0.00023900549
0.00018469435
6.0773842e-05
-0.00021683339
8.7890162e-06
0.00017830914
-0.00064888908
0.00029443686
2.2377589e-05
0.00061840951
-1.1829074e-05
0.00021173877
0.00035279177
-1.2113089e-06
0.00035875802
-7.5715459e-05
-5.0406983e-05
3.7762467e-05
-0.0002548039
-3.8072299e-05
5.1954521e-06
-0.00033223822
3.2518271e-05
1.6485219e-05
0.00028871537
0.00017679902
4.4306078e-05
0.0007557064
-7.619434e-06
2.3274895e-05
-4.492561e-05
-0.00011663732
-0.0002038017
-0.00029717353
-8.7527146e-05
-0.00027004124
-0.00048604206
-6.6316191e-05
-8.079966e-05
-0.00020998352
-0.00014030251
0.00011360324
0.00048717103
-0.00012151799
0.0002734305
7.9235633e-05
-9.7622648e-05
-4.7578796e-06
-8.8142425e-05
-0.00013353973
-0.00035622597
-0.0001140811
-0.00017897683
-0.00031801088
-0.00037141479
-0.00016638051
-0.00012550843
-0.00019059105
-3.9133884e-05
0.00010432202
0.00020407902
-0.00013860689
8.1937767e-05
0.00054061564
1.1373341e-05
-6.0191892e-05
0.00037434796
0.00013465074
-0.00011214361
2.2314378e-05
0.0002358469
-9.0490609e-05
0.00033460042
7.3939713e-05
-0.00014123287
0.00050926998
-6.0876348e-05
-0.00016213945
0.00020958788
-0.0001132738
-0.00013827223
-7.5926653e-05
-0.00013190812
-1.0491016e-06
-0.00034102909
5.4185758e-05
7.6539999e-05
-0.0004061962
0.00023537061
0.00028482564
-0.00018411695
0.00023973793
0.00044908027
-0.00013808661
0.00011000679
-9.3427069e-05
6.184014e-06
0.00022191288
0.00038599286
1.068103e-05
0.00038614464
0.00020141337
6.7527258e-06
0.00017094595
0.00021792077
-5.1821375e-05
-1.1338138e-05
-0.00012361729
4.7069989e-05
-0.00010107846
-0.0002503899
3.2869572e-05
-4.1623701e-05
0.00019133816
9.4662854e-05
0.00020089522
0.0004843021
3.3666736e-05
-5.2984337e-05
0.00028493139
-0.00023704185
-0.00015160709
-0.00013832398
-3.0053416e-05
-0.00011512766
-0.00050384611
-1.2194516e-05
-0.00010844371
-0.00023305129
-0.00012831484
0.00023399699
0.00010700075
-9.1271935e-05
0.00027333901
8.3732381e-05
5.4325657e-06
9.1305061e-05
6.7791887e-05
6.9438835e-05
-3.79462e-05
-1.8875408e-05
2.6249283e-05
-7.3040412e-05
-0.00038942625
6.4554767e-05
-0.00017604203
-0.00013847028
2.048779e-05
-0.00011558438
0.00014660074
8.0252454e-05
9.4911556e-05
0.00027465608
-3.0521165e-06
0.00015830322
0.00017343649
0.0001296129
-0.00013409637
0.00031453968
5.4442394e-05
-9.2597655e-05
0.00021770332
0.00010972605
7.1188656e-05
0.00028026176
-4.7818338e-05
-1.4538184e-05
0.00018406656
-7.7318912e-05
-8.0670406e-05
-5.6206796e-05
-0.00021215417
-9.7481286e-05
-0.0004059627
1.7751846e-05
-0.00017941357
-0.00044019359
0.00015924495
-4.8543975e-06
-0.00034560604
0.00026921237
6.6701627e-05
-0.00010737486
0.00017735999
0.00013882315
6.2336824e-05
0.00025304756
4.4555709e-05
0.0003372465
4.7186401e-05
0.00041592039
7.9869505e-05
0.00012689918
8.7778011e-05
-0.00025938183
6.4712655e-05
-0.00015978586
7.2536125e-05
0.00021170965
6.4192812e-05
0.00044363966
-3.0692925e-05
0.00030738843
-8.2807134e-05
-0.000106615
-4.8324138e-05
-0.00025846111
2.7425138e-05
-7.1406243e-05
1.4689535e-05
0.00015737648
1.1123073e-05
0.0003030119
-3.8064786e-06
0.00027475498
6.5770676e-05
-6.1204682e-05
0.00010460652
-0.0002686308
0.00018992503
-0.000273652
7.9534707e-05
-0.0001802093
0.00013794535
-0.00015116865
8.6317376e-05
-1.431141e-05
0.00011396542
9.6057496e-05
0.00013051831
0.0002341868
9.8036326e-05
0.00030811686
6.0869722e-05
0.00026770628
-5.4029872e-05
-8.5458347e-05
-0.00011260576
-0.00041553693
-0.00015777418
-0.0004797377
-8.3644392e-05
-0.00035157862
-6.9886131e-05
-2.7089143e-05
-0.00012473277
0.00016025037
-0.00011090328
-0.00023309427
0.00018916478
-0.00012565597
-0.00023524258
0.0001132077
-0.00013320017
-0.00013815681
5.2935994e-05
-0.00011855716
0.00011449966
-0.00020528559
-5.7665394e-05
0.0001709313
-1.5623094e-05
-6.9337034e-05
6.8051058e-05
0.00011299442
3.1410788e-05
6.1383515e-06
5.0265378e-05
0.00012339807
6.62995e-05
-8.4394576e-05
0.00013937672
0.00015256779
-0.00012245263
0.00013260719
1.5318857e-06
0.00016845255
0.00012926114
-0.00013843529
8.95282e-05
0.0001224474
-3.0439574e-05
-0.00018617738
8.6963761e-05
0.00011836126
-0.00024544507
9.4287022e-05
-2.6900489e-05
0.00017118364
0.00010298967
-0.00011890455
0.00010950062
7.4151612e-05
3.3290483e-05
-0.00023716767
3.1557935e-05
-2.7291105e-05
3.2903644e-05
2.9608395e-05
-0.00016646744
0.00014184778
-2.40992e-05
-0.00012137364
1.6693324e-05
-6.3265951e-05
0.00013474197
-0.00025267626
-2.988344e-05
9.1517839e-05
0.00013586626
-9.1236404e-05
-6.6399161e-05
0.00014932308
-0.00011865285
-0.00017465479
0.00011605904
-0.00014380322
-0.00024219562
0.00010270396
-0.000131137
-0.00024753332
4.6686545e-05
-0.00013707881
-5.4536547e-05
-0.00021975371
-6.14345e-05
6.2962613e-05
-0.00014353588
6.6764875e-06
-1.1192211e-05
7.0828539e-05
-2.3858599e-05
6.6094878e-05
1.5551446e-05
-0.00030281318
0.0005544747
-0.00015531702
-0.00045684307
0.00044913081
-0.00016174431
-0.00026782605
1.7588266e-06
-0.00014362435
1.6948695e-06
-0.00011176134
-0.00011881791
0.00042462286
-0.00052719674
-0.00010475313
0.00053424934
-6.4290586e-05
-0.00011387031
-6.6472984e-06
0.00072583426
-0.00010684759
-0.00042656676
0.00055095275
-1.7311201e-06
-0.00020999102
-0.00033362826
3.2118868e-05
4.0205414e-05
-0.00042501193
7.1335688e-05
-2.3317628e-05
0.00020570824
0.00014690054
-0.00025324218
0.00019712601
2.2968105e-05
-0.00017292428
-0.0005135385
3.9814014e-06
-3.2024547e-05
-0.00061481824
6.7892598e-05
-3.4578285e-05
6.0418164e-05
0.00019112095
-8.1219477e-05
4.6044517e-05
9.7734795e-05
0.00018932242
-0.00062433541
1.1108768e-05
0.00015371822
1.099337e-05
-5.2510625e-05
-0.00019543563
0.00055741811
-0.0001228694
-0.00021262805
5.8195276e-05
-0.00013384421
0.00013453743
-0.0006577052
1.5215394e-05
0.0001355869
0.00011593874
-5.0303373e-05
-0.00021343513
0.00043532171
-0.00013605098
-0.00029830073
0.00014466108
-0.0001773837
-0.00027338537
3.95125e-05
-0.00013076613
-0.00015892194
-5.1532458e-05
-0.00013547692
0.00010689782
-0.00052967816
4.9209636e-05
0.00024384629
-0.00040492763
0.00018521711
0.00020369672
0.00010215398
0.00018713327
0.00033353047
0.00023069798
-1.3072868e-05
0.00054351112
1.2207391e-05
1.4807552e-05
0.00034699684
7.3042258e-05
9.3443998e-05
-0.00015265682
2.5372223e-05
0.00026334735
-0.0003861282
6.639121e-05
2.8237817e-05
-0.00024047215
-1.9096785e-05
5.0251835e-06
-5.9592129e-05
0.00019531318
1.6234445e-05
0.00068977412
1.7231435e-05
-1.7719496e-05
0.00048412816
-1.5858799e-05
-0.00011471171
-0.00010949188
-0.00021467133
-0.00022799712
-0.00032113187
-5.6910852e-05
2.4757441e-06
-0.00018209203
1.7024898e-05
0.00021484231
-8.7905885e-05
-4.8852677e-05
1.5449791e-05
-0.00022510057
-0.00018666806
-0.00039527402
-9.991866e-05
-0.00023771552
-0.00030352733
-5.897984e-05
-0.00015132552
4.4405182e-05
-0.00037742891
-9.0839608e-05
3.421481e-05
-0.00050803623
-0.0001452427
3.1524978e-05
-2.1395125e-05
-0.00010352857
0.00014647398
0.00046158974
-7.7472925e-06
6.5499227e-05
5.6234088e-05
0.00021758669
-0.0004080503
-9.9421379e-05
0.00015111261
-0.00034136328
7.0142626e-05
5.304882e-05
-0.00023534949
0.00029018013
-2.1748556e-05
-8.66027e-06
-0.00022160303
2.6301098e-05
0.00026689067
-0.00041734154
4.9394988e-05
0.00034039605
-0.00027247339
0.0002016213
1.5844712e-06
-0.00013631394
0.00018081797
-0.00021537981
-0.00010364629
0.00015542087
-5.8573252e-05
-3.5173816e-05
9.0528023e-05
0.00026848824
1.2652996e-05
0.0001864107
0.0003247792
4.300227e-05
0.00032922974
0.00015708575
5.3844788e-05
0.00015560696
2.5074241e-05
-5.5929652e-05
0.0001843491
-0.00039270914
2.4908787e-05
2.6591394e-05
-5.6086897e-05
6.242019e-06
-0.00022770264
0.00032826645
-3.8901704e-05
3.3880103e-05
0.00039563902
6.6219079e-05
0.00015442542
0.00021261157
-8.6070584e-05
6.0182219e-05
9.0618544e-05
-0.00013592066
-5.4524887e-05
-0.00028510428
6.6484982e-05
3.0587393e-05
-0.0003605715
-3.4947655e-05
0.00013402226
-0.00025386097
-2.8751727e-05
5.956591e-05
-0.00015839546
1.3183797e-05
-0.00013281764
0.00019678811
-3.4884388e-05
-0.00013025115
2.1865354e-05
-5.7162415e-05
5.3008211e-05
-0.00047638562
-1.9747886e-05
9.6021005e-06
-0.00047125996
2.7117626e-05
-0.00014310991
0.00024244915
-3.0879813e-05
8.8384537e-05
0.00012143113
0.00010561206
-4.3423099e-06
0.00020779953
7.0774313e-05
-0.00025222699
0.00017330005
2.9605654e-05
-0.00028782719
0.00018996147
2.5507419e-05
-2.9634321e-05
4.4078196e-05
-5.9909259e-05
2.7419965e-05
-0.00033856086
-1.7415368e-05
-5.481607e-05
-0.00048051928
-6.6740385e-05
-0.00010223324
-0.00026333053
5.6026163e-05
-0.0001796244
-3.2165752e-05
0.00013248791
-0.00021562855
5.1527618e-05
0.00015004262
-0.00026751325
0.00018795198
6.1188825e-06
0.0001181947
-5.4882888e-05
0.00023778182
0.0001315531
0.00032991733
0.00011213666
0.00024674034
0.00018812074
-0.00023716138
0.00017897058
-0.00043056466
0.00020202904
-0.00020214733
0.00017238523
0.00012148438
0.00013620011
0.00026824573
3.5157279e-05
0.00034745891
-7.1401783e-05
0.00012504481
-0.00011101433
-8.0337036e-05
-0.00012776453
-0.00016797006
-0.00015153841
-0.00011242878
-0.00020281368
0.00021400367
-0.00013345083
0.00034164525
-4.0005557e-05
5.0392145e-06
-3.5173069e-05
-0.00039088026
0.00011458454
-0.00027167939
0.00020278299
-0.00022570236
0.00021339945
-0.00011209095
0.0001805055
6.0144202e-06
0.00016916011
0.00020768567
0.00011880853
0.00029736291
5.2437293e-05
6.9672103e-06
1.2704569e-05
-0.00039415922
-0.00013342272
-0.00057392116
-0.00019617434
-0.00056952072
-0.00019434038
-0.00045522602
-0.00014641147
-0.00022912994
-0.00010803024
-0.00013802438
-0.00024614893
0.00013319318
-0.00032049451
-5.2286258e-05
-0.00021522487
-0.00024122939
-1.1864044e-05
-0.00032652234
0.00014544398
-0.00021878218
0.00031873839
-0.00024807467
0.00028692028
6.2216519e-05
0.00025297037
0.00015591625
0.00023389763
0.00015838942
0.00021041627
0.00015726419
0.00017419396
0.00016667159
0.0001302335
0.00016835118
8.2784791e-05
0.00013790945
4.6603103e-05
0.00013429166
7.6453635e-06
0.00014544902
-2.9071418e-05
0.00011428113
-0.00011777445
0.00012465017
-0.00021708482
0.00013387264
-0.00018185455
-5.4159835e-05
6.6293313e-05
-0.00031014703
0.00030406148
-0.00026814094
0.00020020377
1.6502063e-05
-5.0733225e-05
0.00013547223
-0.00022668707
3.6200783e-05
-0.00023083389
-0.00012370026
-6.1058086e-05
-0.00030676218
0.00018913253
-0.00031480034
0.00022080504
-2.5179028e-05
7.8866566e-05
0.0001180118
9.3151651e-05
-0.00036280992
0.00034068609
-0.00034137978
-0.0002354607
-0.0001959677
-0.00053026581
1.3880751e-05
-0.0006551887
0.00015680145
-0.000466456
0.000393996
-0.00059913954
0.0003853766
-3.6011669e-05
9.33095e-05
0.00044625223
6.0238197e-05
0.00022357958
0.00024947875
3.9359328e-05
2.1502441e-05
0.00054154843
-0.00024623361
0.00045905534
-7.8698294e-05
-2.5644466e-05
-3.6194681e-05
0.00015968064
-0.00011978007
0.00042015535
-0.00017428298
0.00026651883
-0.00017864585
0.00014012181
-0.00013779192
4.0508078e-05
-8.3244627e-06
-0.00030649669
0.00017332305
-0.00062563875
0.00047918119
-0.00055878367
0.00039034843
5.503145e-05
-8.0265432e-05
0.00047003512
-0.00021232824
-9.1201037e-06
-0.00010835401
-0.00035844063
4.3478644e-05
-0.00059407175
0.00038570558
-0.00060781764
0.00056561867
-1.9875012e-05
0.00036291928
0.00050784446
0.00068676891
0.00013274871
0.00022014478
7.0996955e-05
-0.00010066668
-4.4322468e-05
-0.00038957416
-3.8745713e-05
-0.00059437425
-8.6775085e-05
-0.00043752342
-0.0003462738
-0.00014432765
-0.00024451632
-0.00012053773
-4.6689032e-05
0.00023256613
-0.00012504541
8.7264617e-05
-7.0489323e-05
-7.2107617e-05
-1.4106995e-05
0.00050219099
-5.5372865e-06
0.00040163295
-0.00010581985
-0.00011202997
-0.00024938533
6.5530597e-05
-0.00027093968
0.00029038418
-8.982952e-05
-5.43094e-06
0.00019633066
-0.00029128107
0.00044528023
-0.00031197007
0.00044996256
-0.00031892631
0.00012440465
-8.2494144e-05
-0.00019148225
-9.1784163e-05
-7.9664689e-05
-3.7372831e-06
5.1413946e-05
0.00031720794
0.00032478964
-0.00025619469
0.00032593946
-0.00031019546
-1.3416342e-05
-5.3094638e-05
-0.00037259104
-6.782497e-05
-0.00018020756
-5.6837626e-05
1.5336296e-05
0.00040282862
0.0007147582
0.00018831988
7.4827184e-05
7.3981246e-05
6.7516756e-05
-5.7869737e-06
-0.00036573558
-1.5138495e-05
-0.00056011394
-1.2865743e-05
-0.00043355416
-0.00015744185
-3.8653255e-05
-0.00016243067
-4.9329842e-05
0.00013881959
-0.00015475473
-2.1098413e-05
0.00011126195
-0.00029168653
0.00026496547
-3.9019815e-06
0.00017945877
0.00022176736
0.00014721187
-0.00016441783
0.00028733901
-0.00042493529
0.00029116367
-0.00030025657
0.00010854303
-0.00019170266
-0.00013373274
-4.1463847e-05
-0.00041440226
-4.6907258e-05
-0.00033740647
2.3579906e-05
-0.00028380142
-1.3236203e-06
1.31837e-05
-0.00012315901
5.9656886e-05
-0.00013224569
3.0856819e-05
0.00013086147
-5.8084725e-06
0.0001641724
-0.00030692098
2.4673326e-05
-0.00023743677
-0.00019056629
0.00021817114
-0.00034250629
0.00021660294
-0.00042902764
0.00017972634
-0.00023124781
0.00021116768
0.00042862749
0.00020638029
0.00038603371
0.00020841887
-0.00017272449
-0.00040424962
-0.00027051765
-0.0001836474
-0.00030324486
-0.0002633847
-0.00010943356
-5.7739327e-05
-6.2065875e-05
2.2459449e-05
0.00018017228
0.00024870975
7.9803932e-05
-0.00022001379
-0.00035463727
-0.00042503924
-0.00023135004
-2.5330449e-06
0.00014713231
0.00019376114
-0.00010045528
-0.00047131476
-0.00044931796
-0.00042705541
-0.00039374054
-0.00029060311
)
;

boundaryField
{
    minX
    {
        type            calculated;
        value           uniform 0;
    }
    maxX
    {
        type            calculated;
        value           uniform 0;
    }
    minY
    {
        type            calculated;
        value           nonuniform List<scalar> 
292
(
-6.9144384e-07
-1.4991492e-06
-5.0835815e-08
2.1747226e-07
2.1854319e-08
5.614208e-07
4.7921999e-07
2.3795029e-06
2.0205006e-06
2.0524801e-06
-3.8188137e-07
-1.3587683e-06
2.2613008e-06
4.4937577e-06
1.5392318e-07
1.360664e-06
-7.6916199e-07
1.5748769e-06
2.634619e-07
9.7585876e-07
-1.3588999e-06
-1.8620653e-06
9.3231418e-07
2.0007567e-06
-3.6251829e-07
-6.8194517e-07
4.5946637e-07
2.4033671e-07
2.0481432e-07
2.7595885e-06
-1.161977e-06
-2.4914117e-08
8.7692768e-07
6.5254172e-06
3.4388105e-06
4.2877285e-06
2.0746424e-06
5.2350063e-06
-1.5318265e-07
4.6043536e-06
5.7311799e-07
1.2381501e-06
1.3147483e-06
5.94039e-06
1.473192e-06
3.5699064e-06
3.9285849e-06
5.5823838e-06
4.9047621e-06
3.8087566e-06
2.7619763e-06
3.0228725e-06
2.074711e-06
5.9097126e-06
2.8040616e-06
3.8820234e-06
4.4191586e-06
5.9073037e-06
4.4843848e-06
5.4432242e-06
2.6175331e-06
5.9768595e-06
2.8261963e-06
6.9458723e-06
2.6497833e-06
5.0201427e-06
4.6715936e-06
6.1086792e-06
4.284877e-06
1.0123824e-06
2.9003083e-06
3.5290828e-06
1.6364955e-06
4.6105795e-06
1.6917129e-06
3.320288e-06
4.7824242e-06
5.7749676e-06
4.4706316e-06
1.4317197e-06
3.4579996e-06
3.3318415e-06
2.4587182e-06
7.560553e-06
5.4623578e-06
6.3916225e-06
5.0215765e-06
4.9903945e-06
2.7691551e-06
6.0047738e-08
1.9848076e-06
1.7983055e-06
3.2123328e-06
2.9649329e-06
3.8728694e-06
1.2533078e-06
3.5218449e-06
2.7238549e-06
7.8766968e-07
-1.1756442e-06
3.6632797e-06
1.9021589e-06
3.9364412e-06
4.3248829e-06
5.2215107e-06
2.5603252e-06
3.7083377e-06
1.1401316e-06
-8.7302557e-07
-1.1881336e-06
3.7989852e-06
1.1329517e-06
2.6174241e-06
1.3172989e-06
3.0125547e-06
1.9069795e-06
9.3319314e-07
2.649504e-06
1.3901961e-07
-1.9433172e-06
3.1063929e-06
-7.4452376e-07
-1.4866755e-06
-1.7570911e-06
4.281592e-06
2.9716134e-06
2.4777382e-06
2.8339234e-06
2.8849466e-07
-3.4969879e-06
2.6187373e-06
-1.5372713e-06
-1.2403626e-06
-7.6951132e-07
4.6325799e-06
4.9359116e-06
-1.1273339e-07
-3.8229462e-06
-3.7720994e-06
-6.1582676e-06
-1.8020725e-06
7.0068065e-07
2.2582194e-06
1.5637704e-06
-5.5298064e-06
-3.5016121e-06
-8.3198544e-06
-5.3433454e-06
-4.6049223e-06
-8.6945023e-07
3.0585723e-06
-1.5162672e-06
-3.5111511e-06
-3.4127375e-06
-3.7479522e-06
-4.0108667e-06
-2.6097484e-06
-4.5233176e-06
-7.0709409e-06
-4.1763788e-06
-1.0175656e-06
-4.3892027e-06
-5.2446945e-06
-4.6829696e-06
-6.379811e-06
-3.0183164e-06
-3.7658735e-07
4.8269336e-07
-2.0909356e-06
-3.8194492e-06
-1.6491079e-06
-4.9538675e-06
-3.3682362e-06
-5.2866706e-06
4.4633128e-07
2.6288642e-06
-3.3396807e-06
-4.5030436e-07
-5.0744472e-06
-3.3955896e-06
-2.5879713e-06
-5.1696398e-06
-4.3247666e-06
-3.5702757e-06
-1.7768045e-06
5.6760046e-07
1.1269548e-06
-1.7412329e-07
-4.9039896e-06
-2.9548397e-06
-3.1918324e-06
-1.2667808e-06
-5.6300688e-06
-3.0538275e-06
-2.2250648e-07
-2.8304079e-06
-1.477715e-06
-2.7015007e-06
-3.6216152e-06
-2.946367e-06
-5.9454637e-07
4.8932704e-07
-3.668264e-06
-2.8200448e-06
1.3960794e-07
-1.8799014e-06
-2.3791401e-06
-1.7307985e-06
-2.8079367e-06
-2.9093467e-06
-5.771808e-06
-3.8807508e-06
-1.870421e-07
1.1970606e-07
-1.4475943e-07
3.532399e-07
6.5129715e-07
-7.2168967e-08
-1.63479e-06
-2.9672442e-06
-2.6306895e-06
-3.1880843e-06
-1.6638886e-06
-1.0611701e-06
-7.1186132e-07
-1.4230054e-06
-1.3613055e-06
-1.977462e-06
-3.401537e-06
-3.7511854e-06
-3.9658134e-06
-4.0501582e-06
-4.2805295e-07
-4.6700065e-07
9.203973e-08
7.5216223e-07
1.4995191e-06
5.939768e-07
-2.2005325e-06
-3.6238937e-06
-4.5596295e-06
-3.2899176e-06
1.7401509e-06
2.2920401e-08
2.3222965e-06
-1.3096228e-06
-1.7107565e-06
-5.5324997e-06
-1.8909417e-06
-5.9229016e-06
-5.0547544e-06
-9.2434428e-08
1.0966754e-06
7.6929117e-07
2.6381077e-06
-3.8198562e-06
-3.3537124e-06
-3.7806384e-06
-4.9973504e-06
-4.1147764e-06
-5.0007385e-07
3.1752222e-06
1.7965629e-06
3.8526298e-06
1.4259353e-06
-4.1190202e-06
-3.0750004e-06
-4.7080642e-06
-2.8042938e-06
-5.7967375e-06
5.9806487e-07
1.8301098e-07
2.6066135e-07
9.2722533e-07
-1.2946483e-06
-2.9868617e-06
-2.6747548e-06
-6.2631275e-06
-4.7908525e-06
-4.9295374e-06
1.3221613e-06
6.8075094e-08
1.39914e-06
1.9479638e-06
7.5600409e-07
-1.1958704e-06
-2.0897864e-06
-1.1422075e-06
-9.191677e-07
3.8083778e-07
1.0272549e-06
1.2663598e-06
)
;
    }
    minZ
    {
        type            calculated;
        value           uniform 0;
    }
    maxZ
    {
        type            calculated;
        value           uniform 0;
    }
    bottomWater_to_rightSolid
    {
        type            calculated;
        value           uniform 0;
    }
    bottomWater_to_leftSolid
    {
        type            calculated;
        value           uniform 0;
    }
    bottomWater_to_heater
    {
        type            calculated;
        value           uniform 0;
    }
}


// ************************************************************************* //
