/*--------------------------------*- C++ -*----------------------------------*\
| =========                 |                                                 |
| \\      /  F ield         | OpenFOAM: The Open Source CFD Toolbox           |
|  \\    /   O peration     | Version:  v2012                                 |
|   \\  /    A nd           | Website:  www.openfoam.com                      |
|    \\/     M anipulation  |                                                 |
\*---------------------------------------------------------------------------*/
FoamFile
{
    version     2.0;
    format      ascii;
    class       surfaceScalarField;
    location    "60/topAir";
    object      phi;
}
// * * * * * * * * * * * * * * * * * * * * * * * * * * * * * * * * * * * * * //

dimensions      [1 0 -1 0 0 0 0];
oriented        oriented;


internalField   nonuniform List<scalar> 
3140
(
9.2980841e-06
-1.0681362e-07
7.7920362e-08
9.321378e-06
-1.1827451e-07
9.5379109e-08
9.3625879e-06
-1.3471975e-07
9.4054825e-08
9.3993018e-06
-1.2284846e-07
8.6801528e-08
9.4229494e-06
-9.7429988e-08
7.4553885e-08
9.4359405e-06
-6.9323852e-08
5.7196201e-08
9.4433181e-06
-4.1075508e-08
3.4643551e-08
9.450859e-06
-1.5172529e-08
8.6513055e-09
9.4723481e-06
1.555204e-08
-3.5954817e-08
9.5115731e-06
5.7634814e-08
-9.5716082e-08
9.5776454e-06
1.0910844e-07
-1.7398799e-07
9.6735276e-06
1.8416056e-07
-2.7880912e-07
9.794217e-06
2.9823844e-07
-4.1766198e-07
9.9375942e-06
4.5548774e-07
-5.9759175e-07
1.0084497e-05
6.7587138e-07
-8.2150275e-07
1.0211654e-05
9.6057848e-07
-1.0864764e-06
1.0298691e-05
1.2964732e-06
-1.382274e-06
1.0335604e-05
1.6560701e-06
-1.6917795e-06
1.032551e-05
2.0053229e-06
-1.9940624e-06
1.0280971e-05
2.3151739e-06
-2.2695036e-06
1.0218235e-05
2.5679099e-06
-2.50407e-06
1.0153497e-05
2.7561631e-06
-2.6903425e-06
1.009925e-05
2.8813446e-06
-2.8260237e-06
1.0058349e-05
2.9522515e-06
-2.9102759e-06
1.001787e-05
2.9822951e-06
-2.9407326e-06
9.9409322e-06
2.9886251e-06
-2.9105843e-06
9.7465566e-06
3.0012045e-06
-2.8056989e-06
9.264142e-06
3.0819672e-06
-2.5983865e-06
8.1416068e-06
3.3663836e-06
-2.2426376e-06
4.272251e-06
-1.6902814e-06
9.1969938e-06
-1.1712564e-07
8.2287764e-08
9.1582197e-06
-1.8636115e-07
1.0687488e-07
9.1187768e-06
-2.1011411e-07
1.1486405e-07
9.0927319e-06
-2.1721268e-07
1.2045134e-07
9.0837943e-06
-2.1252082e-07
1.2408834e-07
9.0890961e-06
-1.9955413e-07
1.2500807e-07
9.1074733e-06
-1.8264423e-07
1.2329237e-07
9.1391889e-06
-1.655945e-07
1.1882984e-07
9.190692e-06
-1.4698986e-07
1.1118763e-07
9.271217e-06
-1.2052565e-07
9.7820681e-08
9.3879282e-06
-8.1732248e-08
7.4364893e-08
9.5511393e-06
-1.6134801e-08
3.7392603e-08
9.7715063e-06
9.5683916e-08
-1.7408666e-08
1.0049766e-05
2.8694041e-07
-1.0919054e-07
1.0374939e-05
5.8764522e-07
-2.3629208e-07
1.0714241e-05
1.0272984e-06
-4.0523721e-07
1.1017698e-05
1.6064184e-06
-6.1251384e-07
1.1243267e-05
2.2738748e-06
-8.4241979e-07
1.1373805e-05
2.9473368e-06
-1.071573e-06
1.1416971e-05
3.5533171e-06
-1.280334e-06
1.1394622e-05
4.0511216e-06
-1.4599114e-06
1.1334671e-05
4.4288154e-06
-1.6117836e-06
1.1259768e-05
4.6899943e-06
-1.7328645e-06
1.117486e-05
4.8497625e-06
-1.8117487e-06
1.1063648e-05
4.9287659e-06
-1.8344195e-06
1.0885866e-05
4.9493831e-06
-1.7821408e-06
1.055388e-05
4.9554755e-06
-1.6214383e-06
9.9025887e-06
5.0349271e-06
-1.3007911e-06
8.6837483e-06
5.3516195e-06
-7.6545082e-07
6.1316449e-06
4.4110107e-08
9.2340561e-06
-1.6563528e-07
8.340978e-08
9.1477004e-06
-2.0897012e-07
1.0896492e-07
9.0363762e-06
-2.1705267e-07
1.1826357e-07
8.9127742e-06
-2.1910075e-07
1.2549176e-07
8.7845289e-06
-2.1599484e-07
1.3172221e-07
8.6558417e-06
-2.0767648e-07
1.3681413e-07
8.5282532e-06
-1.9663079e-07
1.4158182e-07
8.4005705e-06
-1.8505441e-07
1.4715196e-07
8.2720802e-06
-1.7360337e-07
1.5511631e-07
8.1458788e-06
-1.6166363e-07
1.6735603e-07
8.0284111e-06
-1.4937577e-07
1.8513293e-07
7.9426232e-06
-1.3890764e-07
2.0859009e-07
7.9228982e-06
-1.194189e-07
2.3487901e-07
8.0063314e-06
-5.7169476e-08
2.60782e-07
8.2301258e-06
8.1232949e-08
2.8282892e-07
8.6112703e-06
3.5199688e-07
2.945341e-07
9.089638e-06
8.3815382e-07
2.9047718e-07
9.568556e-06
1.5150522e-06
2.806785e-07
9.9758493e-06
2.250039e-06
2.9092373e-07
1.0284552e-05
2.9058782e-06
3.3974049e-07
1.0494345e-05
3.420291e-06
4.2207281e-07
1.0617614e-05
3.7858365e-06
5.2074007e-07
1.0674489e-05
4.0161253e-06
6.1799492e-07
1.0665353e-05
4.1247277e-06
7.3513568e-07
1.0563953e-05
4.1306402e-06
9.0045593e-07
1.0343285e-05
4.0666382e-06
1.1043173e-06
9.9429351e-06
3.9737877e-06
1.3829257e-06
9.2578754e-06
3.9296342e-06
1.7912413e-06
8.0820888e-06
4.1268173e-06
2.4015037e-06
5.0094213e-06
3.3104915e-06
9.0218398e-06
8.1472767e-08
8.706913e-06
1.0595655e-07
8.3756965e-06
1.141637e-07
8.0368529e-06
1.1974276e-07
7.6967848e-06
1.2407331e-07
7.361977e-06
1.2713138e-07
7.0355167e-06
1.2982987e-07
6.7169834e-06
1.3347937e-07
6.4037331e-06
1.39648e-07
6.0916635e-06
1.5040742e-07
5.7737503e-06
1.6853984e-07
5.436733e-06
1.9811309e-07
5.071413e-06
2.4590693e-07
4.6935005e-06
3.2075412e-07
4.3418046e-06
4.3296281e-07
4.0909016e-06
6.0301613e-07
4.0633878e-06
8.6598145e-07
4.3328853e-06
1.2461467e-06
4.8526898e-06
1.7310656e-06
5.4953957e-06
2.2641472e-06
6.146601e-06
2.7701276e-06
6.735105e-06
3.1983913e-06
7.2163249e-06
3.5359524e-06
7.5616287e-06
3.7804429e-06
7.7457565e-06
3.9474982e-06
7.7369557e-06
4.076393e-06
7.5018502e-06
4.2098216e-06
7.0410406e-06
4.3913557e-06
6.5301166e-06
4.6386527e-06
4.800705e-06
9.4167171e-06
-1.0518969e-07
3.5584018e-08
9.5689852e-06
-1.1691618e-07
6.0424023e-08
9.7321588e-06
-1.3865251e-07
7.0073995e-08
9.8848013e-06
-1.3723288e-07
7.2049995e-08
1.0015828e-05
-1.2569752e-07
6.9982483e-08
1.0125767e-05
-1.1622465e-07
6.4325893e-08
1.0217636e-05
-1.111034e-07
5.4795862e-08
1.029768e-05
-1.112197e-07
4.0809368e-08
1.0363124e-05
-1.2001489e-07
1.9653782e-08
1.0417463e-05
-1.39338e-07
-9.6336924e-09
1.0458651e-05
-1.7204812e-07
-4.200807e-08
1.048896e-05
-2.2106274e-07
-8.6913444e-08
1.0508866e-05
-2.9006628e-07
-1.4634745e-07
1.0528385e-05
-3.9048819e-07
-2.2549126e-07
1.0549897e-05
-5.1399531e-07
-3.2792406e-07
1.0578224e-05
-6.5809165e-07
-4.5566113e-07
1.0618923e-05
-8.1235929e-07
-6.0961404e-07
1.0675375e-05
-9.5769728e-07
-7.895818e-07
1.0745766e-05
-1.0692355e-06
-9.9430021e-07
1.0823165e-05
-1.1263108e-06
-1.2196915e-06
1.0900951e-05
-1.1253416e-06
-1.4556187e-06
1.0975859e-05
-1.0808059e-06
-1.6835429e-06
1.1053518e-05
-1.0149207e-06
-1.8878492e-06
1.1141858e-05
-9.4049014e-07
-2.0571927e-06
1.1243845e-05
-8.5875595e-07
-2.1830033e-06
1.1349162e-05
-7.5838379e-07
-2.2565222e-06
1.1420628e-05
-6.0776862e-07
-2.2683568e-06
1.137396e-05
-3.3914867e-07
-2.2114736e-06
1.099034e-05
2.3387046e-07
-2.0917297e-06
2.0558548e-06
-1.8965482e-06
9.3260786e-06
-1.1782422e-07
3.7813216e-08
9.4369084e-06
-1.8850716e-07
6.7649989e-08
9.5452406e-06
-2.1504149e-07
8.2946958e-08
9.6650767e-06
-2.2783457e-07
9.1257648e-08
9.7990591e-06
-2.3196883e-07
9.6434234e-08
9.9411056e-06
-2.3206165e-07
9.887327e-08
1.0087484e-05
-2.3257151e-07
9.8475821e-08
1.0237217e-05
-2.3708107e-07
9.5069644e-08
1.0389635e-05
-2.4900163e-07
8.7887904e-08
1.0544999e-05
-2.7232721e-07
7.5595931e-08
1.0703061e-05
-3.1156812e-07
5.5989923e-08
1.0865084e-05
-3.7199067e-07
2.6477834e-08
1.1034853e-05
-4.5984866e-07
-1.7202506e-08
1.1199929e-05
-5.8321752e-07
-8.1337349e-08
1.1366105e-05
-7.440136e-07
-1.7224952e-07
1.1536168e-05
-9.3526235e-07
-2.9793024e-07
1.1714511e-05
-1.1383422e-06
-4.646788e-07
1.1905066e-05
-1.3162823e-06
-6.7419504e-07
1.2103153e-05
-1.4177933e-06
-9.2089728e-07
1.2293772e-05
-1.4074373e-06
-1.1896015e-06
1.2461777e-05
-1.2957337e-06
-1.4572747e-06
1.259895e-05
-1.1274055e-06
-1.7020848e-06
1.2719828e-05
-9.5847101e-07
-1.9098983e-06
1.2842921e-05
-7.9860635e-07
-2.0764084e-06
1.2980098e-05
-6.3129059e-07
-2.1987209e-06
1.317672e-05
-4.7617922e-07
-2.2606019e-06
1.3523941e-05
-3.2552123e-07
-2.2505166e-06
1.4208253e-05
-1.5597265e-07
-2.1678638e-06
1.5571381e-05
1.4222724e-07
-2.0364358e-06
6.2546049e-07
-1.8505702e-06
9.3640428e-06
-1.6779351e-07
3.8292528e-08
9.4275982e-06
-2.118763e-07
6.877887e-08
9.4664597e-06
-2.2083421e-07
8.5195548e-08
9.4942733e-06
-2.2525706e-07
9.5102157e-08
9.5176097e-06
-2.2601393e-07
1.0243366e-07
9.5376716e-06
-2.2315623e-07
1.0785092e-07
9.5544212e-06
-2.1941702e-07
1.1168367e-07
9.5673471e-06
-2.1731486e-07
1.1446799e-07
9.5755072e-06
-2.1874582e-07
1.16711e-07
9.5777013e-06
-2.2594701e-07
1.1879501e-07
9.5726513e-06
-2.4215204e-07
1.2078316e-07
9.5597456e-06
-2.7246187e-07
1.2198657e-07
9.538795e-06
-3.243772e-07
1.2038128e-07
9.5110802e-06
-4.0750638e-07
1.1281409e-07
9.4854849e-06
-5.3109057e-07
9.5537515e-08
9.4794976e-06
-6.9974292e-07
6.5051245e-08
9.5105057e-06
-8.9978195e-07
2.0979439e-08
9.6125688e-06
-1.0700928e-06
-6.7465212e-08
9.7980372e-06
-1.1231206e-06
-1.8904106e-07
1.004272e-05
-1.011907e-06
-3.0021072e-07
1.031259e-05
-7.6780188e-07
-3.75389e-07
1.0562012e-05
-4.5718677e-07
-3.9851452e-07
1.0714744e-05
-1.2349699e-07
-3.6929581e-07
1.0788804e-05
1.0765394e-07
-2.4469458e-07
1.0796444e-05
2.7861705e-07
-1.651961e-08
1.0781248e-05
4.0276674e-07
2.4120988e-07
1.0752915e-05
4.8037555e-07
6.0606657e-07
1.0720267e-05
5.2178572e-07
1.1468897e-06
1.0782518e-05
5.6758877e-07
1.914681e-06
6.5602763e-07
3.0213435e-06
9.1454452e-06
3.7181884e-08
8.9731729e-06
6.6352363e-08
8.7848156e-06
8.16867e-08
8.5887284e-06
9.0572794e-08
8.3899091e-06
9.687868e-08
8.1925296e-06
1.0135472e-07
7.9984897e-06
1.0445298e-07
7.8077319e-06
1.0692274e-07
7.6190189e-06
1.0961597e-07
7.4300238e-06
1.134567e-07
7.2368243e-06
1.195889e-07
7.032873e-06
1.2960481e-07
6.8084747e-06
1.4593128e-07
6.5497824e-06
1.7194482e-07
6.2397367e-06
2.1192718e-07
5.8686462e-06
2.7439015e-07
5.4552227e-06
3.7970975e-07
5.0683345e-06
5.6317881e-07
4.8141345e-06
8.6262878e-07
4.7711805e-06
1.2959455e-06
4.9293785e-06
1.8450733e-06
5.2162499e-06
2.4553754e-06
5.5745032e-06
3.0552678e-06
5.8907998e-06
3.5728019e-06
6.1119634e-06
4.0059072e-06
6.2014711e-06
4.390573e-06
6.1341506e-06
4.758417e-06
5.9088569e-06
5.1393233e-06
5.5589328e-06
5.5570512e-06
5.9913451e-06
9.3914309e-06
-1.0582995e-07
1.9174055e-08
9.5345462e-06
-1.1657739e-07
3.4283594e-08
9.6985539e-06
-1.3632132e-07
4.2929021e-08
9.8556054e-06
-1.3138238e-07
4.704099e-08
9.9933807e-06
-1.1558492e-07
4.8552789e-08
1.0111503e-05
-1.0124286e-07
4.8293722e-08
1.0211404e-05
-9.075536e-08
4.6573516e-08
1.0294636e-05
-8.5059133e-08
4.3626556e-08
1.036094e-05
-8.5211171e-08
3.9609441e-08
1.0409519e-05
-9.1945353e-08
3.483085e-08
1.0443973e-05
-1.0513257e-07
2.9812664e-08
1.0460854e-05
-1.2643708e-07
2.3820919e-08
1.045491e-05
-1.5604587e-07
1.6847661e-08
1.0438277e-05
-2.1301544e-07
5.3560505e-09
1.0407942e-05
-2.8812356e-07
-8.2837846e-09
1.0365541e-05
-3.8958968e-07
-2.251979e-08
1.0319773e-05
-5.240038e-07
-3.8738637e-08
1.0284512e-05
-6.9646037e-07
-5.6821197e-08
1.0277952e-05
-9.0701235e-07
-7.9768108e-08
1.0316102e-05
-1.1434292e-06
-1.1353131e-07
1.0403337e-05
-1.3768377e-06
-1.6519057e-07
1.053276e-05
-1.5725832e-06
-2.3957519e-07
1.069258e-05
-1.7105948e-06
-3.3624399e-07
1.0876049e-05
-1.7905231e-06
-4.492619e-07
1.1083847e-05
-1.8194665e-06
-5.704014e-07
1.1313021e-05
-1.7908728e-06
-6.9382993e-07
1.1534647e-05
-1.6701793e-06
-8.1874918e-07
1.1618458e-05
-1.3408566e-06
-9.5330551e-07
1.1229951e-05
-5.4131244e-07
-1.1606934e-06
1.6095993e-06
-1.5685849e-06
9.2981534e-06
-1.1740629e-07
2.0205633e-08
9.3990675e-06
-1.8749023e-07
3.7662722e-08
9.5093364e-06
-2.1259963e-07
4.8982599e-08
9.6366795e-06
-2.2307035e-07
5.5643461e-08
9.7821222e-06
-2.2407399e-07
5.9537864e-08
9.9385627e-06
-2.2003681e-07
6.1301919e-08
1.0100681e-05
-2.1522326e-07
6.0918893e-08
1.0265297e-05
-2.127087e-07
5.8216934e-08
1.0429937e-05
-2.1468815e-07
5.2858118e-08
1.0592652e-05
-2.2321603e-07
4.4304533e-08
1.0752427e-05
-2.4051076e-07
3.1764905e-08
1.0908243e-05
-2.6949469e-07
1.3908574e-08
1.1060703e-05
-3.1474085e-07
-1.0763148e-08
1.1195877e-05
-3.8533291e-07
-4.397842e-08
1.1314449e-05
-4.8910484e-07
-8.9617772e-08
1.1413019e-05
-6.3342759e-07
-1.5244208e-07
1.1491568e-05
-8.2815277e-07
-2.3886571e-07
1.1553802e-05
-1.0751963e-06
-3.574945e-07
1.1608879e-05
-1.3647295e-06
-5.180733e-07
1.1666512e-05
-1.6623655e-06
-7.2812133e-07
1.1727603e-05
-1.909098e-06
-9.85914e-07
1.178521e-05
-2.0591801e-06
-1.2728707e-06
1.1836287e-05
-2.115415e-06
-1.5558901e-06
1.1893868e-05
-2.1181232e-06
-1.806082e-06
1.1985823e-05
-2.1000882e-06
-2.0097096e-06
1.214572e-05
-2.0454789e-06
-2.1655105e-06
1.2459019e-05
-1.9463595e-06
-2.2872111e-06
1.3155455e-05
-1.7675925e-06
-2.4370991e-06
1.4696718e-05
-1.3810012e-06
-2.7374878e-06
-5.5311717e-07
-2.9948006e-06
9.336835e-06
-1.6738646e-07
2.0393915e-08
9.3910934e-06
-2.1106312e-07
3.8093643e-08
9.4328137e-06
-2.190687e-07
4.994505e-08
9.4697355e-06
-2.2231501e-07
5.7426601e-08
9.5073519e-06
-2.216644e-07
6.2410306e-08
9.5465964e-06
-2.1700849e-07
6.5582326e-08
9.5869646e-06
-2.1094486e-07
6.7043069e-08
9.6276573e-06
-2.0575112e-07
6.6825805e-08
9.6675915e-06
-2.0281529e-07
6.4914553e-08
9.7053767e-06
-2.033478e-07
6.115492e-08
9.7393534e-06
-2.0887971e-07
5.5191693e-08
9.7673088e-06
-2.2172503e-07
4.6280989e-08
9.785566e-06
-2.4564523e-07
3.3051083e-08
9.7858714e-06
-2.8648815e-07
1.3689622e-08
9.7594659e-06
-3.5176191e-07
-1.5371522e-08
9.6992611e-06
-4.5079292e-07
-5.734826e-08
9.6107417e-06
-5.9758575e-07
-1.2103703e-07
9.4950633e-06
-8.0870771e-07
-2.1824026e-07
9.3706982e-06
-1.0705751e-06
-3.587795e-07
9.2710203e-06
-1.3181545e-06
-5.4464811e-07
9.2093766e-06
-1.4585166e-06
-7.64152e-07
9.1778236e-06
-1.4416862e-06
-9.8418941e-07
9.1484082e-06
-1.3007157e-06
-1.1542395e-06
9.1310792e-06
-1.1131341e-06
-1.2319625e-06
9.1780262e-06
-9.585085e-07
-1.2046097e-06
9.2973968e-06
-8.6946924e-07
-1.0536712e-06
9.5681616e-06
-8.4710568e-07
-7.6337521e-07
1.0152198e-05
-8.9237574e-07
-3.1170397e-07
1.1422978e-05
-1.0709354e-06
3.3456192e-07
-1.7049668e-06
9.4804082e-07
9.1188707e-06
1.9872523e-08
8.9372041e-06
3.6955709e-08
8.7516084e-06
4.8213577e-08
8.564743e-06
5.5123016e-08
8.3804006e-06
5.9556726e-08
8.2024712e-06
6.2275684e-08
8.0324869e-06
6.3492678e-08
7.8702654e-06
6.3393554e-08
7.7148836e-06
6.2183302e-08
7.5649757e-06
6.0017915e-08
7.418652e-06
5.7034493e-08
7.2730167e-06
5.3517235e-08
7.123457e-06
4.9848563e-08
6.9621518e-06
4.676552e-08
6.7768468e-06
4.5475096e-08
6.5517985e-06
4.865281e-08
6.2719199e-06
6.2018343e-08
5.9294838e-06
9.6953708e-08
5.5430575e-06
1.7861743e-07
5.1754061e-06
3.457736e-07
4.9153195e-06
6.4725587e-07
4.8271537e-06
1.1027384e-06
4.8982661e-06
1.6844887e-06
5.0478296e-06
2.3111846e-06
5.1919233e-06
2.9043566e-06
5.277696e-06
3.4363363e-06
5.267474e-06
3.9224952e-06
5.1034198e-06
4.4119304e-06
4.6040926e-06
4.9863489e-06
5.7555573e-06
9.3860311e-06
-1.0579382e-07
8.1278744e-09
9.5216222e-06
-1.1606358e-07
1.5153794e-08
9.6800984e-06
-1.3487769e-07
1.9872809e-08
9.8333389e-06
-1.2814388e-07
2.2605769e-08
9.9683758e-06
-1.0974376e-07
2.4022335e-08
1.0084472e-05
-9.1532517e-08
2.4580554e-08
1.0182814e-05
-7.5365562e-08
2.4524876e-08
1.0264748e-05
-6.1331484e-08
2.4020452e-08
1.0331352e-05
-4.9148234e-08
2.3212352e-08
1.0383402e-05
-3.8345081e-08
2.2241259e-08
1.042119e-05
-2.8181754e-08
2.13733e-08
1.0442792e-05
-1.7679247e-08
2.1112928e-08
1.0444777e-05
-6.4949482e-09
2.2617859e-08
1.0436589e-05
-6.8932066e-09
2.1708252e-08
1.0419915e-05
-9.4271372e-09
1.9100054e-08
1.0396468e-05
-1.485334e-08
1.707417e-08
1.0367261e-05
-2.624667e-08
1.801757e-08
1.0334787e-05
-4.7690468e-08
2.4651995e-08
1.0303673e-05
-8.6108322e-08
3.8759086e-08
1.0282566e-05
-1.5097615e-07
5.9836784e-08
1.0285062e-05
-2.5020732e-07
8.3764644e-08
1.0326199e-05
-3.8138774e-07
1.01865e-07
1.0413966e-05
-5.2522492e-07
1.0235595e-07
1.0543361e-05
-6.5445573e-07
7.6909285e-08
1.0692827e-05
-7.4907112e-07
3.0306767e-08
1.0825597e-05
-7.841965e-07
-4.1258559e-08
1.085233e-05
-7.1032481e-07
-1.3394796e-07
1.0528052e-05
-3.8017833e-07
-2.4756729e-07
9.1823429e-06
6.6745783e-07
-4.811252e-07
3.5401848e-06
-9.3410827e-07
9.2920397e-06
-1.1718902e-07
8.5306697e-09
9.3839782e-06
-1.8695499e-07
1.6629606e-08
9.4869239e-06
-2.1139848e-07
2.2584035e-08
9.6086291e-06
-2.2061455e-07
2.6449945e-08
9.7493122e-06
-2.1962156e-07
2.8790204e-08
9.9016413e-06
-2.1245026e-07
2.9966221e-08
1.0060082e-05
-2.0285392e-07
3.0061371e-08
1.0221196e-05
-1.931624e-07
2.9048372e-08
1.0382644e-05
-1.8444699e-07
2.6844451e-08
1.0542775e-05
-1.7732239e-07
2.3308299e-08
1.0700628e-05
-1.7230859e-07
1.8216975e-08
1.0855817e-05
-1.6997837e-07
1.1218735e-08
1.1008695e-05
-1.7115657e-07
1.2409813e-09
1.114862e-05
-1.8113973e-07
-9.4152271e-09
1.1277158e-05
-2.0354515e-07
-2.3778574e-08
1.1393239e-05
-2.3914497e-07
-4.3958146e-08
1.1494756e-05
-2.9392058e-07
-7.2422843e-08
1.1579672e-05
-3.7716383e-07
-1.1264637e-07
1.164657e-05
-5.0152327e-07
-1.692673e-07
1.1697194e-05
-6.7983886e-07
-2.4960332e-07
1.1738742e-05
-9.1309727e-07
-3.6430732e-07
1.178122e-05
-1.1716451e-06
-5.248333e-07
1.1830993e-05
-1.3945038e-06
-7.3611406e-07
1.1885033e-05
-1.531824e-06
-9.8246441e-07
1.1938626e-05
-1.5828587e-06
-1.2291951e-06
1.1988999e-05
-1.5604125e-06
-1.4393103e-06
1.2048425e-05
-1.4487591e-06
-1.6077998e-06
1.2152018e-05
-1.1274614e-06
-1.7929754e-06
1.2412464e-05
-2.6400433e-07
-2.0659014e-06
1.9729863e-06
-2.3095751e-06
9.3309623e-06
-1.6737964e-07
8.5784013e-09
9.376468e-06
-2.1110618e-07
1.6739438e-08
9.4110466e-06
-2.1890121e-07
2.2869884e-08
9.442452e-06
-2.2161583e-07
2.7024055e-08
9.4755821e-06
-2.2008362e-07
2.9745036e-08
9.5113815e-06
-2.1404386e-07
3.1380774e-08
9.5494249e-06
-2.058658e-07
3.2017572e-08
9.5889524e-06
-1.9750571e-07
3.1649846e-08
9.6290677e-06
-1.8986846e-07
3.0231496e-08
9.6687161e-06
-1.8344093e-07
2.7638718e-08
9.7067456e-06
-1.7874186e-07
2.3612409e-08
9.7419792e-06
-1.7653609e-07
1.7625501e-08
9.7733867e-06
-1.781467e-07
8.6579685e-09
9.7958569e-06
-1.8648146e-07
-3.4105728e-09
9.8024997e-06
-2.0548928e-07
-2.0037947e-08
9.787553e-06
-2.3929072e-07
-4.2219575e-08
9.7412277e-06
-2.9575246e-07
-7.284038e-08
9.650111e-06
-3.8806881e-07
-1.1617661e-07
9.503264e-06
-5.3469022e-07
-1.7872186e-07
9.303976e-06
-7.5430583e-07
-2.7084542e-07
9.0776877e-06
-1.0446276e-06
-4.0626692e-07
8.8602919e-06
-1.3448518e-06
-5.934623e-07
8.6739958e-06
-1.5498813e-06
-8.1233476e-07
8.5197895e-06
-1.6049941e-06
-1.0042271e-06
8.3874479e-06
-1.5568223e-06
-1.097818e-06
8.3045373e-06
-1.4807971e-06
-1.0497633e-06
8.3940401e-06
-1.4281528e-06
-8.7275447e-07
9.0001569e-06
-1.4261982e-06
-6.18257e-07
1.1043014e-05
-1.4921439e-06
-4.7925623e-07
-1.4554161e-06
-8.8213416e-07
9.1131001e-06
8.3405945e-09
8.9227811e-06
1.6168385e-08
8.7301464e-06
2.1946896e-08
8.5379212e-06
2.5732352e-08
8.3493203e-06
2.8073933e-08
8.1682042e-06
2.9348023e-08
7.9961456e-06
2.9685711e-08
7.8328993e-06
2.9134653e-08
7.6774968e-06
2.771815e-08
7.5286677e-06
2.540722e-08
7.3848682e-06
2.2093769e-08
7.2442657e-06
1.7585844e-08
7.1043066e-06
1.1663833e-08
6.9600765e-06
4.5179202e-09
6.8043301e-06
-4.2630377e-09
6.6288266e-06
-1.5128447e-08
6.4209833e-06
-2.5883257e-08
6.1647363e-06
-3.4857479e-08
5.8468238e-06
-3.8140061e-08
5.464914e-06
-2.6565844e-08
5.0447365e-06
2.2975555e-08
4.6492196e-06
1.5381696e-07
4.3699459e-06
4.146317e-07
4.2562557e-06
8.2090716e-07
4.2718194e-06
1.3331242e-06
4.3519826e-06
1.8765376e-06
4.4582993e-06
2.3891374e-06
4.5511454e-06
2.8939331e-06
4.5182943e-06
3.5280446e-06
4.2936237e-06
9.3832599e-06
-1.0594121e-07
1.1013463e-13
9.5150518e-06
-1.1624088e-07
4.3422545e-14
9.6704559e-06
-1.3498967e-07
2.8882602e-14
9.8217293e-06
-1.2800678e-07
1.7903674e-14
9.9555966e-06
-1.0908314e-07
1.0849267e-15
1.0071118e-05
-9.0090877e-08
-1.7242232e-14
1.016939e-05
-7.2820336e-08
-4.2035039e-14
1.0251718e-05
-5.7312467e-08
-6.7567918e-14
1.0319213e-05
-4.3224768e-08
-9.743878e-14
1.0372619e-05
-3.0049697e-08
-1.0202757e-13
1.0412275e-05
-1.7115813e-08
-8.2068871e-14
1.0438964e-05
-4.3613821e-09
2.7257333e-15
1.0441095e-05
2.1747368e-08
2.6515319e-13
1.0439347e-05
2.4717825e-08
7.6648957e-13
1.0431167e-05
2.8543644e-08
1.6241344e-12
1.0416366e-05
3.3144655e-08
2.8505084e-12
1.0396813e-05
3.8846945e-08
4.6006689e-12
1.0372552e-05
5.0205105e-08
7.239082e-12
1.0345842e-05
6.677704e-08
1.1036962e-11
1.0319509e-05
8.7495108e-08
1.6615158e-11
1.029628e-05
1.0833419e-07
2.4704629e-11
1.0279764e-05
1.1973095e-07
3.6738193e-11
1.0278022e-05
1.0545214e-07
5.4525539e-11
1.0316845e-05
3.9437638e-08
7.884039e-11
1.0386431e-05
-3.80267e-08
8.3659718e-11
1.0422447e-05
-7.6154987e-08
1.0162235e-10
1.0310619e-05
-2.1122651e-08
1.1033739e-10
9.5969872e-06
4.6710758e-07
1.0600047e-10
7.259797e-06
1.8572304e-06
2.3175149e-11
5.1378056e-06
-7.2716268e-11
9.2887189e-06
-1.1715998e-07
6.168624e-14
9.3760098e-06
-1.8688817e-07
-7.4633625e-14
9.4748033e-06
-2.1117259e-07
-1.7222126e-13
9.5933193e-06
-2.2003159e-07
-2.6860722e-13
9.7315107e-06
-2.1842633e-07
-3.5992057e-13
9.8817871e-06
-2.1032487e-07
-4.6128473e-13
1.0038482e-05
-1.9935818e-07
-5.7605412e-13
1.0198053e-05
-1.8771924e-07
-7.0135851e-13
1.035811e-05
-1.7630059e-07
-8.4784032e-13
1.0517037e-05
-1.655099e-07
-1.028236e-12
1.0673998e-05
-1.556794e-07
-1.240657e-12
1.0828132e-05
-1.4707432e-07
-1.5045119e-12
1.0985055e-05
-1.3370361e-07
-1.8054804e-12
1.1125908e-05
-1.2529298e-07
-1.8727122e-12
1.125513e-05
-1.2417388e-07
-2.0203823e-12
1.1371643e-05
-1.2701684e-07
-2.1421749e-12
1.147412e-05
-1.3571704e-07
-2.1683795e-12
1.1563884e-05
-1.5184177e-07
-2.0615018e-12
1.1640582e-05
-1.787978e-07
-1.6989376e-12
1.1703097e-05
-2.2421075e-07
-1.1092852e-12
1.1749002e-05
-3.0145794e-07
2.3564305e-13
1.1775849e-05
-4.3155896e-07
1.9437816e-12
1.1783791e-05
-6.3830481e-07
2.9015138e-12
1.1768738e-05
-9.2789467e-07
-1.0378073e-12
1.1733052e-05
-1.2314684e-06
4.6201286e-12
1.1654742e-05
-1.4370146e-06
-1.6761957e-11
1.1463131e-05
-1.4370215e-06
-7.4775759e-11
1.1041127e-05
-9.0351469e-07
-1.822361e-10
9.9770216e-06
8.5612254e-07
-3.3710921e-10
4.8934788e-06
-5.3218576e-10
9.3277232e-06
-1.6734866e-07
7.226099e-14
9.3686421e-06
-2.1106728e-07
-6.5524358e-14
9.399071e-06
-2.1873066e-07
-1.6355274e-13
9.4272392e-06
-2.2117394e-07
-2.6745408e-13
9.4577964e-06
-2.1923534e-07
-3.7548989e-13
9.4914726e-06
-2.1261559e-07
-4.9710781e-13
9.5277583e-06
-2.0361962e-07
-6.3297707e-13
9.5658232e-06
-1.9412523e-07
-7.8968904e-13
9.6046939e-06
-1.8492792e-07
-9.7580649e-13
9.6431916e-06
-1.7635388e-07
-1.2048099e-12
9.6798046e-06
-1.686615e-07
-1.5011665e-12
9.7124163e-06
-1.6203786e-07
-1.8976033e-12
9.7437361e-06
-1.5633818e-07
-2.4540578e-12
9.7680203e-06
-1.5295531e-07
-3.1970986e-12
9.7787062e-06
-1.5485943e-07
-4.1274054e-12
9.7715314e-06
-1.6201693e-07
-5.3555618e-12
9.7399516e-06
-1.7692599e-07
-6.9982484e-12
9.6760792e-06
-2.0408659e-07
-9.1926953e-12
9.5695361e-06
-2.5090932e-07
-1.2163847e-11
9.4052916e-06
-3.3073626e-07
-1.6209498e-11
9.1642397e-06
-4.6659017e-07
-2.1715025e-11
8.8326387e-06
-6.9332782e-07
-2.9228909e-11
8.4185074e-06
-1.0363856e-06
-3.9773243e-11
7.94647e-06
-1.4598557e-06
-5.5168388e-11
7.455981e-06
-1.8383297e-06
-7.5190318e-11
7.0288312e-06
-2.0588169e-06
-1.1868524e-10
6.8596894e-06
-2.1394654e-06
-2.0949176e-10
7.4389881e-06
-2.0995626e-06
-3.7787524e-10
9.3574401e-06
-1.5400582e-06
-4.3721856e-10
4.4516546e-07
-8.3350963e-10
9.1099396e-06
7.9454767e-14
8.9150406e-06
-4.8246967e-14
8.7182569e-06
-1.3449522e-13
8.5228155e-06
-2.1866873e-13
8.3316544e-06
-3.1444044e-13
8.1483873e-06
-4.2043035e-13
7.9744542e-06
-5.3743496e-13
7.8094648e-06
-6.7492951e-13
7.6522566e-06
-8.460604e-13
7.5013122e-06
-1.0606532e-12
7.3547475e-06
-1.3415292e-12
7.2102994e-06
-1.7188701e-12
7.0656303e-06
-2.2487959e-12
6.9171997e-06
-2.9989508e-12
6.7580863e-06
-4.0819066e-12
6.5809525e-06
-5.4397393e-12
6.3781583e-06
-7.3942492e-12
6.1392339e-06
-1.0192913e-11
5.8502107e-06
-1.4205519e-11
5.4929443e-06
-1.9998069e-11
5.0493837e-06
-2.8539193e-11
4.5099808e-06
-4.1448995e-11
3.888502e-06
-6.1134382e-11
3.2502052e-06
-9.3252927e-11
2.7461917e-06
-1.461043e-10
2.5655542e-06
-2.3264367e-10
2.8170672e-06
-3.6793985e-10
3.6133648e-06
-5.673619e-10
5.6033515e-06
-7.7791248e-10
-3.6331934e-11
9.3832599e-06
-1.0594118e-07
-8.1276841e-09
9.5150518e-06
-1.1624079e-07
-1.5153801e-08
9.6704559e-06
-1.3498951e-07
-1.9872912e-08
9.8217293e-06
-1.2800657e-07
-2.260594e-08
9.9555967e-06
-1.0908292e-07
-2.4022573e-08
1.0071118e-05
-9.0090621e-08
-2.4580862e-08
1.016939e-05
-7.282004e-08
-2.452527e-08
1.0251718e-05
-5.7312145e-08
-2.4020953e-08
1.0319213e-05
-4.3224421e-08
-2.3212979e-08
1.0372619e-05
-3.0049229e-08
-2.2242064e-08
1.0412275e-05
-1.7115215e-08
-2.137435e-08
1.0438966e-05
-4.3605086e-09
-2.1114382e-08
1.0441097e-05
2.1749136e-08
-2.2619915e-08
1.043935e-05
2.4720464e-08
-2.1710791e-08
1.0431173e-05
2.8547467e-08
-1.9102645e-08
1.0416374e-05
3.3150225e-08
-1.7077144e-08
1.0396826e-05
3.8855139e-08
-1.8021065e-08
1.0372571e-05
5.0217444e-08
-2.4656348e-08
1.0345871e-05
6.6795397e-08
-3.8764939e-08
1.0319553e-05
8.7522229e-08
-5.9844969e-08
1.0296344e-05
1.0837426e-07
-8.3776359e-08
1.0279859e-05
1.1979026e-07
-1.0188167e-07
1.0278155e-05
1.055455e-07
-1.0237819e-07
1.0316927e-05
3.967135e-08
-7.6933947e-08
1.0386547e-05
-3.7883327e-08
-3.0317744e-08
1.0422539e-05
-7.589019e-08
4.1217886e-08
1.0310603e-05
-2.0719199e-08
1.3387272e-07
9.5966489e-06
4.6773018e-07
2.4747852e-07
7.2588139e-06
1.8579726e-06
4.8107423e-07
5.1385312e-06
9.3409515e-07
9.2887188e-06
-1.1715995e-07
-8.5305049e-09
9.3760098e-06
-1.8688813e-07
-1.6629694e-08
9.4748032e-06
-2.1117251e-07
-2.25843e-08
9.5933193e-06
-2.2003148e-07
-2.6450392e-08
9.7315107e-06
-2.1842619e-07
-2.8790835e-08
9.881787e-06
-2.1032471e-07
-2.9967045e-08
1.0038482e-05
-1.9935797e-07
-3.0062408e-08
1.0198053e-05
-1.8771899e-07
-2.9049649e-08
1.035811e-05
-1.763003e-07
-2.6845997e-08
1.0517036e-05
-1.6550955e-07
-2.3310152e-08
1.0673997e-05
-1.5567896e-07
-1.8219169e-08
1.0828132e-05
-1.4707374e-07
-1.1221333e-08
1.0985056e-05
-1.3370235e-07
-1.2448308e-09
1.1125909e-05
-1.2529091e-07
9.4116654e-09
1.1255131e-05
-1.2417042e-07
2.3774077e-08
1.1371646e-05
-1.2701129e-07
4.3952543e-08
1.1474125e-05
-1.3570843e-07
7.2415905e-08
1.1563893e-05
-1.5182857e-07
1.126378e-07
1.1640596e-05
-1.7877787e-07
1.6925688e-07
1.1703119e-05
-2.2418114e-07
2.4959082e-07
1.1749034e-05
-3.0141389e-07
3.6429246e-07
1.1775897e-05
-4.3149312e-07
5.2481514e-07
1.1783859e-05
-6.3820149e-07
7.3609027e-07
1.1768875e-05
-9.2769787e-07
9.8243051e-07
1.1733154e-05
-1.2312284e-06
1.2291421e-06
1.1654801e-05
-1.4366893e-06
1.4392603e-06
1.1463055e-05
-1.4365891e-06
1.6077557e-06
1.1040641e-05
-9.0278728e-07
1.7929164e-06
9.9751475e-06
8.5770287e-07
2.065778e-06
4.8955613e-06
2.3095192e-06
9.3277232e-06
-1.6734865e-07
-8.5782393e-09
9.3686421e-06
-2.1106727e-07
-1.6739537e-08
9.3990709e-06
-2.1873064e-07
-2.2870156e-08
9.4272392e-06
-2.211739e-07
-2.7024506e-08
9.4577963e-06
-2.1923529e-07
-2.9745681e-08
9.4914725e-06
-2.1261553e-07
-3.1381632e-08
9.5277582e-06
-2.0361955e-07
-3.2018668e-08
9.5658231e-06
-1.9412514e-07
-3.1651216e-08
9.6046936e-06
-1.8492781e-07
-3.0233177e-08
9.6431911e-06
-1.7635375e-07
-2.7640759e-08
9.6798039e-06
-1.6866133e-07
-2.3614872e-08
9.712415e-06
-1.6203761e-07
-1.762844e-08
9.7437342e-06
-1.5633776e-07
-8.6614321e-09
9.7680179e-06
-1.529545e-07
3.4060423e-09
9.7787029e-06
-1.5485836e-07
2.0032929e-08
9.7715271e-06
-1.6201509e-07
4.22136e-08
9.739946e-06
-1.7692293e-07
7.2833218e-08
9.676072e-06
-2.0408172e-07
1.1616815e-07
9.5695266e-06
-2.509017e-07
1.7871222e-07
9.4052788e-06
-3.3072433e-07
2.7083393e-07
9.164222e-06
-4.6657174e-07
4.0625403e-07
8.8326131e-06
-6.932992e-07
5.9344887e-07
8.4184742e-06
-1.0363367e-06
8.1231723e-07
7.946452e-06
-1.459761e-06
1.0042037e-06
7.4559294e-06
-1.8381703e-06
1.0977819e-06
7.0286669e-06
-2.0585691e-06
1.0497161e-06
6.859228e-06
-2.1390953e-06
8.7269497e-07
7.4379325e-06
-2.098943e-06
6.1820336e-07
9.3549228e-06
-1.538287e-06
4.7965274e-07
4.4747334e-07
8.8307731e-07
9.1099396e-06
-8.3404181e-09
8.9150406e-06
-1.6168452e-08
8.7182569e-06
-2.1947122e-08
8.5228154e-06
-2.5732738e-08
8.3316543e-06
-2.8074483e-08
8.1483872e-06
-2.9348757e-08
7.974454e-06
-2.9686655e-08
7.8094645e-06
-2.9135841e-08
7.6522563e-06
-2.7719616e-08
7.5013116e-06
-2.5409021e-08
7.3547466e-06
-2.2095961e-08
7.210298e-06
-1.7588494e-08
7.0656279e-06
-1.1667001e-08
6.9171958e-06
-4.5215464e-09
6.7580811e-06
4.257176e-09
6.5809448e-06
1.5121899e-08
6.3781471e-06
2.5875132e-08
6.1392174e-06
3.4847218e-08
5.8501865e-06
3.8126964e-08
5.4929091e-06
2.6548794e-08
5.0493291e-06
-2.2994769e-08
4.5098986e-06
-1.5384374e-07
3.8883838e-06
-4.1466897e-07
3.2500524e-06
-8.2096431e-07
2.7459955e-06
-1.3332133e-06
2.5652769e-06
-1.8766736e-06
2.8166231e-06
-2.3893359e-06
3.6126766e-06
-2.8942037e-06
5.6031615e-06
-3.5283271e-06
-4.292953e-06
9.3860311e-06
-1.0579381e-07
-1.917389e-08
9.5216222e-06
-1.1606351e-07
-3.4283683e-08
9.6800984e-06
-1.3487753e-07
-4.2929277e-08
9.8333389e-06
-1.2814359e-07
-4.7041405e-08
9.9683758e-06
-1.0974342e-07
-4.8553357e-08
1.0084472e-05
-9.1532085e-08
-4.8294439e-08
1.0182814e-05
-7.5365045e-08
-4.6574398e-08
1.0264748e-05
-6.1330898e-08
-4.3627612e-08
1.0331352e-05
-4.9147544e-08
-3.9610718e-08
1.0383401e-05
-3.8344269e-08
-3.4832362e-08
1.0421189e-05
-2.8180766e-08
-2.981456e-08
1.0442792e-05
-1.7678073e-08
-2.3823299e-08
1.0444776e-05
-6.4935998e-09
-1.6850833e-08
1.043659e-05
-6.8913022e-09
-5.3619063e-09
1.0419915e-05
-9.42495e-09
8.2798477e-09
1.0396468e-05
-1.4850671e-08
2.2514047e-08
1.0367262e-05
-2.6243229e-08
3.8731192e-08
1.0334789e-05
-4.7686209e-08
5.6811603e-08
1.0303677e-05
-8.6103271e-08
7.9755592e-08
1.0282572e-05
-1.509705e-07
1.135146e-07
1.0285072e-05
-2.5020079e-07
1.6516798e-07
1.0326215e-05
-3.8137873e-07
2.3954405e-07
1.0413986e-05
-5.2520794e-07
3.3620049e-07
1.0543379e-05
-6.5441586e-07
4.4920047e-07
1.069284e-05
-7.4899539e-07
5.7031852e-07
1.0825574e-05
-7.8409308e-07
6.9372223e-07
1.0852235e-05
-7.1020029e-07
8.186207e-07
1.0527829e-05
-3.8000369e-07
9.5317073e-07
9.181873e-06
6.6774433e-07
1.1606034e-06
3.5405694e-06
1.5685778e-06
9.2920396e-06
-1.17189e-07
-2.0205427e-08
9.3839781e-06
-1.8695495e-07
-3.7662739e-08
9.4869238e-06
-2.1139841e-07
-4.898274e-08
9.608629e-06
-2.2061441e-07
-5.5643729e-08
9.749312e-06
-2.1962138e-07
-5.9538283e-08
9.901641e-06
-2.1245001e-07
-6.1302496e-08
1.0060082e-05
-2.028536e-07
-6.091965e-08
1.0221196e-05
-1.9316201e-07
-5.8217888e-08
1.0382644e-05
-1.8444653e-07
-5.2859296e-08
1.0542774e-05
-1.7732183e-07
-4.4305955e-08
1.0700627e-05
-1.7230794e-07
-3.1766634e-08
1.0855816e-05
-1.6997764e-07
-1.3910695e-08
1.1008694e-05
-1.7115575e-07
1.0760678e-08
1.1148618e-05
-1.8113844e-07
4.3975497e-08
1.1277156e-05
-2.0354349e-07
8.9614144e-08
1.1393237e-05
-2.3914312e-07
1.5243761e-07
1.1494753e-05
-2.9391854e-07
2.3886035e-07
1.1579669e-05
-3.7716181e-07
3.5748823e-07
1.1646568e-05
-5.0152168e-07
5.1806606e-07
1.1697193e-05
-6.798383e-07
7.2811315e-07
1.1738742e-05
-9.1309781e-07
9.8590459e-07
1.1781222e-05
-1.1716448e-06
1.272859e-06
1.1830997e-05
-1.3944961e-06
1.5558743e-06
1.1885032e-05
-1.5317923e-06
1.8060608e-06
1.1938601e-05
-1.5827879e-06
2.0096853e-06
1.1988921e-05
-1.5602866e-06
2.1654913e-06
1.2048222e-05
-1.4485618e-06
2.2872191e-06
1.2151516e-05
-1.1271268e-06
2.4371794e-06
1.2411433e-05
-2.6350345e-07
2.737679e-06
1.9744062e-06
2.9950476e-06
9.3309623e-06
-1.6737962e-07
-2.0393719e-08
9.3764679e-06
-2.1110616e-07
-3.8093676e-08
9.4110465e-06
-2.1890119e-07
-4.9945217e-08
9.4424519e-06
-2.2161579e-07
-5.7426899e-08
9.4755819e-06
-2.2008355e-07
-6.2410746e-08
9.5113812e-06
-2.1404378e-07
-6.5582921e-08
9.5494245e-06
-2.0586569e-07
-6.7043827e-08
9.5889518e-06
-1.9750556e-07
-6.6826751e-08
9.6290669e-06
-1.8986829e-07
-6.4915721e-08
9.6687151e-06
-1.8344073e-07
-6.1156331e-08
9.7067442e-06
-1.7874162e-07
-5.5193392e-08
9.7419774e-06
-1.7653583e-07
-4.6283013e-08
9.7733843e-06
-1.781464e-07
-3.3053473e-08
9.7958538e-06
-1.8648114e-07
-1.3692439e-08
9.8024956e-06
-2.0548863e-07
1.5368468e-08
9.7875476e-06
-2.3929002e-07
5.7344729e-08
9.7412205e-06
-2.9575179e-07
1.2103307e-07
9.6501012e-06
-3.8806829e-07
2.1823596e-07
9.5032505e-06
-5.3469035e-07
3.5877524e-07
9.3039573e-06
-7.5430738e-07
5.4464394e-07
9.0776627e-06
-1.0446304e-06
7.6414783e-07
8.8602598e-06
-1.3448529e-06
9.8418445e-07
8.6739532e-06
-1.5498736e-06
1.1542325e-06
8.5197335e-06
-1.604965e-06
1.2319552e-06
8.3873648e-06
-1.5567603e-06
1.2046095e-06
8.3044013e-06
-1.4806894e-06
1.053695e-06
8.3937921e-06
-1.4279854e-06
7.6345753e-07
8.9997253e-06
-1.4259424e-06
3.1191283e-07
1.1042555e-05
-1.4916985e-06
-3.340831e-07
-1.4542526e-06
-9.4697634e-07
9.1131001e-06
-1.987233e-08
8.9227811e-06
-3.6955731e-08
8.7301464e-06
-4.8213721e-08
8.537921e-06
-5.5123274e-08
8.3493201e-06
-5.9557113e-08
8.1682039e-06
-6.2276202e-08
7.9961452e-06
-6.349335e-08
7.8328986e-06
-6.3394395e-08
7.6774958e-06
-6.218434e-08
7.5286664e-06
-6.0019174e-08
7.3848665e-06
-5.7036028e-08
7.2442635e-06
-5.3519083e-08
7.1043038e-06
-4.9850799e-08
6.9600731e-06
-4.6768197e-08
6.8043248e-06
-4.547843e-08
6.6288193e-06
-4.8656704e-08
6.4209731e-06
-6.2022837e-08
6.1647215e-06
-9.6958911e-08
5.8468022e-06
-1.7862374e-07
5.4648817e-06
-3.4578148e-07
5.0446926e-06
-6.4726627e-07
4.6491624e-06
-1.102753e-06
4.3698785e-06
-1.684508e-06
4.2561819e-06
-2.3112061e-06
4.2717384e-06
-2.9043764e-06
4.3518841e-06
-3.436347e-06
4.458156e-06
-3.9224812e-06
4.5509149e-06
-4.4118578e-06
4.5180241e-06
-4.986146e-06
-5.7550914e-06
9.3914309e-06
-1.0582996e-07
-3.5583823e-08
9.5345462e-06
-1.1657746e-07
-6.0424049e-08
9.6985539e-06
-1.3632141e-07
-7.007413e-08
9.8556054e-06
-1.313825e-07
-7.2050238e-08
9.9933806e-06
-1.1558506e-07
-6.9982816e-08
1.0111503e-05
-1.01243e-07
-6.4326335e-08
1.0211404e-05
-9.0755508e-08
-5.4796419e-08
1.0294635e-05
-8.505929e-08
-4.0810068e-08
1.0360939e-05
-8.5211373e-08
-1.9654745e-08
1.0409518e-05
-9.1945653e-08
9.6328459e-09
1.0443972e-05
-1.0513298e-07
4.2006878e-08
1.0460852e-05
-1.2643764e-07
8.6911955e-08
1.0454908e-05
-1.5604676e-07
1.463456e-07
1.0438273e-05
-2.1301701e-07
2.2548893e-07
1.0407938e-05
-2.8812516e-07
3.2792146e-07
1.0365537e-05
-3.8959153e-07
4.5565789e-07
1.0319768e-05
-5.2400653e-07
6.0961019e-07
1.0284506e-05
-6.9646481e-07
7.8957733e-07
1.0277946e-05
-9.0701945e-07
9.9429519e-07
1.0316096e-05
-1.1434401e-06
1.2196857e-06
1.0403331e-05
-1.3768537e-06
1.4556117e-06
1.0532754e-05
-1.5726052e-06
1.6835338e-06
1.0692573e-05
-1.7106241e-06
1.8878366e-06
1.0876035e-05
-1.7905604e-06
2.057175e-06
1.1083821e-05
-1.8195127e-06
2.1829797e-06
1.1312974e-05
-1.7909312e-06
2.2564931e-06
1.1534581e-05
-1.6702578e-06
2.2683257e-06
1.1618381e-05
-1.3409513e-06
2.2114458e-06
1.1229855e-05
-5.4136538e-07
2.0917106e-06
1.6096146e-06
1.8965439e-06
9.2981535e-06
-1.1740629e-07
-3.7813023e-08
9.3990675e-06
-1.8749027e-07
-6.7650008e-08
9.5093364e-06
-2.1259968e-07
-8.2947091e-08
9.6366794e-06
-2.2307042e-07
-9.1257889e-08
9.7821221e-06
-2.2407408e-07
-9.6434582e-08
9.9385624e-06
-2.2003692e-07
-9.8873746e-08
1.0100681e-05
-2.1522339e-07
-9.847642e-08
1.0265296e-05
-2.1270885e-07
-9.5070396e-08
1.0429936e-05
-2.1468833e-07
-8.7888824e-08
1.0592651e-05
-2.2321627e-07
-7.5597052e-08
1.0752425e-05
-2.4051113e-07
-5.5991273e-08
1.090824e-05
-2.694952e-07
-2.6479427e-08
1.10607e-05
-3.1474159e-07
1.7200517e-08
1.1195873e-05
-3.8533405e-07
8.1335075e-08
1.1314444e-05
-4.8910652e-07
1.7224694e-07
1.1413013e-05
-6.3342993e-07
2.9792734e-07
1.1491561e-05
-8.2815634e-07
4.6467547e-07
1.1553794e-05
-1.075202e-06
6.7419133e-07
1.1608869e-05
-1.364738e-06
9.2089298e-07
1.16665e-05
-1.6623772e-06
1.1895963e-06
1.1727587e-05
-1.909113e-06
1.4572678e-06
1.1785187e-05
-2.0591975e-06
1.7020751e-06
1.1836253e-05
-2.1154341e-06
1.9098849e-06
1.1893811e-05
-2.1181424e-06
2.0763915e-06
1.1985729e-05
-2.1001047e-06
2.1987032e-06
1.2145571e-05
-2.0454914e-06
2.2605927e-06
1.2458786e-05
-1.9463645e-06
2.2505346e-06
1.3155108e-05
-1.7675741e-06
2.1679453e-06
1.4696204e-05
-1.3809009e-06
2.0366406e-06
-5.5288511e-07
1.8509123e-06
9.336835e-06
-1.6738646e-07
-3.8292354e-08
9.3910934e-06
-2.1106314e-07
-6.8778894e-08
9.4328137e-06
-2.1906873e-07
-8.5195686e-08
9.4697354e-06
-2.2231504e-07
-9.5102402e-08
9.5073517e-06
-2.2166444e-07
-1.0243402e-07
9.5465961e-06
-2.1700854e-07
-1.078514e-07
9.586964e-06
-2.1094493e-07
-1.1168428e-07
9.6276565e-06
-2.057512e-07
-1.1446874e-07
9.6675904e-06
-2.0281537e-07
-1.1671192e-07
9.7053751e-06
-2.0334792e-07
-1.1879611e-07
9.7393513e-06
-2.0887988e-07
-1.2078447e-07
9.767306e-06
-2.2172528e-07
-1.2198812e-07
9.7855623e-06
-2.4564562e-07
-1.2038309e-07
9.7858664e-06
-2.8648872e-07
-1.1281617e-07
9.7594592e-06
-3.5176276e-07
-9.5539772e-08
9.6992521e-06
-4.5079417e-07
-6.5053559e-08
9.6107299e-06
-5.9758759e-07
-2.0982264e-08
9.4950486e-06
-8.0871049e-07
6.7460827e-08
9.3706795e-06
-1.0705797e-06
1.89037e-07
9.2709964e-06
-1.3181605e-06
3.0020593e-07
9.2093459e-06
-1.4585224e-06
3.7538261e-07
9.177782e-06
-1.4416893e-06
3.9850608e-07
9.1483483e-06
-1.3007135e-06
3.6928581e-07
9.1309923e-06
-1.1131242e-06
2.4468496e-07
9.1778991e-06
-9.5848681e-07
1.652152e-08
9.2972224e-06
-8.6943139e-07
-2.4118904e-07
9.5679414e-06
-8.470495e-07
-6.0599964e-07
1.0151984e-05
-8.9230051e-07
-1.1467441e-06
1.1423e-05
-1.0708353e-06
-1.9144368e-06
-1.704854e-06
-3.0209949e-06
9.1188707e-06
-3.7181709e-08
8.9372041e-06
-6.6352372e-08
8.7516083e-06
-8.1686808e-08
8.5647429e-06
-9.0572998e-08
8.3804004e-06
-9.6878974e-08
8.2024708e-06
-1.0135512e-07
8.0324863e-06
-1.0445348e-07
7.8702645e-06
-1.0692338e-07
7.7148823e-06
-1.0961674e-07
7.564974e-06
-1.1345765e-07
7.4186497e-06
-1.1959004e-07
7.2730137e-06
-1.2960617e-07
7.123453e-06
-1.4593288e-07
6.9621464e-06
-1.7194668e-07
6.7768394e-06
-2.1192935e-07
6.5517883e-06
-2.7439253e-07
6.271906e-06
-3.797123e-07
5.9294648e-06
-5.6318168e-07
5.5430315e-06
-8.6263259e-07
5.1753719e-06
-1.2959512e-06
4.9152774e-06
-1.8450814e-06
4.8271045e-06
-2.455386e-06
4.8982109e-06
-3.0552788e-06
5.0477695e-06
-3.5728084e-06
5.1918629e-06
-4.0059048e-06
5.277645e-06
-4.390555e-06
5.26745e-06
-4.7583736e-06
5.1034625e-06
-5.1392422e-06
4.60431e-06
-5.5569228e-06
-5.9911667e-06
9.4167172e-06
-1.051897e-07
-7.7920214e-08
9.5689854e-06
-1.1691618e-07
-9.5379141e-08
9.7321589e-06
-1.3865252e-07
-9.4054921e-08
9.8848014e-06
-1.3723289e-07
-8.6801687e-08
1.0015828e-05
-1.2569752e-07
-7.4554105e-08
1.0125766e-05
-1.1622468e-07
-5.7196479e-08
1.0217635e-05
-1.1110342e-07
-3.4643867e-08
1.0297679e-05
-1.1121977e-07
-8.6516085e-09
1.0363123e-05
-1.2001493e-07
3.5954273e-08
1.0417462e-05
-1.3933804e-07
9.5715494e-08
1.0458649e-05
-1.7204818e-07
1.7398729e-07
1.0488958e-05
-2.2106287e-07
2.7880828e-07
1.0508863e-05
-2.9006647e-07
4.1766099e-07
1.0528381e-05
-3.9048877e-07
5.9759061e-07
1.0549894e-05
-5.1399629e-07
8.2150154e-07
1.057822e-05
-6.5809286e-07
1.0864751e-06
1.0618918e-05
-8.1236084e-07
1.3822727e-06
1.0675369e-05
-9.5769933e-07
1.6917782e-06
1.0745758e-05
-1.0692379e-06
1.9940611e-06
1.0823155e-05
-1.1263134e-06
2.2695024e-06
1.0900938e-05
-1.1253443e-06
2.5040685e-06
1.0975842e-05
-1.0808088e-06
2.6903407e-06
1.1053495e-05
-1.0149249e-06
2.8260213e-06
1.1141826e-05
-9.4049646e-07
2.910273e-06
1.1243803e-05
-8.5876626e-07
2.9407293e-06
1.1349112e-05
-7.5840153e-07
2.9105815e-06
1.1420577e-05
-6.0779814e-07
2.8056981e-06
1.1373918e-05
-3.3918869e-07
2.5983901e-06
1.0990346e-05
2.3379237e-07
2.2426489e-06
2.0557573e-06
1.6902966e-06
9.3260786e-06
-1.1782424e-07
-8.2287612e-08
9.4369085e-06
-1.8850716e-07
-1.0687488e-07
9.5452406e-06
-2.1504151e-07
-1.1486412e-07
9.6650766e-06
-2.2783459e-07
-1.2045148e-07
9.7990589e-06
-2.3196886e-07
-1.2408855e-07
9.9411052e-06
-2.3206169e-07
-1.2500834e-07
1.0087483e-05
-2.3257155e-07
-1.2329271e-07
1.0237217e-05
-2.3708113e-07
-1.1883026e-07
1.0389634e-05
-2.490017e-07
-1.1118812e-07
1.0544997e-05
-2.7232733e-07
-9.7821278e-08
1.0703059e-05
-3.1156824e-07
-7.4365621e-08
1.0865082e-05
-3.7199087e-07
-3.7393456e-08
1.103485e-05
-4.5984899e-07
1.7407416e-08
1.1199924e-05
-5.8321811e-07
1.0918927e-07
1.13661e-05
-7.4401463e-07
2.3629063e-07
1.1536161e-05
-9.3526388e-07
4.0523562e-07
1.1714503e-05
-1.1383444e-06
6.1251204e-07
1.1905058e-05
-1.3162849e-06
8.4241775e-07
1.2103144e-05
-1.4177964e-06
1.0715706e-06
1.2293761e-05
-1.40744e-06
1.2803307e-06
1.2461762e-05
-1.2957354e-06
1.4599069e-06
1.259893e-05
-1.1274062e-06
1.6117776e-06
1.2719798e-05
-9.5847158e-07
1.732857e-06
1.2842875e-05
-7.9860582e-07
1.8117403e-06
1.2980031e-05
-6.312897e-07
1.8344124e-06
1.3176625e-05
-4.7617742e-07
1.7821401e-06
1.3523819e-05
-3.2552056e-07
1.6214532e-06
1.4208134e-05
-1.5597692e-07
1.3008337e-06
1.5571334e-05
1.4220367e-07
7.6553014e-07
6.2540904e-07
-4.3969176e-08
9.3640428e-06
-1.6779352e-07
-8.3409643e-08
9.4275982e-06
-2.1187631e-07
-1.0896493e-07
9.4664597e-06
-2.2083422e-07
-1.1826364e-07
9.4942732e-06
-2.2525708e-07
-1.2549189e-07
9.5176094e-06
-2.2601396e-07
-1.3172241e-07
9.5376712e-06
-2.2315626e-07
-1.3681439e-07
9.5544205e-06
-2.1941706e-07
-1.4158215e-07
9.567346e-06
-2.1731492e-07
-1.4715236e-07
9.5755056e-06
-2.1874589e-07
-1.5511678e-07
9.5776992e-06
-2.2594709e-07
-1.6735657e-07
9.5726485e-06
-2.4215213e-07
-1.8513357e-07
9.5597419e-06
-2.7246202e-07
-2.0859083e-07
9.5387903e-06
-3.243774e-07
-2.3487987e-07
9.5110741e-06
-4.075067e-07
-2.6078299e-07
9.4854772e-06
-5.3109118e-07
-2.8282995e-07
9.4794881e-06
-6.9974386e-07
-2.9453525e-07
9.5104943e-06
-8.997837e-07
-2.9047847e-07
9.6125546e-06
-1.0700954e-06
-2.8068013e-07
9.7980208e-06
-1.1231233e-06
-2.9092597e-07
1.0042701e-05
-1.0119084e-06
-3.3974377e-07
1.0312566e-05
-7.6780098e-07
-4.220776e-07
1.0561981e-05
-4.5718232e-07
-5.2074603e-07
1.0714701e-05
-1.2348945e-07
-6.1800089e-07
1.0788745e-05
1.0766592e-07
-7.3514044e-07
1.0796373e-05
2.7863016e-07
-9.0045449e-07
1.0781169e-05
4.0278584e-07
-1.1043049e-06
1.0752846e-05
4.8040131e-07
-1.3828942e-06
1.072025e-05
5.2181566e-07
-1.7911818e-06
1.0782611e-05
5.6761049e-07
-2.4014147e-06
6.5601712e-07
-3.3103838e-06
9.1454452e-06
-8.1472629e-08
8.9731729e-06
-1.0595656e-07
8.7848155e-06
-1.1416376e-07
8.5887282e-06
-1.1974286e-07
8.3899087e-06
-1.2407346e-07
8.1925291e-06
-1.2713158e-07
7.9984888e-06
-1.2983013e-07
7.8077307e-06
-1.3347968e-07
7.6190172e-06
-1.3964838e-07
7.4300215e-06
-1.5040787e-07
7.2368213e-06
-1.6854036e-07
7.0328691e-06
-1.9811368e-07
6.8084696e-06
-2.4590757e-07
6.5497758e-06
-3.2075479e-07
6.2397279e-06
-4.3296348e-07
5.8686348e-06
-6.0301665e-07
5.4552072e-06
-8.6598177e-07
5.068314e-06
-1.2461471e-06
4.8141085e-06
-1.7310667e-06
4.7711497e-06
-2.2641493e-06
4.9293436e-06
-2.7701308e-06
5.2162129e-06
-3.1983952e-06
5.5744667e-06
-3.5359563e-06
5.8907696e-06
-3.7804437e-06
6.1119448e-06
-3.9474943e-06
6.2014776e-06
-4.0763808e-06
6.1342006e-06
-4.2097962e-06
5.9089741e-06
-4.3913116e-06
5.5591357e-06
-4.6385882e-06
-4.8006309e-06
9.2980843e-06
-1.0681365e-07
9.3213782e-06
-1.1827453e-07
9.3625881e-06
-1.3471979e-07
9.399302e-06
-1.228485e-07
9.4229495e-06
-9.7430039e-08
9.4359404e-06
-6.9323892e-08
9.4433178e-06
-4.1075542e-08
9.4508584e-06
-1.517255e-08
9.4723472e-06
1.5551965e-08
9.5115716e-06
5.7634717e-08
9.5776435e-06
1.0910828e-07
9.6735252e-06
1.8416029e-07
9.794214e-06
2.9823813e-07
9.9375907e-06
4.5548708e-07
1.0084493e-05
6.758704e-07
1.021165e-05
9.6057755e-07
1.0298686e-05
1.2964725e-06
1.0335598e-05
1.6560699e-06
1.0325503e-05
2.0053232e-06
1.0280962e-05
2.3151751e-06
1.0218222e-05
2.567912e-06
1.0153479e-05
2.7561662e-06
1.0099226e-05
2.8813485e-06
1.0058318e-05
2.9522557e-06
1.0017833e-05
2.9822987e-06
9.9408903e-06
2.9886264e-06
9.7465186e-06
3.0012001e-06
9.2641236e-06
3.0819514e-06
8.1416369e-06
3.3663464e-06
4.2722044e-06
9.196994e-06
-1.1712567e-07
9.1582199e-06
-1.8636118e-07
9.118777e-06
-2.1011416e-07
9.092732e-06
-2.1721274e-07
9.0837943e-06
-2.125209e-07
9.0890959e-06
-1.9955421e-07
9.1074728e-06
-1.8264431e-07
9.1391882e-06
-1.6559458e-07
9.1906909e-06
-1.4698998e-07
9.2712154e-06
-1.2052582e-07
9.3879261e-06
-8.1732516e-08
9.5511365e-06
-1.6135292e-08
9.7715027e-06
9.5683208e-08
1.0049761e-05
2.8693925e-07
1.0374934e-05
5.876435e-07
1.0714235e-05
1.0272962e-06
1.1017692e-05
1.6064163e-06
1.124326e-05
2.2738732e-06
1.1373798e-05
2.9473361e-06
1.1416961e-05
3.5533174e-06
1.1394609e-05
4.051123e-06
1.1334652e-05
4.4288176e-06
1.1259743e-05
4.6899971e-06
1.1174828e-05
4.8497656e-06
1.1063609e-05
4.9287689e-06
1.0885825e-05
4.9493856e-06
1.0553849e-05
4.9554757e-06
9.9025921e-06
5.0349203e-06
8.6838154e-06
5.351598e-06
6.1316162e-06
9.2340563e-06
-1.656353e-07
9.1477006e-06
-2.0897014e-07
9.0363763e-06
-2.170527e-07
8.9127742e-06
-2.1910081e-07
8.7845288e-06
-2.1599491e-07
8.6558414e-06
-2.0767656e-07
8.5282526e-06
-1.9663088e-07
8.4005696e-06
-1.850545e-07
8.2720788e-06
-1.7360348e-07
8.1458769e-06
-1.6166378e-07
8.0284085e-06
-1.4937595e-07
7.9426197e-06
-1.3890789e-07
7.9228936e-06
-1.1941936e-07
8.0063257e-06
-5.7170581e-08
8.2301188e-06
8.1231448e-08
8.6112626e-06
3.5199438e-07
9.0896298e-06
8.381509e-07
9.5685471e-06
1.5150498e-06
9.9758388e-06
2.2500377e-06
1.0284539e-05
2.9058779e-06
1.0494328e-05
3.4202914e-06
1.0617592e-05
3.7858376e-06
1.0674462e-05
4.0161273e-06
1.0665321e-05
4.1247307e-06
1.0563921e-05
4.1306453e-06
1.0343259e-05
4.0666463e-06
9.9429303e-06
3.973799e-06
9.2579125e-06
3.9296454e-06
8.0821939e-06
4.1268167e-06
5.0093984e-06
9.0218399e-06
8.7069131e-06
8.3756966e-06
8.0368529e-06
7.6967846e-06
7.3619766e-06
7.035516e-06
6.7169823e-06
6.4037316e-06
6.0916615e-06
5.7737476e-06
5.4367294e-06
5.0714084e-06
4.6934942e-06
4.3417961e-06
4.0908901e-06
4.0633731e-06
4.3328678e-06
4.8526699e-06
5.4953735e-06
6.1465761e-06
6.7350773e-06
7.2162954e-06
7.5616014e-06
7.7457383e-06
7.7369578e-06
7.5018892e-06
7.0411351e-06
6.530275e-06
)
;

boundaryField
{
    maxY
    {
        type            calculated;
        value           nonuniform List<scalar> 
300
(
0
0
0
0
0
0
0
0
0
0
0
0
0
0
0
0
0
0
0
0
0
0
0
0
0
0
0
0
0
0
0
0
0
0
0
0
0
0
0
0
0
0
0
0
0
0
0
0
0
0
0
0
0
0
0
0
0
0
0
0
0
0
0
0
0
0
0
0
0
0
0
0
0
0
0
0
0
0
0
0
0
0
0
0
0
0
0
0
0
0
0
0
0
0
0
0
0
0
0
0
0
0
0
0
0
0
0
0
0
0
0
0
0
0
0
0
0
0
0
0
0
0
0
0
0
0
0
0
0
0
0
0
0
0
0
0
0
0
0
0
0
0
0
0
0
0
0
0
0
0
0
0
0
0
0
0
0
0
0
0
0
0
0
0
0
0
0
0
0
0
0
0
0
0
0
0
0
0
0
0
0
0
0
0
0
0
0
0
0
0
0
0
0
0
0
0
0
0
0
0
0
0
0
0
0
-6.4623485e-27
0
0
0
0
0
0
0
0
0
0
0
0
0
0
0
0
0
0
0
0
0
0
0
0
0
0
0
0
0
0
0
0
0
0
0
0
0
0
0
6.4623485e-27
0
0
0
0
0
0
0
0
0
0
0
0
0
0
0
0
0
0
6.4623485e-27
0
0
0
0
0
0
0
0
0
0
0
0
0
0
0
0
0
0
0
0
0
0
0
0
0
0
0
0
0
0
0
0
0
0
0
)
;
    }
    minX
    {
        type            calculated;
        value           nonuniform List<scalar> 
40
(
-9.268973e-06
-9.2689647e-06
-9.2689563e-06
-9.2689479e-06
-9.268973e-06
-9.2689647e-06
-9.2689563e-06
-9.2689479e-06
-9.268973e-06
-9.2689647e-06
-9.2689563e-06
-9.2689479e-06
-9.268973e-06
-9.2689647e-06
-9.2689563e-06
-9.2689479e-06
-9.268973e-06
-9.2689647e-06
-9.2689563e-06
-9.2689479e-06
-9.268973e-06
-9.2689647e-06
-9.2689563e-06
-9.2689479e-06
-9.268973e-06
-9.2689647e-06
-9.2689563e-06
-9.2689479e-06
-9.268973e-06
-9.2689647e-06
-9.2689563e-06
-9.2689479e-06
-9.268973e-06
-9.2689647e-06
-9.2689563e-06
-9.2689479e-06
-9.268973e-06
-9.2689647e-06
-9.2689563e-06
-9.2689479e-06
)
;
    }
    maxX
    {
        type            calculated;
        value           nonuniform List<scalar> 
40
(
5.5609002e-06
6.7813122e-06
5.8948096e-06
6.739777e-06
9.1419728e-06
1.889714e-05
1.1041932e-05
5.0252178e-06
9.2936676e-06
1.8004419e-05
1.4648916e-05
3.1358102e-06
5.0090214e-06
1.3295296e-05
1.6302521e-05
4.5257584e-06
1.1891847e-06
7.9130215e-06
1.2925447e-05
1.0343304e-05
1.1873438e-06
7.9087832e-06
1.2920095e-05
1.0344679e-05
5.0081611e-06
1.3292928e-05
1.6302198e-05
4.5268565e-06
9.2935542e-06
1.8003593e-05
1.4649772e-05
3.1364279e-06
9.1420567e-06
1.8897247e-05
1.1042225e-05
5.0255145e-06
5.5609922e-06
6.7815023e-06
5.8950165e-06
6.7399866e-06
)
;
    }
    minZ
    {
        type            calculated;
        value           uniform 0;
    }
    maxZ
    {
        type            calculated;
        value           uniform 0;
    }
    topAir_to_rightSolid
    {
        type            calculated;
        value           nonuniform List<scalar> 
130
(
0
0
0
0
4.2351647e-22
4.2351647e-22
0
0
0
-4.2351647e-22
-4.2351647e-22
0
0
0
0
0
0
0
0
0
0
-4.2351647e-22
0
0
4.2351647e-22
0
0
-4.2351647e-22
0
-4.2351647e-22
0
0
0
0
0
0
0
0
4.2351647e-22
0
0
0
0
0
0
0
0
0
0
0
0
0
0
0
0
0
0
0
0
0
0
0
0
0
0
0
0
0
0
0
0
0
0
0
0
0
0
0
0
0
0
0
0
0
0
0
0
0
0
0
0
0
0
0
0
0
0
-4.2351647e-22
0
0
-4.2351647e-22
0
0
0
0
0
0
0
0
0
0
0
0
0
0
0
0
0
0
0
0
-4.2351647e-22
0
0
0
0
-4.2351647e-22
0
0
4.2351647e-22
)
;
    }
    topAir_to_heater
    {
        type            calculated;
        value           nonuniform List<scalar> 
40
(
0
0
0
0
4.2351647e-22
0
0
0
0
0
0
0
0
0
0
0
0
0
0
0
0
0
0
0
0
0
0
0
0
0
0
0
-4.2351647e-22
0
-4.2351647e-22
0
0
0
0
0
)
;
    }
    topAir_to_leftSolid
    {
        type            calculated;
        value           nonuniform List<scalar> 
130
(
0
0
0
0
0
0
-4.2351647e-22
0
0
0
0
0
0
-8.4703295e-22
0
0
0
0
0
0
0
0
4.2351647e-22
0
0
0
0
0
0
0
0
4.2351647e-22
0
0
0
0
-4.2351647e-22
0
0
0
0
0
0
0
0
0
0
4.2351647e-22
0
0
0
0
0
0
0
0
0
0
0
-4.2351647e-22
0
0
0
0
0
0
0
0
0
0
0
0
0
0
0
0
0
4.2351647e-22
0
0
0
0
0
0
0
-4.2351647e-22
0
0
0
4.2351647e-22
0
0
0
0
0
0
0
0
0
-4.2351647e-22
0
0
4.2351647e-22
0
0
0
0
0
0
0
0
0
0
0
0
0
0
0
0
0
0
0
-4.2351647e-22
4.2351647e-22
0
0
-4.2351647e-22
0
0
0
)
;
    }
}


// ************************************************************************* //
