/*--------------------------------*- C++ -*----------------------------------*\
| =========                 |                                                 |
| \\      /  F ield         | OpenFOAM: The Open Source CFD Toolbox           |
|  \\    /   O peration     | Version:  v2012                                 |
|   \\  /    A nd           | Website:  www.openfoam.com                      |
|    \\/     M anipulation  |                                                 |
\*---------------------------------------------------------------------------*/
FoamFile
{
    version     2.0;
    format      ascii;
    class       volVectorField;
    location    "360/topAir";
    object      U;
}
// * * * * * * * * * * * * * * * * * * * * * * * * * * * * * * * * * * * * * //

dimensions      [0 1 -1 0 0 0 0];


internalField   nonuniform List<vector> 
1200
(
(0.10412242 -0.0023354578 0.00086904202)
(0.11696603 -0.0024471356 0.0013016244)
(0.12801817 -0.0022717239 0.0013804636)
(0.13662616 -0.0017683206 0.0012471708)
(0.14413228 -0.00099567739 0.00091737707)
(0.15114112 -0.00011611822 0.00035292677)
(0.15788647 0.00077964299 -0.00047143371)
(0.16463007 0.0016171499 -0.0016882002)
(0.17153925 0.0024770002 -0.0035468282)
(0.17889778 0.0035261032 -0.0063379261)
(0.18688788 0.005067143 -0.010438775)
(0.19525007 0.0074652569 -0.016250553)
(0.20269103 0.011131213 -0.024051088)
(0.20780452 0.015622071 -0.033761447)
(0.21049703 0.020751101 -0.044738444)
(0.21123749 0.025784694 -0.055874501)
(0.21028409 0.030110235 -0.065966034)
(0.20782278 0.033445546 -0.07419973)
(0.20420392 0.035695289 -0.080300126)
(0.20004911 0.036837519 -0.084387988)
(0.19613411 0.036967605 -0.086772814)
(0.19312756 0.036310225 -0.087790077)
(0.19139956 0.035120591 -0.087714048)
(0.1909948 0.033627867 -0.086736286)
(0.1916827 0.03203666 -0.084961298)
(0.19294356 0.03059766 -0.082364739)
(0.19376731 0.029733276 -0.078710771)
(0.19219923 0.030303235 -0.073446456)
(0.18477166 0.034337386 -0.065586854)
(0.14334066 0.048095476 -0.052982)
(0.098697993 -0.0037151007 0.00084724939)
(0.098449655 -0.0045387949 0.0012795235)
(0.098785264 -0.0046229061 0.0014625898)
(0.099531685 -0.0041990568 0.0015489921)
(0.10078697 -0.0034493051 0.0015671748)
(0.10258588 -0.0026097602 0.0015041461)
(0.10490491 -0.0018296165 0.0013384088)
(0.10784863 -0.0012097202 0.0010194352)
(0.11189216 -0.00044972818 0.00043112205)
(0.11749884 0.00079608297 -0.00058555915)
(0.12553141 0.0032893319 -0.0023249958)
(0.13636875 0.0080456992 -0.0051596712)
(0.14981557 0.015959608 -0.009590208)
(0.16428861 0.026213426 -0.015813557)
(0.17785804 0.03813399 -0.023479545)
(0.18891811 0.050269817 -0.031634336)
(0.1964518 0.061504742 -0.039240228)
(0.20013043 0.071144741 -0.04571252)
(0.20038207 0.078602544 -0.05090692)
(0.19830301 0.083434155 -0.054881285)
(0.19527201 0.08565498 -0.057718266)
(0.19239663 0.085775123 -0.059449503)
(0.19026156 0.084440616 -0.060121598)
(0.18903099 0.082209525 -0.059812545)
(0.18860995 0.079483056 -0.058576299)
(0.18868671 0.076684518 -0.05631227)
(0.18857539 0.074578931 -0.052613788)
(0.186952 0.074758554 -0.046524886)
(0.18252223 0.080590229 -0.035889723)
(0.15451883 0.097290682 -0.015715974)
(0.098840031 -0.0028432914 0.00087371709)
(0.098044827 -0.0041209518 0.0013267721)
(0.096468426 -0.0045224951 0.0015303599)
(0.094458647 -0.0046088025 0.0016538227)
(0.092476127 -0.0045652786 0.0017495404)
(0.090702243 -0.0044752494 0.0018296652)
(0.08912916 -0.0044341524 0.0019106791)
(0.087685043 -0.0045171269 0.0020287428)
(0.086397595 -0.0045535998 0.0022492835)
(0.085532838 -0.0044460773 0.0026162695)
(0.08557762 -0.0039585936 0.0030645249)
(0.088335645 -0.0017630198 0.0032343729)
(0.096944422 0.0050081358 0.002482446)
(0.1112187 0.017830314 0.00054128418)
(0.12865298 0.034792712 -0.0025678973)
(0.14590974 0.053038944 -0.0059153147)
(0.16034804 0.069627876 -0.0086532199)
(0.1706582 0.083315726 -0.010584241)
(0.17679826 0.093760618 -0.012003211)
(0.1797609 0.10086258 -0.013362795)
(0.1809766 0.10471451 -0.014912427)
(0.18152027 0.10567492 -0.016426649)
(0.1818242 0.10433004 -0.017457994)
(0.18190895 0.10128389 -0.017769152)
(0.18163939 0.097047481 -0.017355762)
(0.18087763 0.09209917 -0.016071027)
(0.17940843 0.08722142 -0.013589822)
(0.17682521 0.084110419 -0.0092485639)
(0.17358837 0.086547519 -0.0018738405)
(0.15605294 0.10112176 0.011725249)
(0.096873616 -0.0015333334 0.00083941089)
(0.094695205 -0.0022631508 0.0012543162)
(0.09103513 -0.0024866664 0.0014189663)
(0.086539005 -0.0025201045 0.0015014805)
(0.0820169 -0.0024625655 0.0015577514)
(0.077712634 -0.002343102 0.0016035085)
(0.073591124 -0.0021992713 0.0016610128)
(0.06955836 -0.0020708901 0.0017723851)
(0.065490113 -0.0019863835 0.0020093176)
(0.061180176 -0.0020886168 0.0024858104)
(0.056238468 -0.0028133163 0.0033880351)
(0.050242204 -0.0042778429 0.0051170378)
(0.042569564 -0.004820099 0.0082995296)
(0.037682958 0.0013065324 0.012833842)
(0.042996495 0.016403984 0.018013652)
(0.056867417 0.03389671 0.023454835)
(0.072763571 0.048735573 0.028970626)
(0.08747878 0.060454836 0.034356331)
(0.10010505 0.069401839 0.039109556)
(0.1108678 0.075742984 0.042573946)
(0.1203129 0.079487127 0.044704564)
(0.12873002 0.080671251 0.045728729)
(0.1360116 0.079629159 0.045898387)
(0.14182308 0.076831782 0.045502576)
(0.14588209 0.072786203 0.04482781)
(0.14815871 0.067984943 0.044171725)
(0.14898902 0.063107195 0.04386195)
(0.14933349 0.059484388 0.044030951)
(0.15330366 0.060098719 0.044352079)
(0.17264181 0.071129307 0.044420911)
(0.10538296 -0.002334797 0.0010014962)
(0.11907893 -0.0024551692 0.001400044)
(0.13137875 -0.0023639386 0.0014010777)
(0.1413285 -0.0020372313 0.0011771642)
(0.14999377 -0.0015403568 0.00075078092)
(0.15792142 -0.001042858 8.3499749e-05)
(0.16513905 -0.00068229486 -0.00087539972)
(0.17156955 -0.0005267059 -0.002269173)
(0.17718911 -0.0006368097 -0.0043354915)
(0.1819837 -0.0010790272 -0.0073427833)
(0.18589462 -0.0019694683 -0.011620832)
(0.18882894 -0.0034273506 -0.017462242)
(0.19029837 -0.0055462885 -0.024940793)
(0.19006944 -0.0088905915 -0.033593174)
(0.18954776 -0.012891006 -0.04240639)
(0.19001336 -0.016836421 -0.050173644)
(0.19145994 -0.019773308 -0.056262771)
(0.19297069 -0.021230541 -0.060807532)
(0.19366753 -0.021529221 -0.064133159)
(0.19328804 -0.021408227 -0.066447631)
(0.1922045 -0.021416021 -0.067867544)
(0.19107223 -0.021648434 -0.068472591)
(0.19044019 -0.022012795 -0.06830571)
(0.1905932 -0.022405982 -0.067383476)
(0.19161795 -0.022752462 -0.065694387)
(0.19352224 -0.022881358 -0.063157867)
(0.1962151 -0.022345134 -0.059532427)
(0.19941167 -0.019949913 -0.054354185)
(0.20248363 -0.012090773 -0.047003486)
(0.19476126 0.01166576 -0.037020789)
(0.099990215 -0.0037245782 0.001061527)
(0.10068613 -0.0045823183 0.0016142922)
(0.10240893 -0.0047977933 0.0018216691)
(0.10471964 -0.0046206814 0.0018800695)
(0.1074553 -0.0042370047 0.0018335911)
(0.11056404 -0.0038848876 0.0016627667)
(0.11395812 -0.003749448 0.0013285625)
(0.11755709 -0.0039397071 0.0007617682)
(0.12135784 -0.004567692 -0.0001521118)
(0.12531751 -0.0057829868 -0.0015653651)
(0.12943017 -0.0078138952 -0.0036524225)
(0.13376529 -0.010875558 -0.0066215574)
(0.13845361 -0.015177106 -0.010634182)
(0.14350507 -0.021311544 -0.01535927)
(0.14904098 -0.028301272 -0.0198333)
(0.15501588 -0.034339597 -0.022912267)
(0.16085311 -0.03730197 -0.024428903)
(0.16547635 -0.036563178 -0.025333976)
(0.16809192 -0.033244694 -0.026481817)
(0.16872985 -0.029281143 -0.028127083)
(0.16819146 -0.026119486 -0.030031978)
(0.16737962 -0.024004932 -0.03183522)
(0.16673004 -0.022654151 -0.033115899)
(0.16635547 -0.021836397 -0.033458925)
(0.16641735 -0.021647275 -0.032461994)
(0.16739152 -0.022123721 -0.029765961)
(0.17028471 -0.023104361 -0.024950854)
(0.17743858 -0.0238503 -0.017307073)
(0.19504128 -0.022411542 -0.0055158806)
(0.25464662 -0.011981753 0.0084056021)
(0.10014208 -0.0028711374 0.0010819654)
(0.10030481 -0.0041732886 0.0016609294)
(0.10017427 -0.0046167876 0.0019142509)
(0.099867217 -0.0047784418 0.0020461008)
(0.099594569 -0.0048482155 0.0021179747)
(0.099471413 -0.0049101289 0.0021324145)
(0.099510572 -0.0050462533 0.0020880325)
(0.09969024 -0.0053460828 0.0019931388)
(0.10000283 -0.0059243965 0.0018707881)
(0.100448 -0.0069924753 0.0017089653)
(0.10110854 -0.0088469949 0.0013867441)
(0.10217424 -0.011869315 0.00066748696)
(0.10387696 -0.01660239 -0.00048950607)
(0.10630366 -0.023724256 -0.0015626098)
(0.10963473 -0.032203876 -0.0013044331)
(0.11379261 -0.039441682 0.0025050173)
(0.11936414 -0.041574893 0.010192942)
(0.12543668 -0.038370137 0.018662318)
(0.13048699 -0.032308663 0.025705912)
(0.13361577 -0.026583175 0.030114949)
(0.13487237 -0.022426952 0.032545468)
(0.13544788 -0.019319738 0.034695097)
(0.1367833 -0.017682939 0.036646833)
(0.13884611 -0.017361699 0.038713215)
(0.1412126 -0.018313951 0.040761759)
(0.14288432 -0.020373562 0.042439267)
(0.14442252 -0.022975568 0.043988108)
(0.14719893 -0.026175369 0.045600863)
(0.15533489 -0.030097695 0.04888814)
(0.18734414 -0.035068405 0.051772053)
(0.098119373 -0.0015602294 0.0010567972)
(0.096840661 -0.0023191005 0.0016169751)
(0.094554984 -0.0025750649 0.0018560115)
(0.091681717 -0.0026529757 0.0019706134)
(0.088786778 -0.0026552303 0.0020220725)
(0.08605906 -0.0026135153 0.0020168617)
(0.083496727 -0.002567626 0.001960409)
(0.081068961 -0.0025685045 0.0018690715)
(0.078740564 -0.0026849576 0.0017769944)
(0.07643593 -0.0030394 0.0017465678)
(0.074066185 -0.0038540801 0.0018756421)
(0.07148202 -0.0055212493 0.0023219955)
(0.068329357 -0.0085504819 0.0032158282)
(0.064317426 -0.013064456 0.0047609582)
(0.05985827 -0.01741114 0.008759384)
(0.056647791 -0.017174513 0.020070734)
(0.058055836 -0.0092725569 0.042203582)
(0.061723902 0.0029132734 0.064437935)
(0.066012742 0.015518988 0.082206898)
(0.071082826 0.026000697 0.094900279)
(0.077896363 0.033228813 0.10282587)
(0.085928502 0.036346922 0.10635782)
(0.093312725 0.036377774 0.10738751)
(0.099476718 0.034077152 0.10658346)
(0.10407387 0.030474499 0.1042572)
(0.10748559 0.025549189 0.099776958)
(0.11017018 0.019705461 0.093273966)
(0.11271251 0.013520048 0.085559263)
(0.11943845 0.0077452333 0.07781269)
(0.15457302 0.004103286 0.066403523)
(0.10525518 -0.0023533241 0.00034597486)
(0.11874683 -0.0024720017 0.00056302099)
(0.1309522 -0.0023557812 0.00064301962)
(0.14091899 -0.0019824235 0.00062972231)
(0.1496502 -0.0014272289 0.00054926655)
(0.15760997 -0.00086938074 0.00040494638)
(0.16481693 -0.00041585034 0.00016841878)
(0.17125574 -9.7100298e-05 -0.00018006214)
(0.17694026 6.2992145e-05 -0.00065636522)
(0.181851 2.7097959e-05 -0.001284493)
(0.18592817 -0.00026557812 -0.0020899256)
(0.18905905 -0.00091631408 -0.0030735826)
(0.19064444 -0.0020913952 -0.0041599232)
(0.19030548 -0.0046086073 -0.0051832001)
(0.18947637 -0.0079997711 -0.0057337676)
(0.18922698 -0.011678079 -0.0057262286)
(0.18908193 -0.015323099 -0.0058172662)
(0.18820281 -0.018938165 -0.0067465658)
(0.18645458 -0.022446459 -0.0086883049)
(0.18407644 -0.025850129 -0.011304097)
(0.1814617 -0.029222889 -0.014112985)
(0.17908841 -0.032515855 -0.016695863)
(0.17731596 -0.035503431 -0.018716)
(0.17623113 -0.037932262 -0.019969211)
(0.17572951 -0.039669182 -0.020365996)
(0.17577249 -0.040817366 -0.019815119)
(0.176643 -0.041598007 -0.018417085)
(0.17935405 -0.041507501 -0.017387088)
(0.18545249 -0.036558886 -0.01976625)
(0.1908618 -0.016763375 -0.026386596)
(0.099867615 -0.0037350252 0.00035163423)
(0.10033281 -0.0045805031 0.00059998408)
(0.10193188 -0.0047552905 0.00071481518)
(0.10423647 -0.0045108611 0.00073345585)
(0.10700192 -0.0040425159 0.00067092524)
(0.11011618 -0.0035933169 0.00051256202)
(0.11346222 -0.0033024033 0.0002268152)
(0.11694437 -0.0032227671 -0.00022848109)
(0.12050473 -0.0034203549 -0.00090186887)
(0.12411428 -0.0040026774 -0.0018817839)
(0.12777696 -0.0051300882 -0.0032566896)
(0.13155796 -0.0070980987 -0.0051027089)
(0.13565415 -0.010386463 -0.007397398)
(0.140141 -0.016054693 -0.0098556625)
(0.14488132 -0.022817455 -0.011986618)
(0.14924895 -0.028248141 -0.014186368)
(0.15192644 -0.031793708 -0.017638906)
(0.15244169 -0.034293365 -0.02251057)
(0.15137178 -0.035937573 -0.028162048)
(0.14921308 -0.037108853 -0.0338588)
(0.14633941 -0.038370409 -0.038933711)
(0.1431509 -0.039980461 -0.042892866)
(0.1399281 -0.04171395 -0.045379178)
(0.13667191 -0.043241749 -0.046247782)
(0.13322521 -0.04450715 -0.045381493)
(0.12973033 -0.046052338 -0.042342634)
(0.1272982 -0.048690556 -0.037112899)
(0.13044835 -0.051842388 -0.032630585)
(0.14690336 -0.04869678 -0.0390302)
(0.19675529 -0.026575374 -0.061124701)
(0.10002387 -0.0028656323 0.00035721839)
(0.099967593 -0.0041610919 0.00061309015)
(0.099722518 -0.0045843785 0.00074450134)
(0.099422544 -0.0047137806 0.00078620718)
(0.099208853 -0.0047385989 0.0007515526)
(0.099150105 -0.0047352665 0.00062612376)
(0.099236023 -0.0047676516 0.00038027722)
(0.099424238 -0.0049017205 -3.1150721e-05)
(0.099678067 -0.005231546 -0.00066980736)
(0.099994122 -0.0059070295 -0.001627766)
(0.10033471 -0.0071812139 -0.0030095948)
(0.10065565 -0.0095416657 -0.00499173)
(0.10105877 -0.013843337 -0.0077035272)
(0.10174482 -0.02122062 -0.010962393)
(0.10224459 -0.029707473 -0.014020883)
(0.10187689 -0.034275114 -0.016962698)
(0.099210045 -0.034901873 -0.020650021)
(0.095449831 -0.034549946 -0.023319153)
(0.091868303 -0.033621557 -0.026031222)
(0.087909872 -0.033176441 -0.030155614)
(0.082933611 -0.033999129 -0.034506115)
(0.077104493 -0.036016668 -0.037399194)
(0.071151386 -0.038547583 -0.037971507)
(0.065543637 -0.041085755 -0.036088148)
(0.060476764 -0.043751947 -0.031352132)
(0.057571862 -0.047211248 -0.022345338)
(0.057521378 -0.052540877 -0.010581148)
(0.064413894 -0.059889491 -0.0032669446)
(0.077916936 -0.063036517 -0.021470939)
(0.11665902 -0.049702286 -0.069153126)
(0.098003704 -0.0015550514 0.00034833721)
(0.096509706 -0.0023085211 0.00059314833)
(0.094111831 -0.0025560666 0.00071499093)
(0.091245929 -0.0026234179 0.00074841584)
(0.088410201 -0.0026121089 0.00070722314)
(0.085747239 -0.0025511144 0.00057776637)
(0.083232192 -0.002475623 0.00033033195)
(0.080813787 -0.002428341 -8.0412077e-05)
(0.07843934 -0.0024638538 -0.0007193667)
(0.076050722 -0.0026706241 -0.0016843217)
(0.073472263 -0.0032313728 -0.0031167612)
(0.070346366 -0.0045417833 -0.0053405853)
(0.066049771 -0.0075287378 -0.0090032838)
(0.059540853 -0.014049363 -0.01534189)
(0.048547377 -0.021529406 -0.025054081)
(0.035313752 -0.021090747 -0.032227059)
(0.025184052 -0.016358012 -0.026953336)
(0.029202026 -0.012333779 0.0037172085)
(0.031610786 -0.0025821413 0.039299427)
(0.034573188 0.0076161393 0.063464576)
(0.039850509 0.015062886 0.077404706)
(0.046116102 0.018820831 0.08422158)
(0.051667847 0.019456256 0.086674089)
(0.055407464 0.017476632 0.085957709)
(0.056322864 0.013093765 0.082290302)
(0.054361413 0.0058880122 0.075432179)
(0.051070888 -0.0039711994 0.065365454)
(0.050170149 -0.01635318 0.050354291)
(0.040498901 -0.024348186 0.0050508507)
(0.062191175 -0.0038452361 -0.085232817)
(0.10522313 -0.0023540812 0.00017358161)
(0.1186309 -0.0024686806 0.0003076287)
(0.13074578 -0.0023394452 0.00037876756)
(0.14064291 -0.0019384392 0.00038951239)
(0.14933201 -0.0013316778 0.00034681028)
(0.15728832 -0.00068597326 0.00025239535)
(0.16456047 -9.4609533e-05 0.00010727028)
(0.17115039 0.00042131388 -8.3434947e-05)
(0.17711353 0.00087105258 -0.00032655515)
(0.18252623 0.0012594859 -0.0006202965)
(0.18747775 0.0015733703 -0.000937617)
(0.19209522 0.0017599046 -0.001187044)
(0.19608328 0.0016952422 -0.00112199)
(0.19949949 0.00073302791 -0.0003164502)
(0.20393815 0.00032934471 0.0018990805)
(0.2094775 0.0011191204 0.0054651028)
(0.21456079 0.0022674942 0.0096578175)
(0.21832729 0.0029833136 0.014114494)
(0.22089121 0.003008104 0.018775893)
(0.22266264 0.0023056926 0.023698066)
(0.22391387 0.00092447674 0.028950001)
(0.22482722 -0.0009695707 0.034567405)
(0.22545319 -0.0031594541 0.040490262)
(0.2256855 -0.0055024841 0.046424803)
(0.22549945 -0.0077778075 0.051790223)
(0.22503377 -0.0092408933 0.05585237)
(0.22407604 -0.0085967805 0.057866985)
(0.2210922 -0.0047850501 0.056643745)
(0.2096602 0.0054284174 0.046975729)
(0.14137947 0.035199003 0.023760691)
(0.099838149 -0.0037356961 0.00018362175)
(0.1002054 -0.0045755105 0.00034127192)
(0.10167686 -0.0047307233 0.00043553492)
(0.10386022 -0.0044447313 0.00046189377)
(0.10651098 -0.0039003509 0.00042310329)
(0.10950565 -0.0033231799 0.00031363092)
(0.11271795 -0.0028313787 0.00011925613)
(0.11604909 -0.0024584556 -0.00017999621)
(0.1194542 -0.0022207241 -0.00061889427)
(0.12293696 -0.0021769547 -0.0012358018)
(0.12658493 -0.0024802218 -0.0020557264)
(0.13065996 -0.0034688881 -0.0030318451)
(0.13572985 -0.0057495734 -0.0039143482)
(0.14231239 -0.010032415 -0.0040489299)
(0.15035088 -0.01202378 -0.0028053492)
(0.15824193 -0.0099915759 -0.0014327972)
(0.16389404 -0.0070320836 -0.0012242717)
(0.1671061 -0.0054848614 -0.0025227576)
(0.16856037 -0.0058069411 -0.0051032605)
(0.1688505 -0.0074169853 -0.0085429784)
(0.16837589 -0.009756129 -0.012205558)
(0.16741533 -0.012295438 -0.015280702)
(0.16601899 -0.014574981 -0.016959277)
(0.16392132 -0.01654905 -0.016873128)
(0.16107915 -0.018467751 -0.015231653)
(0.15834247 -0.019494318 -0.013446477)
(0.15860264 -0.016282668 -0.014668045)
(0.16409155 -0.0046605116 -0.021620941)
(0.17401937 0.018804419 -0.033637637)
(0.16658917 0.059535645 -0.051521997)
(0.099995624 -0.0028627205 0.00018547229)
(0.099845019 -0.0041551194 0.00034476572)
(0.099471764 -0.0045694579 0.00044435925)
(0.099041874 -0.0046806073 0.00047743412)
(0.098696135 -0.004673767 0.0004432814)
(0.098488577 -0.0046175392 0.00033221366)
(0.098392041 -0.004564395 0.00012397495)
(0.098350766 -0.0045623601 -0.00021007139)
(0.098314457 -0.0046833519 -0.00071787021)
(0.098230911 -0.0050685154 -0.0014703593)
(0.09806703 -0.006026222 -0.0025713361)
(0.097918868 -0.0082348571 -0.0040811462)
(0.098338658 -0.013036891 -0.0058592462)
(0.099771882 -0.021605345 -0.007024953)
(0.1019156 -0.025501979 -0.0058196637)
(0.10481517 -0.021528678 -0.0034299929)
(0.10292315 -0.016407699 -0.0028394874)
(0.096821497 -0.013047694 -0.0053454959)
(0.08879902 -0.012919297 -0.010276614)
(0.081156556 -0.015329036 -0.016136057)
(0.073683941 -0.019145664 -0.021292022)
(0.06573338 -0.023278343 -0.023811172)
(0.057491918 -0.02686633 -0.02249788)
(0.048838 -0.030018268 -0.017350376)
(0.040254895 -0.033569925 -0.0097455379)
(0.033014995 -0.037044982 -0.0063416322)
(0.033807979 -0.035065907 -0.017366962)
(0.048222991 -0.021513186 -0.03738609)
(0.077621995 0.0073273859 -0.05997468)
(0.087132667 0.04898021 -0.085722508)
(0.09797593 -0.0015566287 0.00018064985)
(0.096390014 -0.0023121714 0.00033313984)
(0.093866828 -0.0025594641 0.00042568982)
(0.090872336 -0.0026229322 0.00045143323)
(0.08790399 -0.0026027313 0.00040905958)
(0.085086316 -0.0025251467 0.00028787741)
(0.082370794 -0.002422337 6.5142523e-05)
(0.079678316 -0.0023326192 -0.00029659413)
(0.076910843 -0.0023099556 -0.00086303591)
(0.073889038 -0.00245286 -0.0017519661)
(0.070256653 -0.002995802 -0.0031876355)
(0.06529375 -0.0045644796 -0.0055533314)
(0.057559625 -0.0089118416 -0.0096269403)
(0.044828963 -0.019000637 -0.016948454)
(0.020296977 -0.019330307 -0.028321409)
(-0.0027980399 -0.0043605725 -0.029351521)
(-0.021597023 0.0030775845 -0.021807411)
(-0.03023947 0.0022114847 -0.010268013)
(-0.02299223 -0.0008258673 0.010904695)
(-0.01638062 0.00046071991 0.030603699)
(-0.0081412056 0.0021796562 0.042661355)
(-0.00070653505 0.0026261101 0.04895086)
(0.0039065636 0.0014417781 0.05148992)
(0.004491944 -0.001475764 0.051616857)
(0.00039546138 -0.0071526171 0.049052231)
(-0.014806157 -0.016517168 0.032529965)
(-0.036469101 -0.019664125 -0.0047116731)
(-0.046070697 -0.0033112263 -0.046284734)
(-0.031992125 0.025454044 -0.078335556)
(0.014087862 0.062522587 -0.10977119)
(0.10520335 -0.0023568371 2.6612104e-05)
(0.11856307 -0.002474322 3.9877101e-05)
(0.13062183 -0.0023467479 3.1697025e-05)
(0.1404677 -0.0019455657 2.1607897e-06)
(0.14911223 -0.0013361152 -4.6596128e-05)
(0.15702694 -0.00068582666 -0.0001140663)
(0.16425517 -9.0552211e-05 -0.00020173513)
(0.17079229 0.00042968853 -0.00031313295)
(0.17668307 0.00087617497 -0.00045434335)
(0.18200074 0.0012410885 -0.00063541908)
(0.18685388 0.0014858533 -0.00086429011)
(0.19144937 0.0015135146 -0.0011378603)
(0.19563491 0.001185319 -0.0014265204)
(0.19981696 0.0001356291 -0.0017109084)
(0.20571719 0.00052441953 -0.0018245899)
(0.2125309 0.0017603133 -0.0017570493)
(0.21870514 0.0031155892 -0.0016296751)
(0.2238934 0.0047017578 -0.0014836705)
(0.22875322 0.0067520606 -0.0012525897)
(0.23386608 0.0092510778 -0.00084485965)
(0.23962455 0.012125942 -7.7916957e-05)
(0.2460298 0.015370081 0.0013222207)
(0.25246179 0.019063682 0.0036473258)
(0.25778761 0.023096599 0.0070827391)
(0.26068401 0.027282632 0.011495187)
(0.25971254 0.03164315 0.01622474)
(0.25274346 0.036868945 0.020150756)
(0.236261 0.04395826 0.02181817)
(0.20636984 0.054978322 0.018597751)
(0.10206308 0.07956291 0.0084513497)
(0.099820108 -0.0037384051 3.5670621e-05)
(0.10013384 -0.0045808693 6.3698117e-05)
(0.10153288 -0.0047362016 7.1677355e-05)
(0.10364251 -0.004446704 5.6818836e-05)
(0.10621938 -0.0038944136 1.965159e-05)
(0.10913155 -0.0033055964 -4.1728857e-05)
(0.11224956 -0.0028008595 -0.00013282372)
(0.11546193 -0.0024134388 -0.00026018412)
(0.11870559 -0.0021728766 -0.00043686661)
(0.12198976 -0.0021669037 -0.00068279524)
(0.12545196 -0.0026181928 -0.001017468)
(0.12952292 -0.004003959 -0.0014483629)
(0.13515519 -0.0069983122 -0.0019419851)
(0.1429659 -0.010794684 -0.0023523505)
(0.15272601 -0.0084384219 -0.0022262049)
(0.1609538 -0.0041494487 -0.0021231836)
(0.16740465 -0.0006136906 -0.0024025065)
(0.17355529 0.0020569334 -0.003023199)
(0.17983966 0.0042973903 -0.0038845006)
(0.18654563 0.0065777397 -0.00499565)
(0.19437041 0.0095497674 -0.0062304035)
(0.20374561 0.014123289 -0.007157819)
(0.21426378 0.021070285 -0.007169834)
(0.22475486 0.030407708 -0.0057704755)
(0.23380031 0.041388972 -0.0030522548)
(0.23972381 0.053550933 5.0454585e-05)
(0.23947254 0.067621977 0.0024312784)
(0.22806505 0.084126245 0.0028936375)
(0.20348225 0.10395449 -0.00043915381)
(0.11471983 0.13380831 -0.010540971)
(0.099977555 -0.0028627384 3.6132681e-05)
(0.099773784 -0.0041560306 6.4600255e-05)
(0.099325759 -0.0045697947 7.4094268e-05)
(0.098814261 -0.0046780324 6.1167462e-05)
(0.098379631 -0.0046659891 2.5026738e-05)
(0.098065329 -0.0046022091 -3.7928823e-05)
(0.097837416 -0.00453843 -0.00013530883)
(0.097616756 -0.0045286554 -0.00027644142)
(0.097310058 -0.0046557837 -0.00048249393)
(0.096829398 -0.0051002802 -0.00078757605)
(0.096126341 -0.0062830224 -0.0012413237)
(0.095439327 -0.0091769794 -0.0019142054)
(0.09601496 -0.015656161 -0.0029177105)
(0.097151042 -0.025278871 -0.0045013424)
(0.10401852 -0.020311821 -0.0043922677)
(0.1060164 -0.013897648 -0.0037386458)
(0.10438773 -0.0083720134 -0.0039100446)
(0.099799615 -0.0034496334 -0.0048506793)
(0.094557315 -0.00010532918 -0.0068316199)
(0.089856296 0.00077054653 -0.010204326)
(0.083928754 -0.00056448589 -0.013866616)
(0.077934658 -0.002220385 -0.015965815)
(0.077861798 -0.0013554658 -0.015406841)
(0.087519238 0.0040778798 -0.01235218)
(0.10809682 0.015202302 -0.0084150404)
(0.12998322 0.031362296 -0.0030029584)
(0.14648745 0.050492214 0.00063942386)
(0.15036515 0.072523148 -0.00022866677)
(0.14134939 0.099989396 -0.0057304863)
(0.076645963 0.13832229 -0.016602121)
(0.097957924 -0.0015564794 3.5054084e-05)
(0.096319154 -0.0023119572 6.1772197e-05)
(0.093720881 -0.0025585007 6.9200789e-05)
(0.090642145 -0.0026203631 5.3772706e-05)
(0.087579006 -0.0025979104 1.424598e-05)
(0.084644229 -0.0025174438 -5.3657623e-05)
(0.08177323 -0.0024103604 -0.00015834029)
(0.078849519 -0.0023201499 -0.00031235321)
(0.075699552 -0.0023069917 -0.00054342226)
(0.072021987 -0.0024982202 -0.00090218817)
(0.067210698 -0.003225769 -0.0014799907)
(0.059982889 -0.0054677092 -0.0024664409)
(0.04779562 -0.012081285 -0.0044176138)
(0.025517632 -0.02539591 -0.0098074772)
(-0.025448499 0.0004850033 -0.019219833)
(-0.040702261 0.0063717109 -0.0133402)
(-0.059276872 0.007475121 -0.0077137817)
(-0.068764734 0.0057039759 -0.0015178575)
(-0.071988484 0.0017511598 0.0057043386)
(-0.06845299 -0.0027869587 0.013721723)
(-0.060192482 -0.0069069981 0.019833157)
(-0.051991287 -0.010721453 0.024345731)
(-0.045041233 -0.014287828 0.028133735)
(-0.038856544 -0.016651388 0.031345019)
(-0.032206509 -0.015420028 0.032780729)
(-0.02227609 -0.0048443831 0.026637798)
(-0.0012470498 0.025127343 0.016886558)
(0.0072722974 0.056131623 0.0110062)
(0.013173825 0.086762373 -0.0027589732)
(0.012737688 0.12586634 -0.019360731)
(0.10519962 -0.0023561191 -8.3763792e-05)
(0.11855172 -0.0024740525 -0.00015675879)
(0.13060304 -0.0023468415 -0.00021189848)
(0.14044212 -0.0019458756 -0.00024991131)
(0.1490803 -0.0013365133 -0.0002743338)
(0.15698888 -0.00068591643 -0.00028765762)
(0.16421144 -8.9162451e-05 -0.00029048056)
(0.17074478 0.00043282189 -0.0002816979)
(0.17663548 0.00088675808 -0.00025598592)
(0.18195649 0.0012714576 -0.0002105358)
(0.18681136 0.0015626067 -0.00015825548)
(0.19136305 0.0016830959 -0.00014002838)
(0.19528853 0.001474446 -0.00029295942)
(0.19875243 0.00022428694 -0.00087097851)
(0.20374003 0.0001424421 -0.00220748)
(0.20989825 0.0012250379 -0.0039817265)
(0.2155963 0.0025097564 -0.0057276821)
(0.22003692 0.0036929926 -0.0075031847)
(0.22356006 0.0048904256 -0.0096859643)
(0.22695163 0.0059820746 -0.012610741)
(0.23093628 0.0067628395 -0.016460212)
(0.23594319 0.0073371252 -0.021294701)
(0.24182477 0.008115784 -0.027027458)
(0.2477354 0.0095098508 -0.033346016)
(0.25230966 0.011563029 -0.039663558)
(0.25392956 0.014152272 -0.045019219)
(0.25045792 0.018098792 -0.047895381)
(0.23859895 0.024972109 -0.046170606)
(0.21434662 0.03774832 -0.037299022)
(0.12097594 0.067127622 -0.019401333)
(0.099819751 -0.0037374499 -7.2223515e-05)
(0.10013195 -0.0045803276 -0.00013209197)
(0.10152825 -0.0047359974 -0.00016819384)
(0.10363477 -0.0044464963 -0.00017950627)
(0.10620899 -0.0038936383 -0.00016784695)
(0.1091196 -0.0033029364 -0.00013267899)
(0.1122348 -0.0027933001 -7.002986e-05)
(0.11544712 -0.0023964195 2.5118124e-05)
(0.11869481 -0.0021326152 0.00015936221)
(0.12197531 -0.0020720225 0.00034285913)
(0.12539537 -0.0024003063 0.00056725645)
(0.1292932 -0.0035366075 0.00076560431)
(0.13445436 -0.0062325992 0.00072062981)
(0.1415039 -0.011141436 -3.8377455e-05)
(0.15040552 -0.010921785 -0.0018338234)
(0.15848675 -0.0070412615 -0.0031127245)
(0.16425271 -0.0032400996 -0.0032224254)
(0.16861446 -0.00084331923 -0.0026703106)
(0.17242492 2.1906569e-05 -0.002043465)
(0.17554809 -0.00024648401 -0.0014170989)
(0.17793921 -0.0010755922 -0.00066460948)
(0.18013092 -0.0018053119 0.00014166867)
(0.18303913 -0.0014912797 0.00048108866)
(0.18781199 0.0010248191 -0.00022636041)
(0.19582379 0.0069194797 -0.0022819103)
(0.20568057 0.01688926 -0.0050624199)
(0.21179849 0.030006374 -0.0065209857)
(0.21033441 0.046858976 -0.0037558487)
(0.20014858 0.071173947 0.0060284302)
(0.14626218 0.10953409 0.023650681)
(0.099977272 -0.0028624841 -7.1286789e-05)
(0.099772558 -0.0041557888 -0.0001295205)
(0.099323084 -0.004569555 -0.00016375903)
(0.098810339 -0.0046774623 -0.00017142163)
(0.098375941 -0.0046643275 -0.00015217076)
(0.09806493 -0.0045979265 -0.0001026457)
(0.097842747 -0.0045287655 -1.5120201e-05)
(0.097637225 -0.0045045737 0.00012041455)
(0.097364292 -0.0046004213 0.0003248101)
(0.096936704 -0.0049714597 0.00063009809)
(0.096287578 -0.0059767899 0.0010712491)
(0.095524584 -0.0084417436 0.0016538614)
(0.095502144 -0.014133913 0.0022409083)
(0.096268199 -0.025139464 0.0023157057)
(0.098649624 -0.024112464 -0.00030683311)
(0.10110895 -0.017612046 -0.0025593086)
(0.0983965 -0.011334184 -0.0016446559)
(0.093324382 -0.0060769828 0.00096378851)
(0.08595499 -0.0030473822 0.0045417413)
(0.07615568 -0.0037887188 0.009196374)
(0.064114598 -0.0080193086 0.014534132)
(0.050672493 -0.013784325 0.018927175)
(0.038110231 -0.01854506 0.020645499)
(0.030598644 -0.020881469 0.019843836)
(0.031693167 -0.020068701 0.01895081)
(0.047326279 -0.012219109 0.019932331)
(0.082930987 0.0055465068 0.021694717)
(0.10470881 0.029720085 0.028395287)
(0.11727326 0.062998585 0.041812473)
(0.099813816 0.106605 0.058523338)
(0.097957627 -0.001556457 -6.932184e-05)
(0.096317896 -0.0023119314 -0.00012496842)
(0.093718347 -0.0025584807 -0.00015639839)
(0.090639008 -0.0026202307 -0.00016056767)
(0.087577582 -0.0025973309 -0.00013620901)
(0.084648757 -0.0025157381 -7.8430089e-05)
(0.081792201 -0.002406526 2.3149026e-05)
(0.078904014 -0.0023086321 0.00018591968)
(0.075833554 -0.0022772302 0.00044693077)
(0.072323917 -0.0024203147 0.00087865899)
(0.067879304 -0.003007485 0.0016183244)
(0.061445656 -0.0047910375 0.002951923)
(0.050607632 -0.010099384 0.0055424356)
(0.033123226 -0.023892755 0.010868479)
(-0.014636859 -0.011947553 0.018821668)
(-0.044077657 0.0034644303 0.014354903)
(-0.064154249 0.0060564258 0.013787082)
(-0.077639144 0.0053904673 0.013310936)
(-0.082740875 0.0018939614 0.01117447)
(-0.078862152 -0.0032098339 0.0071878192)
(-0.069312721 -0.0079013734 0.0026632231)
(-0.05986709 -0.011748115 0.0010414214)
(-0.052292061 -0.015494788 0.0026276523)
(-0.046462765 -0.019498023 0.0062997006)
(-0.042440129 -0.022722608 0.011005735)
(-0.040868742 -0.020764683 0.017427479)
(-0.039872909 -0.0045543843 0.03202887)
(-0.021242507 0.024162642 0.048338009)
(0.00052745902 0.06090028 0.069835925)
(0.040470045 0.096896296 0.086972223)
(0.1052114 -0.0023522885 -0.00022580814)
(0.11859486 -0.0024687137 -0.00041544337)
(0.13068475 -0.0023414405 -0.00054628939)
(0.14055653 -0.0019426598 -0.00062152367)
(0.1492177 -0.0013386452 -0.00065000613)
(0.15714239 -0.00069617974 -0.00063583868)
(0.16437861 -0.00010869043 -0.00057968962)
(0.17093095 0.00040585913 -0.00049643106)
(0.17684767 0.00084814502 -0.00038789418)
(0.1821856 0.0012252036 -0.00025950564)
(0.18701958 0.0015359549 -0.00013756042)
(0.19144331 0.0017408355 -0.00011712814)
(0.19506945 0.001732664 -0.00042419862)
(0.19778606 0.00075074429 -0.0013939815)
(0.20129994 -6.8964748e-05 -0.003695591)
(0.20622508 0.00029065684 -0.0073968923)
(0.21107514 0.0012665656 -0.011781822)
(0.21449485 0.0018302054 -0.016186987)
(0.21634785 0.0015068272 -0.020286823)
(0.21722507 0.00030519852 -0.023949934)
(0.21773772 -0.0016127793 -0.027142918)
(0.21825755 -0.0040009035 -0.0299482)
(0.21882877 -0.0065725999 -0.032561348)
(0.21921683 -0.0090945314 -0.035162139)
(0.21914641 -0.011464344 -0.037682304)
(0.21866351 -0.013417698 -0.039682093)
(0.21804195 -0.013604136 -0.040354985)
(0.21667812 -0.0093731397 -0.038634517)
(0.20949502 0.0022205003 -0.032163084)
(0.14831128 0.032026655 -0.012542988)
(0.099836796 -0.0037333482 -0.00021618778)
(0.10019837 -0.0045751062 -0.0004023003)
(0.10165913 -0.0047325912 -0.00052211305)
(0.10382788 -0.0044489469 -0.00057319387)
(0.10646067 -0.0039070353 -0.00056011584)
(0.10943416 -0.0033321045 -0.00047944605)
(0.1126253 -0.0028418095 -0.00031941748)
(0.11592592 -0.0024656183 -6.3109425e-05)
(0.11928393 -0.0022236044 0.00031767013)
(0.12269546 -0.0021660397 0.00085692385)
(0.1262166 -0.0024159122 0.0015787094)
(0.13004895 -0.0032654763 0.0024478669)
(0.13465994 -0.0052924652 0.0032660612)
(0.14053127 -0.0096794057 0.003486232)
(0.14780845 -0.013490211 0.002306988)
(0.1553871 -0.013058588 0.00059127438)
(0.16094865 -0.010344426 -9.1675448e-05)
(0.16351005 -0.0085560028 0.0010570564)
(0.16370863 -0.0088428291 0.003982888)
(0.16246726 -0.010943337 0.0083050341)
(0.16041384 -0.014106094 0.013376104)
(0.15800724 -0.017638364 0.018214029)
(0.15530061 -0.021000288 0.021767097)
(0.15209785 -0.023860442 0.023321972)
(0.14815064 -0.026426034 0.022767437)
(0.14406397 -0.029103941 0.020589514)
(0.14213334 -0.029855948 0.020058552)
(0.14713482 -0.021709425 0.026799094)
(0.16423139 0.0023900973 0.039970604)
(0.17485986 0.045330106 0.055544891)
(0.099994405 -0.002862234 -0.00021695935)
(0.099839588 -0.0041551234 -0.00040304784)
(0.099458695 -0.0045702824 -0.00052531683)
(0.099017955 -0.0046820827 -0.00057829316)
(0.098658505 -0.0046754244 -0.00056265015)
(0.098434929 -0.0046183511 -0.0004706011)
(0.098323821 -0.0045616937 -0.00028443226)
(0.098265164 -0.0045532133 2.2367593e-05)
(0.098203525 -0.0046544526 0.00048956424)
(0.09808521 -0.0049916557 0.0011783478)
(0.097856407 -0.0058306396 0.0021856519)
(0.097541018 -0.0077484367 0.0035824816)
(0.097510209 -0.011935411 0.0053061042)
(0.098382102 -0.02017999 0.0067877572)
(0.099476858 -0.027485316 0.0064508044)
(0.10043763 -0.02618787 0.0045758743)
(0.098488109 -0.020832588 0.0035749737)
(0.091004369 -0.016414232 0.005970743)
(0.081183079 -0.014941 0.0116136)
(0.071825689 -0.017135153 0.018073472)
(0.063535832 -0.021602267 0.023566786)
(0.056118627 -0.026579234 0.026925139)
(0.048794953 -0.031312049 0.027073217)
(0.042375799 -0.035336396 0.023632462)
(0.036889888 -0.039524526 0.016360626)
(0.033602928 -0.045229778 0.005728153)
(0.03345066 -0.050182834 0.0077854249)
(0.04517109 -0.040806675 0.032862192)
(0.07281725 -0.016389528 0.060241063)
(0.1003092 0.025659455 0.088411104)
(0.097974567 -0.0015566383 -0.0002114236)
(0.096384078 -0.002312321 -0.00039012364)
(0.093853036 -0.0025599226 -0.00050495927)
(0.090847846 -0.002623689 -0.0005502458)
(0.087866599 -0.0026035964 -0.00052599917)
(0.085035757 -0.0025255496 -0.00042345114)
(0.082310082 -0.0024203459 -0.00022235713)
(0.079610083 -0.0023263635 0.0001099142)
(0.07684415 -0.0022914706 0.00062909624)
(0.073854617 -0.0024006749 0.0014345712)
(0.07033522 -0.0028475351 0.002722031)
(0.065700478 -0.0041238017 0.0048294934)
(0.058742988 -0.0076072874 0.0084744024)
(0.047859088 -0.016630445 0.015305734)
(0.026704951 -0.023380886 0.025876063)
(-0.0015809856 -0.012781616 0.031026699)
(-0.025268267 0.00029834928 0.027844395)
(-0.035701604 0.0011291177 0.02066651)
(-0.032092527 -0.0014882776 0.0050057815)
(-0.018011696 -0.0024741332 -0.017730598)
(-0.0094193357 -0.0015187624 -0.031537644)
(0.0012692249 -0.00094457963 -0.038457545)
(0.0087596847 -0.0026647078 -0.040074276)
(0.013345519 -0.0059878536 -0.039476475)
(0.013938672 -0.011415883 -0.037706549)
(0.010133318 -0.020077226 -0.033897282)
(-0.0061347935 -0.03159002 -0.0078689154)
(-0.023580705 -0.020248311 0.044478668)
(-0.017174475 0.014793194 0.092012241)
(0.041490403 0.044809357 0.12380322)
(0.10523581 -0.0023511421 -0.00038886283)
(0.11868754 -0.0024736241 -0.00065160163)
(0.130852 -0.0023617431 -0.00078067238)
(0.14077686 -0.0019934734 -0.00082009789)
(0.14946179 -0.001444041 -0.0007969197)
(0.15737329 -0.0008926554 -0.00071683454)
(0.16451562 -0.00045116064 -0.00056123604)
(0.17086321 -0.0001436982 -0.00030258621)
(0.17644137 1.1081107e-05 7.1446096e-05)
(0.18123785 -2.4998292e-05 0.00058226837)
(0.18517309 -0.00031580725 0.0012650283)
(0.18809953 -0.00095069628 0.0021354703)
(0.18937552 -0.0020754285 0.0031608527)
(0.18854984 -0.0045323048 0.004274512)
(0.18703159 -0.0080758979 0.0051855738)
(0.18613174 -0.012218766 0.0056138742)
(0.18569496 -0.016277621 0.0059585908)
(0.18489615 -0.020055379 0.0069834832)
(0.18335711 -0.023584054 0.009079745)
(0.18129613 -0.026876726 0.012084053)
(0.17922194 -0.029930182 0.015513669)
(0.17764929 -0.032694987 0.018843392)
(0.17690367 -0.035031122 0.021642808)
(0.17702703 -0.036797747 0.023644101)
(0.17785492 -0.037945701 0.024765625)
(0.17929964 -0.038561893 0.024985895)
(0.18153754 -0.038789349 0.02426557)
(0.18525292 -0.038134544 0.023083722)
(0.19162003 -0.033108248 0.023911775)
(0.19733463 -0.013431075 0.028001094)
(0.099865673 -0.0037321596 -0.00037782545)
(0.10032227 -0.0045819135 -0.00064874914)
(0.10190462 -0.0047618607 -0.00078367911)
(0.10418632 -0.0045230593 -0.00082184244)
(0.10692404 -0.0040604695 -0.00077969631)
(0.11000594 -0.0036168674 -0.00064429904)
(0.11331141 -0.0033358849 -0.00038660925)
(0.11674252 -0.0032617375 3.2645279e-05)
(0.12023776 -0.0034516285 0.00066719575)
(0.12376073 -0.0040113024 0.0015997249)
(0.12729705 -0.0050939193 0.0029280308)
(0.13087555 -0.0069589924 0.0047512594)
(0.13463642 -0.010041531 0.0071040439)
(0.13861477 -0.015503809 0.0098116669)
(0.14280464 -0.022771741 0.012417144)
(0.14685298 -0.029576778 0.014904835)
(0.14966394 -0.03403782 0.018224392)
(0.15035948 -0.036631354 0.022824461)
(0.14926734 -0.038148385 0.028291029)
(0.147096 -0.039093816 0.034049537)
(0.14449294 -0.039893349 0.039434591)
(0.14192516 -0.040818263 0.043876812)
(0.13964145 -0.041807163 0.046952563)
(0.13764853 -0.042672058 0.048412153)
(0.13578066 -0.043410595 0.0481974)
(0.13425304 -0.04445761 0.046112495)
(0.13381761 -0.046554008 0.042013763)
(0.13812629 -0.04927649 0.03700061)
(0.15479606 -0.047200106 0.038563114)
(0.2080786 -0.029919443 0.054213161)
(0.10002215 -0.0028651311 -0.00038261766)
(0.099959706 -0.0041617759 -0.00065983587)
(0.09970312 -0.0045868309 -0.00080906978)
(0.099386732 -0.0047177419 -0.00086622858)
(0.099152643 -0.0047433682 -0.00084561195)
(0.099070106 -0.0047396769 -0.0007340456)
(0.099128335 -0.0047697713 -0.00050383918)
(0.099283274 -0.004896293 -0.00011403871)
(0.099493443 -0.0052079643 0.00049758009)
(0.099751605 -0.0058455116 0.0014225908)
(0.10001504 -0.0070378605 0.0027685384)
(0.10020649 -0.00921204 0.0047226241)
(0.10033224 -0.013127223 0.0074795314)
(0.10052818 -0.01999995 0.011041953)
(0.10062067 -0.02930454 0.014822176)
(0.099917205 -0.036307944 0.018489396)
(0.097637344 -0.038166323 0.022393461)
(0.094056086 -0.037366019 0.025166331)
(0.090481202 -0.035912432 0.027172518)
(0.086616954 -0.034998945 0.030754876)
(0.082438154 -0.03535844 0.035088923)
(0.07814519 -0.036914625 0.038414367)
(0.074240328 -0.039108373 0.039677297)
(0.071328607 -0.041383832 0.038482338)
(0.069400908 -0.043796209 0.034633053)
(0.069782688 -0.046746052 0.027062549)
(0.071851242 -0.051620112 0.016922444)
(0.079243732 -0.058578735 0.0073306753)
(0.094450562 -0.063396577 0.013211804)
(0.13835804 -0.05732095 0.046750547)
(0.098001721 -0.001555122 -0.00037320218)
(0.096500962 -0.0023089308 -0.00063897442)
(0.09409127 -0.002557124 -0.00077841699)
(0.091209219 -0.0026251684 -0.00082705301)
(0.088354108 -0.0026143843 -0.00079953162)
(0.08566966 -0.0025534427 -0.00068345794)
(0.083131251 -0.0024769873 -0.00045170187)
(0.08068938 -0.0024267692 -6.2942067e-05)
(0.078290627 -0.0024531688 0.00054510831)
(0.075882638 -0.0026368064 0.0014632927)
(0.073318371 -0.0031390466 0.0028177502)
(0.070283921 -0.004288624 0.0048823207)
(0.066239856 -0.0068299755 0.0082075672)
(0.060309436 -0.012447985 0.013913005)
(0.050679558 -0.021081411 0.022920265)
(0.037053896 -0.024838026 0.031819696)
(0.024941951 -0.020368273 0.031501364)
(0.026144696 -0.014601648 0.006898476)
(0.034320855 -0.0058306255 -0.029961931)
(0.038727412 0.0039211207 -0.055843065)
(0.044706613 0.011444878 -0.070807231)
(0.052028054 0.015662865 -0.078134709)
(0.059238135 0.016807216 -0.080706886)
(0.065330973 0.015473168 -0.080313255)
(0.069320307 0.011997597 -0.077661119)
(0.070096874 0.0061893002 -0.0725376)
(0.068044292 -0.002463407 -0.064600609)
(0.069062453 -0.013601537 -0.054020917)
(0.067754233 -0.021734373 -0.021263902)
(0.09841503 -0.013528506 0.042107362)
(0.10535834 -0.0023319662 -0.0010291804)
(0.11900286 -0.0024577355 -0.0014576603)
(0.13124892 -0.0023731177 -0.0014912969)
(0.14114319 -0.0020544643 -0.0013031035)
(0.149745 -0.001567421 -0.00091666026)
(0.15758852 -0.0010797851 -0.00029491106)
(0.16472427 -0.00071923153 0.00061188556)
(0.17107621 -0.00056436971 0.0019433102)
(0.17660011 -0.00067378872 0.003938671)
(0.18127838 -0.0011169948 0.0068700669)
(0.1850558 -0.0020063405 0.01107027)
(0.18783484 -0.0034565832 0.016854458)
(0.18912179 -0.0055471104 0.024334837)
(0.18866782 -0.0088268126 0.033106207)
(0.18786674 -0.012748956 0.042206424)
(0.1880602 -0.016684621 0.050373842)
(0.18938542 -0.019743298 0.056812702)
(0.19103312 -0.021366039 0.061551233)
(0.19209262 -0.021772621 0.06498727)
(0.19222629 -0.021641167 0.067451879)
(0.19175116 -0.021550215 0.069096141)
(0.19131028 -0.021651271 0.069984531)
(0.19145248 -0.021856598 0.070142769)
(0.19244572 -0.022045939 0.06957242)
(0.19432292 -0.022130259 0.068253741)
(0.19701957 -0.021967102 0.066100915)
(0.20040998 -0.021130678 0.062851379)
(0.20415324 -0.018351987 0.057997939)
(0.20733523 -0.010049317 0.050917674)
(0.19758453 0.013771418 0.040779721)
(0.099988132 -0.0037209817 -0.0010783734)
(0.10067336 -0.0045849124 -0.0016458401)
(0.10237393 -0.0048082797 -0.0018666193)
(0.10465319 -0.0046400833 -0.0019384593)
(0.1073494 -0.0042661201 -0.0019067559)
(0.11040979 -0.0039221894 -0.001753702)
(0.1137485 -0.0037818557 -0.0014425262)
(0.11728612 -0.0039660822 -0.00090475706)
(0.12100901 -0.0045852409 -2.8022406e-05)
(0.12487652 -0.0057840945 0.0013472976)
(0.1288782 -0.0077828305 0.0034007533)
(0.13307137 -0.010785524 0.0063591943)
(0.1375799 -0.014967235 0.010429052)
(0.14241878 -0.020896935 0.015362437)
(0.14776915 -0.027708752 0.020271145)
(0.15370596 -0.033812971 0.023861205)
(0.15967311 -0.037210736 0.025599977)
(0.16464915 -0.037013824 0.026373027)
(0.16777338 -0.034067929 0.027264548)
(0.16896806 -0.030126442 0.028747023)
(0.16895817 -0.026688475 0.030648076)
(0.16868792 -0.024207917 0.032576117)
(0.16871384 -0.022481365 0.034115506)
(0.16920699 -0.021252402 0.034853021)
(0.17028156 -0.020536995 0.034386542)
(0.17230585 -0.020455574 0.032282245)
(0.17626633 -0.020942708 0.027979331)
(0.18448021 -0.021145499 0.02054519)
(0.20268651 -0.018954291 0.008317125)
(0.26017655 -0.007976686 -0.0071383744)
(0.10014018 -0.0028706541 -0.0010982644)
(0.1002952 -0.0041746274 -0.0016910314)
(0.10014913 -0.0046208095 -0.0019560713)
(0.09981918 -0.0047848239 -0.0020982575)
(0.099517063 -0.0048560197 -0.0021798209)
(0.099357863 -0.0049175096 -0.0022041826)
(0.099354605 -0.0050495406 -0.0021705488)
(0.09948559 -0.0053423934 -0.0020859438)
(0.099742326 -0.0059098307 -0.0019733268)
(0.10012074 -0.0069499395 -0.0018207727)
(0.10069456 -0.0087520431 -0.0015105262)
(0.1016503 -0.011679741 -0.00079805798)
(0.10323139 -0.01622624 0.00039133437)
(0.10553762 -0.023030741 0.0016410747)
(0.10885429 -0.031251008 0.0018975604)
(0.11324301 -0.038641632 -0.0011130379)
(0.11892172 -0.041913464 -0.008407645)
(0.12533349 -0.039686993 -0.017010058)
(0.1310207 -0.03416809 -0.024320239)
(0.13497733 -0.028389976 -0.029051062)
(0.13735138 -0.024357825 -0.031297546)
(0.13887129 -0.021442487 -0.033004121)
(0.14099193 -0.019779676 -0.034634117)
(0.14400979 -0.019204329 -0.036554144)
(0.1477415 -0.019440375 -0.039041617)
(0.15094208 -0.020463313 -0.041654603)
(0.15389914 -0.022215201 -0.044189976)
(0.15800655 -0.024578093 -0.046915482)
(0.16629857 -0.027604333 -0.051716538)
(0.19302385 -0.030806642 -0.060420749)
(0.098117063 -0.0015603826 -0.0010727451)
(0.096829761 -0.0023197944 -0.001646477)
(0.09452807 -0.0025767259 -0.0018970628)
(0.09163206 -0.0026556927 -0.0020218091)
(0.088708563 -0.0026588538 -0.0020826641)
(0.08594694 -0.0026175431 -0.0020869459)
(0.083345665 -0.0025709551 -0.0020409761)
(0.080874678 -0.002569545 -0.0019613546)
(0.078501131 -0.0026804753 -0.0018833678)
(0.076149355 -0.0030211886 -0.0018709288)
(0.073721622 -0.0038041044 -0.0020328554)
(0.071072972 -0.0054019207 -0.0025487258)
(0.067862025 -0.0082642195 -0.0036042307)
(0.063827371 -0.012364554 -0.0055433198)
(0.05958107 -0.016166282 -0.010142609)
(0.056850497 -0.016091661 -0.020936347)
(0.059076669 -0.008809871 -0.041660769)
(0.064315659 0.0023837223 -0.063250023)
(0.070282941 0.014185966 -0.080832723)
(0.076194568 0.024240535 -0.093328787)
(0.083204714 0.031523487 -0.10140013)
(0.091600805 0.035178761 -0.10523606)
(0.099823592 0.035748829 -0.10637722)
(0.10698469 0.034062518 -0.10590276)
(0.11263551 0.03090414 -0.10423539)
(0.11688709 0.026474423 -0.10102981)
(0.12017099 0.02117589 -0.096075167)
(0.12314384 0.015474854 -0.089894451)
(0.12881287 0.0099929829 -0.084645907)
(0.15383547 0.0062450481 -0.080695982)
(0.10409419 -0.0023326546 -0.00087731643)
(0.11687966 -0.0024503586 -0.0013195805)
(0.12787191 -0.0022823921 -0.0014097377)
(0.1364178 -0.0017881727 -0.0012894996)
(0.14385466 -0.0010258129 -0.00097528067)
(0.15078768 -0.00015668442 -0.00042828173)
(0.1574302 0.00072833428 0.00038462764)
(0.16405313 0.0015558169 0.0015756754)
(0.17082915 0.0024010493 0.0033909337)
(0.1780465 0.0034311533 0.0061268312)
(0.1858906 0.0049447318 0.010162087)
(0.19410473 0.0073226516 0.015905421)
(0.2013805 0.010996293 0.023648127)
(0.20628907 0.015533086 0.033332694)
(0.20874485 0.020728288 0.044350923)
(0.20930523 0.025794979 0.055622968)
(0.20835903 0.030114267 0.065934894)
(0.2061551 0.033424168 0.074414008)
(0.20299668 0.035655519 0.080745034)
(0.19941449 0.036808017 0.085036683)
(0.19612346 0.036972103 0.087599392)
(0.19377732 0.036366184 0.088770502)
(0.19274131 0.035252561 0.088827608)
(0.19303678 0.033870147 0.08796372)
(0.1943885 0.032425863 0.086283937)
(0.19623366 0.031151601 0.083769606)
(0.19755174 0.030447844 0.080190463)
(0.19638408 0.031181088 0.07497455)
(0.18922125 0.035350127 0.067108042)
(0.14821612 0.049015557 0.054424548)
(0.098695111 -0.0037113528 -0.00085227007)
(0.098434178 -0.00454171 -0.0012893435)
(0.098744746 -0.0046343403 -0.0014771334)
(0.099455759 -0.0042200457 -0.0015684882)
(0.1006664 -0.003479396 -0.0015922997)
(0.10241055 -0.0026460767 -0.0015360032)
(0.10466269 -0.0018681573 -0.0013785328)
(0.10750464 -0.0012597657 -0.0010731563)
(0.11142169 -0.00052749866 -0.00050761548)
(0.11686591 0.00067544164 0.00048339306)
(0.12469018 0.0031036083 0.0021876546)
(0.13533524 0.0078165521 0.0049883852)
(0.14858529 0.015765771 0.0093977706)
(0.16284652 0.026151039 0.015643829)
(0.17619861 0.038221782 0.023408998)
(0.18717459 0.050348062 0.031727063)
(0.1948904 0.061400418 0.039520431)
(0.19900815 0.070842819 0.046144349)
(0.19985708 0.078191017 0.051443235)
(0.19841851 0.083046962 0.055490926)
(0.19600975 0.085376031 0.058399763)
(0.19375721 0.085637374 0.060227479)
(0.19227765 0.084473788 0.061016712)
(0.19173201 0.082468899 0.060822527)
(0.19198298 0.080056061 0.059673561)
(0.19267187 0.077618423 0.057461538)
(0.19310985 0.075839411 0.053764847)
(0.19196299 0.076290598 0.047541274)
(0.18780405 0.082291722 0.036578963)
(0.1597577 0.099011022 0.016250687)
(0.098837518 -0.0028427445 -0.00087855145)
(0.098033371 -0.0041223284 -0.0013360854)
(0.096440112 -0.0045266353 -0.001543743)
(0.094405882 -0.0046150817 -0.0016708156)
(0.092392287 -0.0045719712 -0.00176971)
(0.090582106 -0.0044789047 -0.0018524385)
(0.088970838 -0.0044286702 -0.0019345744)
(0.087484888 -0.0045123391 -0.0020498812)
(0.086143055 -0.0045601903 -0.0022634838)
(0.085200071 -0.0044752836 -0.0026211539)
(0.085133944 -0.0040155207 -0.0030605297)
(0.087684154 -0.0018558825 -0.0032314161)
(0.09610331 0.0049893773 -0.0024729892)
(0.11014847 0.018055254 -0.00049873132)
(0.12737898 0.035277507 0.0027273667)
(0.14451192 0.05344484 0.0062168819)
(0.15934557 0.070078385 0.0090955103)
(0.17035487 0.083579329 0.011188353)
(0.17726973 0.093796659 0.012717498)
(0.1809573 0.10076493 0.014087048)
(0.18282247 0.1046333 0.015527511)
(0.18402363 0.10574948 0.016955081)
(0.18507279 0.10465982 0.017984636)
(0.18600091 0.10195314 0.018334758)
(0.18658065 0.098134869 0.017941114)
(0.18652788 0.09365881 0.016695938)
(0.18556376 0.089229778 0.014254809)
(0.18323014 0.086427883 0.0097884573)
(0.17976395 0.088856161 0.0018931838)
(0.1598209 0.10292215 -0.012397266)
(0.096870675 -0.0015334299 -0.00084412899)
(0.094682432 -0.0022637535 -0.0012633817)
(0.091005053 -0.0024882241 -0.0014319411)
(0.086484824 -0.0025227271 -0.0015178381)
(0.081932958 -0.0024660742 -0.0015769162)
(0.077594761 -0.0023469285 -0.0016246863)
(0.073436992 -0.0022026884 -0.0016827171)
(0.069367097 -0.0020754871 -0.0017919935)
(0.065260233 -0.0019921655 -0.0020231859)
(0.060908109 -0.0020900405 -0.0024914969)
(0.055919239 -0.0027917124 -0.0033839068)
(0.049864193 -0.0042136902 -0.0050972898)
(0.042069987 -0.0046183398 -0.0082699265)
(0.03730127 0.0018769029 -0.012774678)
(0.042794006 0.017330688 -0.01785389)
(0.056791853 0.034845903 -0.023111233)
(0.073315863 0.049601755 -0.028433542)
(0.088937352 0.060955193 -0.03364256)
(0.10247503 0.069505047 -0.038408899)
(0.11396822 0.075579222 -0.041965747)
(0.1239927 0.079275429 -0.044150212)
(0.13295621 0.080625402 -0.045243161)
(0.14086293 0.07987473 -0.045515142)
(0.14741448 0.07742705 -0.045273516)
(0.15225361 0.073726992 -0.044800978)
(0.15521695 0.069253321 -0.044373041)
(0.15649993 0.064658798 -0.044288912)
(0.15688224 0.061176096 -0.044850213)
(0.16005605 0.061622866 -0.04595491)
(0.17483891 0.071975744 -0.046861937)
)
;

boundaryField
{
    maxY
    {
        type            fixedValue;
        value           uniform (0 0 0);
    }
    minX
    {
        type            fixedValue;
        value           uniform (0.1 0 0);
    }
    maxX
    {
        type            inletOutlet;
        inletValue      uniform (0 0 0);
        value           nonuniform List<vector> 
40
(
(0.14334066 0.048095476 -0.052982)
(0.15451883 0.097290682 -0.015715974)
(0.15605294 0.10112176 0.011725249)
(0.17264181 0.071129307 0.044420911)
(0.19476126 0.01166576 -0.037020789)
(0.25464662 -0.011981753 0.0084056021)
(0.18734414 -0.035068405 0.051772053)
(0.15457302 0.004103286 0.066403523)
(0.1908618 -0.016763375 -0.026386596)
(0.19675529 -0.026575374 -0.061124701)
(0.11665902 -0.049702286 -0.069153126)
(0.062191175 -0.0038452361 -0.085232817)
(0.14137947 0.035199003 0.023760691)
(0.16658917 0.059535645 -0.051521997)
(0.087132667 0.04898021 -0.085722508)
(0.014087862 0.062522587 -0.10977119)
(0.10206308 0.07956291 0.0084513497)
(0.11471983 0.13380831 -0.010540971)
(0.076645963 0.13832229 -0.016602121)
(0.012737688 0.12586634 -0.019360731)
(0.12097594 0.067127622 -0.019401333)
(0.14626218 0.10953409 0.023650681)
(0.099813816 0.106605 0.058523338)
(0.040470045 0.096896296 0.086972223)
(0.14831128 0.032026655 -0.012542988)
(0.17485986 0.045330106 0.055544891)
(0.1003092 0.025659455 0.088411104)
(0.041490403 0.044809357 0.12380322)
(0.19733463 -0.013431075 0.028001094)
(0.2080786 -0.029919443 0.054213161)
(0.13835804 -0.05732095 0.046750547)
(0.09841503 -0.013528506 0.042107362)
(0.19758453 0.013771418 0.040779721)
(0.26017655 -0.007976686 -0.0071383744)
(0.19302385 -0.030806642 -0.060420749)
(0.15383547 0.0062450481 -0.080695982)
(0.14821612 0.049015557 0.054424548)
(0.1597577 0.099011022 0.016250687)
(0.1598209 0.10292215 -0.012397266)
(0.17483891 0.071975744 -0.046861937)
)
;
    }
    minZ
    {
        type            fixedValue;
        value           uniform (0 0 0);
    }
    maxZ
    {
        type            fixedValue;
        value           uniform (0 0 0);
    }
    topAir_to_rightSolid
    {
        type            fixedValue;
        value           uniform (0 0 0);
    }
    topAir_to_heater
    {
        type            fixedValue;
        value           uniform (0 0 0);
    }
    topAir_to_leftSolid
    {
        type            fixedValue;
        value           uniform (0 0 0);
    }
}


// ************************************************************************* //
