/*--------------------------------*- C++ -*----------------------------------*\
| =========                 |                                                 |
| \\      /  F ield         | OpenFOAM: The Open Source CFD Toolbox           |
|  \\    /   O peration     | Version:  v2012                                 |
|   \\  /    A nd           | Website:  www.openfoam.com                      |
|    \\/     M anipulation  |                                                 |
\*---------------------------------------------------------------------------*/
FoamFile
{
    version     2.0;
    format      ascii;
    class       volVectorField;
    location    "130/topAir";
    object      U;
}
// * * * * * * * * * * * * * * * * * * * * * * * * * * * * * * * * * * * * * //

dimensions      [0 1 -1 0 0 0 0];


internalField   nonuniform List<vector> 
1200
(
(0.10180283 -0.0015848447 0.00085417116)
(0.11022598 -0.0017932604 0.0012811242)
(0.11747266 -0.0018105166 0.0013889155)
(0.12298172 -0.001568324 0.0013242927)
(0.12771871 -0.0011006956 0.00111674)
(0.13212888 -0.0005219069 0.00074198841)
(0.13627054 9.8678871e-05 0.00016366065)
(0.14030945 0.00073920336 -0.00063944374)
(0.14442486 0.001386772 -0.0017859773)
(0.1487561 0.00211539 -0.0034495874)
(0.15346765 0.003081731 -0.0058505316)
(0.15858392 0.0044980486 -0.0092472713)
(0.16367847 0.006641153 -0.013895785)
(0.16808457 0.0095249955 -0.019965604)
(0.17132026 0.013294459 -0.027393609)
(0.17305228 0.017652884 -0.035819884)
(0.17319992 0.022015761 -0.044623487)
(0.17211076 0.025811353 -0.053073389)
(0.17041879 0.028707914 -0.060532301)
(0.1687387 0.030644695 -0.066587356)
(0.16746105 0.031715416 -0.071093141)
(0.16676079 0.032073194 -0.074129544)
(0.16669332 0.031887883 -0.075887173)
(0.1672376 0.031317285 -0.076547617)
(0.16825071 0.030526283 -0.076204078)
(0.16934177 0.029741032 -0.074813345)
(0.16964806 0.029360168 -0.072162139)
(0.16742 0.030254608 -0.067783788)
(0.15971553 0.03440838 -0.060823906)
(0.11929144 0.047847655 -0.049114554)
(0.098797596 -0.0026596286 0.00085012668)
(0.098574968 -0.0034499606 0.0012897447)
(0.098577482 -0.0036942975 0.0014845843)
(0.098702329 -0.0035184183 0.0015943578)
(0.099135748 -0.0030478687 0.0016559603)
(0.099945864 -0.0024516445 0.0016659139)
(0.10109467 -0.0018389385 0.0016165406)
(0.10256516 -0.0012712619 0.0014939715)
(0.10457383 -0.00069394011 0.001256406)
(0.10741055 8.7473429e-05 0.00080233612)
(0.11140946 0.0014331694 -2.8718136e-05)
(0.11714655 0.0039464109 -0.001442115)
(0.12474158 0.0083819218 -0.0037279342)
(0.13389311 0.015017942 -0.0072313495)
(0.1436149 0.023918496 -0.012176295)
(0.15249247 0.0344046 -0.018424938)
(0.15934443 0.045066631 -0.025418983)
(0.16382262 0.054543629 -0.032411842)
(0.16632821 0.062113767 -0.0387674)
(0.1675249 0.067677993 -0.044081983)
(0.16799013 0.071409618 -0.04819874)
(0.16814804 0.073566604 -0.051134631)
(0.16828047 0.074453108 -0.052953872)
(0.16853607 0.074356633 -0.05370958)
(0.16890718 0.073580396 -0.053380415)
(0.16913908 0.072516876 -0.051801881)
(0.16858618 0.071864265 -0.048527714)
(0.16593476 0.073133324 -0.042492965)
(0.15999157 0.079462886 -0.031418236)
(0.12971086 0.095994354 -0.011047024)
(0.098960054 -0.0024312135 0.00087203125)
(0.098490287 -0.0035521727 0.0013292271)
(0.097282075 -0.003928805 0.0015398387)
(0.095557568 -0.004024314 0.0016707805)
(0.093750938 -0.0039883745 0.0017742962)
(0.092044762 -0.0038835238 0.0018628599)
(0.090447319 -0.0037692526 0.0019493749)
(0.088907302 -0.0037180702 0.0020549646)
(0.087391616 -0.0036884824 0.002218764)
(0.085954151 -0.0036043506 0.0024867441)
(0.084788238 -0.0033676111 0.0028859897)
(0.084366426 -0.0026287559 0.0033593885)
(0.086173599 -0.00018901746 0.0036145877)
(0.091911845 0.0058237807 0.0032244332)
(0.10134579 0.016814008 0.0018946767)
(0.11316337 0.032009896 -0.00048768025)
(0.12485734 0.048628592 -0.0033045179)
(0.13497121 0.063821115 -0.0058225949)
(0.14322876 0.076064866 -0.0077675953)
(0.14970354 0.084995064 -0.0092545266)
(0.15451994 0.090856548 -0.010516796)
(0.15793865 0.09408796 -0.011815758)
(0.16026593 0.095141069 -0.013084267)
(0.16172917 0.094486664 -0.014024012)
(0.16238168 0.092576902 -0.014322843)
(0.16203378 0.089872242 -0.013603178)
(0.16026447 0.087043914 -0.011349247)
(0.15628764 0.085511936 -0.0066481219)
(0.15008588 0.088589549 0.0021640869)
(0.12297062 0.10255544 0.018426141)
(0.096946625 -0.0014109097 0.00083930922)
(0.094998093 -0.0020667634 0.001259587)
(0.09166559 -0.0022704521 0.001431904)
(0.08749228 -0.0023112004 0.0015221199)
(0.083240005 -0.0022739405 0.0015853377)
(0.079151306 -0.0021775458 0.0016353713)
(0.075208471 -0.0020455762 0.0016875429)
(0.071351442 -0.0019062697 0.0017674112)
(0.06751143 -0.0017712726 0.001914269)
(0.063581703 -0.0016684392 0.0021895753)
(0.059367708 -0.001716186 0.0026928019)
(0.054548979 -0.0021640025 0.003598868)
(0.048799565 -0.0028614006 0.0052089541)
(0.041974435 -0.0023898056 0.0079206573)
(0.037344828 0.0033426694 0.011776774)
(0.03984795 0.01654324 0.016423827)
(0.04942918 0.032878919 0.021227242)
(0.062226263 0.047342046 0.026067067)
(0.075929699 0.058465744 0.030743195)
(0.089145183 0.066307593 0.03493848)
(0.10095069 0.071322527 0.038366776)
(0.11084862 0.073959355 0.040882265)
(0.11877426 0.074541557 0.042425843)
(0.12486472 0.07345077 0.043150546)
(0.12912733 0.071098009 0.043412404)
(0.13138989 0.067932715 0.043660676)
(0.13143091 0.064547767 0.044387008)
(0.12931561 0.062038629 0.046091392)
(0.12824536 0.063181361 0.049012497)
(0.13298407 0.074309169 0.051872635)
(0.1030641 -0.0015762414 0.0010395364)
(0.11235229 -0.0017838737 0.0015069994)
(0.12086302 -0.0018556324 0.0016000135)
(0.12776877 -0.0017378368 0.0015036124)
(0.13377803 -0.0014764327 0.001258787)
(0.13924757 -0.0011908317 0.00084829391)
(0.14424105 -0.00095911878 0.00024180447)
(0.14872942 -0.00083946847 -0.00059722531)
(0.15267981 -0.00087373479 -0.0018025529)
(0.15607126 -0.0011067429 -0.0035399549)
(0.15888666 -0.0016045989 -0.0060052347)
(0.16108353 -0.0024211272 -0.0094271133)
(0.16243553 -0.0035985023 -0.014011016)
(0.16279884 -0.0053960191 -0.019843678)
(0.1626142 -0.0075899844 -0.026764531)
(0.16241051 -0.0099309792 -0.03432715)
(0.16252381 -0.012058481 -0.041923356)
(0.16309341 -0.013657211 -0.048967478)
(0.16410218 -0.014659879 -0.055025679)
(0.16543453 -0.015191847 -0.059834955)
(0.16690259 -0.015475023 -0.063336734)
(0.1683698 -0.015707248 -0.065640067)
(0.16986328 -0.01594958 -0.066921724)
(0.17153631 -0.016201174 -0.067299129)
(0.17356153 -0.016402461 -0.066763158)
(0.17601029 -0.016381555 -0.065194315)
(0.17875547 -0.015648052 -0.062393319)
(0.18134517 -0.012788006 -0.058113073)
(0.18281064 -0.0040565811 -0.052139601)
(0.16645464 0.02030811 -0.043322778)
(0.10010273 -0.0026602077 0.0010931903)
(0.10084381 -0.0034739046 0.0016822086)
(0.1022622 -0.0038138217 0.0019368717)
(0.10400617 -0.0038239409 0.0020633788)
(0.10600929 -0.0036403915 0.0021185399)
(0.10826678 -0.003436702 0.0021003088)
(0.11071975 -0.0033253582 0.0019970662)
(0.11330532 -0.0033970763 0.0017845264)
(0.11598927 -0.0037294386 0.001414231)
(0.11876135 -0.0044167903 0.00078927286)
(0.12162622 -0.0055856206 -0.0002231621)
(0.12454603 -0.0073319707 -0.0017609312)
(0.12753554 -0.0097334418 -0.0040267143)
(0.1305522 -0.01304001 -0.0072028166)
(0.13362175 -0.016882381 -0.01133601)
(0.13692879 -0.020622538 -0.016219343)
(0.14057384 -0.023337508 -0.021380028)
(0.14446461 -0.024357655 -0.026327119)
(0.14833782 -0.023730826 -0.030663365)
(0.15188502 -0.02192573 -0.034049983)
(0.15481836 -0.019611945 -0.036392621)
(0.1570638 -0.01750245 -0.037839659)
(0.15878048 -0.015876257 -0.038637896)
(0.16020688 -0.014812284 -0.038831137)
(0.16165529 -0.014303733 -0.038170014)
(0.16360231 -0.014224887 -0.036178185)
(0.16704179 -0.014250052 -0.032235392)
(0.17417969 -0.013455198 -0.025454824)
(0.1907586 -0.0096537859 -0.014118796)
(0.24269925 0.0040458748 -0.00020047122)
(0.10027093 -0.0024573892 0.0011099779)
(0.10077055 -0.0035998206 0.001717846)
(0.10100813 -0.0040094933 0.0020049527)
(0.10098042 -0.004167041 0.0021800144)
(0.10088012 -0.0042268264 0.0023112746)
(0.10082261 -0.004255174 0.0024110498)
(0.10081959 -0.0043108668 0.0024890891)
(0.10084447 -0.0044558044 0.0025609973)
(0.10087279 -0.004756941 0.0026532896)
(0.10089204 -0.0053030432 0.0027882858)
(0.10090336 -0.0062234978 0.0029569988)
(0.10093025 -0.0077083747 0.0030771214)
(0.10105893 -0.009956454 0.003019776)
(0.10147975 -0.01317103 0.0027566964)
(0.10253627 -0.017297199 0.0024235766)
(0.10463163 -0.021803714 0.0023324479)
(0.10812418 -0.025439258 0.0031397061)
(0.11314522 -0.027158848 0.0049977436)
(0.11905626 -0.027192156 0.0076821184)
(0.12488464 -0.026105601 0.011165131)
(0.12969075 -0.024598218 0.015113155)
(0.13293957 -0.022723461 0.019372397)
(0.1350288 -0.020359323 0.024020331)
(0.13690701 -0.018169231 0.028563656)
(0.13905849 -0.016429104 0.033143946)
(0.14135934 -0.015442977 0.037736638)
(0.14389604 -0.015369048 0.042565635)
(0.14729043 -0.015832568 0.048431336)
(0.15366286 -0.016461984 0.056605476)
(0.17072833 -0.016717111 0.069216212)
(0.098200713 -0.0014373373 0.001083122)
(0.097163011 -0.0021204179 0.0016714908)
(0.095204638 -0.0023532972 0.0019430825)
(0.092645405 -0.0024322151 0.0020997757)
(0.090005639 -0.0024443072 0.0022098554)
(0.087465879 -0.0024116305 0.0022883598)
(0.085022202 -0.0023607309 0.0023500926)
(0.082641987 -0.0023238801 0.0024190275)
(0.080296179 -0.002335707 0.002529856)
(0.077943186 -0.0024454805 0.0027342132)
(0.075505861 -0.0027414422 0.0031135102)
(0.07284093 -0.0033865538 0.0038069613)
(0.069714885 -0.0046230883 0.0050448572)
(0.065768552 -0.0066439239 0.0071469054)
(0.060739753 -0.0089935215 0.01086753)
(0.055241708 -0.0097289631 0.018074654)
(0.051562586 -0.0061236948 0.030086701)
(0.052223513 0.0021073142 0.045435146)
(0.057468715 0.011967021 0.060799622)
(0.06536035 0.020669105 0.074146697)
(0.073932987 0.027292396 0.085008323)
(0.081744945 0.032058901 0.092938842)
(0.088602186 0.034123061 0.097325868)
(0.094189746 0.034039577 0.099425858)
(0.098570117 0.032398285 0.10018919)
(0.10158935 0.029707984 0.10033232)
(0.10304051 0.026407559 0.100374)
(0.10306321 0.022648698 0.10034215)
(0.10271721 0.01901476 0.10027424)
(0.10512793 0.015884279 0.099618486)
(0.10294099 -0.0015887506 0.00039378787)
(0.11203103 -0.0017933984 0.00066509051)
(0.12046044 -0.0018435649 0.00080784666)
(0.12740245 -0.0016844999 0.0008704869)
(0.13350657 -0.0013654224 0.00088263601)
(0.13909434 -0.0010138905 0.00085581392)
(0.14418415 -0.00071359734 0.00079450794)
(0.14873036 -0.00050144405 0.00068354286)
(0.15272859 -0.00038261437 0.00051043745)
(0.15619616 -0.00037056952 0.00026919108)
(0.15910498 -0.00048743679 -5.088081e-05)
(0.16136433 -0.00075561172 -0.00047905666)
(0.16263723 -0.0011972535 -0.0010627784)
(0.16260227 -0.0021854612 -0.0019502611)
(0.16158091 -0.0036596344 -0.003327911)
(0.16000611 -0.0057575989 -0.0053773628)
(0.1583077 -0.0086082168 -0.0083261679)
(0.15705019 -0.012108155 -0.012326219)
(0.15678376 -0.01581452 -0.017163026)
(0.15763778 -0.019097126 -0.022090248)
(0.15917273 -0.02165297 -0.026399799)
(0.16083367 -0.023616206 -0.029778019)
(0.16238999 -0.025265652 -0.032207101)
(0.16397417 -0.026754614 -0.033750713)
(0.16584052 -0.028046735 -0.034462449)
(0.16816743 -0.028958505 -0.03441149)
(0.17099583 -0.0291362 -0.033782898)
(0.17423773 -0.027488613 -0.032940133)
(0.17787081 -0.020067659 -0.032757651)
(0.16921372 0.004388188 -0.034178429)
(0.099980637 -0.0026640439 0.00039853546)
(0.10050125 -0.0034638253 0.00069478887)
(0.10182109 -0.0037675839 0.00086681054)
(0.10360289 -0.003717747 0.00096036327)
(0.10570649 -0.0034537741 0.0010009967)
(0.10808058 -0.0031555475 0.0009882759)
(0.11064177 -0.0029349385 0.00091122435)
(0.11330302 -0.0028437337 0.0007504134)
(0.11600495 -0.0029003243 0.00047757159)
(0.11871101 -0.0031412114 5.1972415e-05)
(0.12138242 -0.0036250731 -0.00058472396)
(0.12397354 -0.0044258142 -0.0015345375)
(0.12645427 -0.0056319109 -0.0029358311)
(0.12867376 -0.0076963714 -0.0049845935)
(0.13049447 -0.010587241 -0.0079407946)
(0.13197165 -0.014442215 -0.01209982)
(0.13329717 -0.019232903 -0.01763536)
(0.13479389 -0.024441283 -0.024272046)
(0.13673736 -0.029151988 -0.0310385)
(0.13895433 -0.032385415 -0.036579806)
(0.1406791 -0.033959827 -0.040448008)
(0.14127442 -0.034543649 -0.042969406)
(0.14074807 -0.034970852 -0.044602487)
(0.13960321 -0.035654908 -0.045533165)
(0.13843245 -0.036514097 -0.045669801)
(0.13784079 -0.03723827 -0.044823724)
(0.13862898 -0.037550154 -0.043141272)
(0.14290784 -0.037025806 -0.041358163)
(0.15742568 -0.032192688 -0.04192425)
(0.20971277 -0.014701203 -0.049085616)
(0.1001524 -0.0024507699 0.00040425099)
(0.10044193 -0.003585747 0.00070731699)
(0.10059169 -0.0039763951 0.00089386318)
(0.10061736 -0.0041045078 0.0010094021)
(0.10064704 -0.0041248464 0.0010795603)
(0.10076165 -0.0040995183 0.0011064503)
(0.10096642 -0.0040773667 0.0010848982)
(0.10123183 -0.0040985792 0.0010068535)
(0.10152666 -0.0041995675 0.00085841746)
(0.10182376 -0.0044295782 0.00061241922)
(0.10209146 -0.0048647329 0.00021670924)
(0.10228353 -0.0056123756 -0.00042355948)
(0.10234891 -0.006827969 -0.0014663389)
(0.10219328 -0.0087784871 -0.0031352022)
(0.10165056 -0.011716662 -0.0057735499)
(0.10068411 -0.015908325 -0.0098806932)
(0.099569701 -0.021327168 -0.015570951)
(0.098897849 -0.027190792 -0.021832607)
(0.099276137 -0.032242369 -0.02678625)
(0.1005548 -0.035176594 -0.028879616)
(0.10133682 -0.035959978 -0.029029276)
(0.10015345 -0.035648762 -0.028791008)
(0.097008407 -0.035403179 -0.028856355)
(0.09308601 -0.035816597 -0.028856138)
(0.089646751 -0.036918746 -0.027811427)
(0.088157759 -0.038368852 -0.024225329)
(0.089186872 -0.040337665 -0.017711686)
(0.093618794 -0.043679223 -0.0096284049)
(0.10384524 -0.048697434 -0.0019188431)
(0.14873781 -0.052060768 -0.0042208678)
(0.09808491 -0.0014314157 0.0003945478)
(0.096840301 -0.0021080792 0.00068575815)
(0.094796237 -0.002331899 0.00086168656)
(0.092292022 -0.0024002066 0.00096783653)
(0.089785907 -0.0023995146 0.0010310096)
(0.087424956 -0.0023497503 0.0010558261)
(0.085201238 -0.0022744264 0.0010407971)
(0.08308463 -0.0021999186 0.00098422793)
(0.081051033 -0.002149786 0.00088308915)
(0.079074256 -0.00214979 0.0007315759)
(0.077115351 -0.0022378269 0.00052024858)
(0.075111964 -0.0024769008 0.00024049778)
(0.072970953 -0.0029755042 -0.00011279314)
(0.070529605 -0.0039324168 -0.00055002391)
(0.06750014 -0.0056503542 -0.0010472151)
(0.06358122 -0.008418573 -0.0012113731)
(0.058797182 -0.01196146 0.00037523715)
(0.05411691 -0.014531762 0.0063027948)
(0.051856074 -0.013530331 0.018336743)
(0.053559104 -0.0082852451 0.035155765)
(0.057517209 -0.00073000025 0.053035735)
(0.061134125 0.0067574341 0.06693206)
(0.064220554 0.012186926 0.075612941)
(0.067289132 0.014942301 0.080243425)
(0.07041765 0.015141652 0.08222851)
(0.073086169 0.013145287 0.082618593)
(0.074553974 0.0091720339 0.081888833)
(0.074493273 0.00326828 0.079496428)
(0.075510137 -0.0052644896 0.075748566)
(0.094326985 -0.014774673 0.053581822)
(0.10291516 -0.0015884702 0.00021842856)
(0.1119334 -0.0017886406 0.00040298071)
(0.12028634 -0.0018279281 0.00053184574)
(0.12717618 -0.0016476608 0.00061122586)
(0.1332556 -0.0012912937 0.00065364884)
(0.13884415 -0.00087957677 0.00066721655)
(0.14396737 -0.00048554373 0.00065627861)
(0.14861534 -0.00012941909 0.00062518868)
(0.15281479 0.00019288419 0.00059173984)
(0.15660229 0.00049327567 0.00056928322)
(0.15999575 0.00079133244 0.00057237527)
(0.16297299 0.0011218357 0.00063459438)
(0.16520875 0.0015444818 0.00081885425)
(0.16641314 0.0016811454 0.0010630007)
(0.16698756 0.0017860804 0.0013207285)
(0.16738561 0.0018331287 0.0016468009)
(0.16775528 0.0016737568 0.0020591069)
(0.16823425 0.0010804625 0.0025178347)
(0.16919585 -0.00017519768 0.0029610624)
(0.17094875 -0.0017097065 0.0036186571)
(0.17314837 -0.003302036 0.0045748488)
(0.17531373 -0.004954174 0.0057052512)
(0.1773027 -0.006720544 0.0069788815)
(0.17921199 -0.0085662373 0.0085393491)
(0.18106266 -0.010300684 0.01060054)
(0.18255798 -0.011651027 0.013158653)
(0.18307233 -0.012094893 0.015532969)
(0.18153901 -0.0097671715 0.016020649)
(0.17648209 0.00024131979 0.012137296)
(0.1248782 0.029521321 -0.0033347598)
(0.09995475 -0.0026636067 0.00022235548)
(0.10039061 -0.003457318 0.00042089369)
(0.10160563 -0.0037445283 0.00056346675)
(0.10329866 -0.0036618244 0.00065124638)
(0.10533095 -0.0033406586 0.0006940003)
(0.1076401 -0.0029502988 0.00069520275)
(0.11013749 -0.0025859841 0.00065179724)
(0.11273859 -0.0022738803 0.00055698398)
(0.11538777 -0.0020118009 0.00040160531)
(0.11804923 -0.0017934078 0.00017041501)
(0.1206971 -0.0016135683 -0.00016097172)
(0.12331055 -0.0014616401 -0.00062482073)
(0.12589413 -0.0013002871 -0.0012634904)
(0.12829189 -0.0016017448 -0.0021409059)
(0.13040613 -0.0021830118 -0.0033785847)
(0.13226316 -0.0032166092 -0.0051471653)
(0.13391424 -0.0051011172 -0.0076642377)
(0.13550291 -0.008401268 -0.011103986)
(0.1372635 -0.013399637 -0.015171034)
(0.13932253 -0.017746221 -0.018738003)
(0.14079428 -0.020725447 -0.021557662)
(0.14113807 -0.022504901 -0.023874731)
(0.14049892 -0.02362872 -0.025774742)
(0.13925053 -0.024505454 -0.027029319)
(0.13757581 -0.025159864 -0.027251465)
(0.13543848 -0.02535632 -0.026270425)
(0.13315908 -0.02460206 -0.024852004)
(0.13223058 -0.020985326 -0.0256041)
(0.14104148 -0.0025772926 -0.036370484)
(0.15047068 0.044013567 -0.051869432)
(0.10012762 -0.0024476501 0.00022430265)
(0.10033597 -0.0035792495 0.00042441582)
(0.10038333 -0.003961545 0.00057194144)
(0.10031946 -0.0040734893 0.00066751101)
(0.10027512 -0.0040672844 0.00071981747)
(0.1003221 -0.0039995637 0.0007317872)
(0.10046106 -0.0039098902 0.00070032486)
(0.1006622 -0.0038243354 0.00061870163)
(0.10089446 -0.0037598712 0.0004765661)
(0.10112874 -0.0037346389 0.00025737496)
(0.10133275 -0.0037750295 -6.6003635e-05)
(0.10146786 -0.0039244518 -0.00053769494)
(0.10149666 -0.0042324974 -0.0012323525)
(0.10132816 -0.0048779395 -0.0022347718)
(0.10078618 -0.0060102224 -0.0036869735)
(0.099677165 -0.0079328778 -0.0058063287)
(0.097840052 -0.011214974 -0.008932579)
(0.09536381 -0.01676478 -0.013358651)
(0.092459128 -0.025236181 -0.018331097)
(0.089409739 -0.030531726 -0.020981041)
(0.085903593 -0.032700763 -0.020615445)
(0.080697507 -0.032619491 -0.019178368)
(0.074202682 -0.031987367 -0.018327577)
(0.067073346 -0.032014552 -0.017772375)
(0.059899791 -0.032867447 -0.01636038)
(0.053195625 -0.034374779 -0.012871091)
(0.046302931 -0.037180708 -0.0056628908)
(0.043622082 -0.041698852 -0.00084188128)
(0.044548763 -0.032378314 -0.016554516)
(0.07754548 0.013315299 -0.038399895)
(0.09806047 -0.0014328164 0.00021872545)
(0.096736701 -0.0021113184 0.00041132953)
(0.094592953 -0.0023347991 0.00055128099)
(0.092001409 -0.0023995977 0.00063945797)
(0.089423818 -0.0023914157 0.00068482217)
(0.086998269 -0.0023281151 0.00069131728)
(0.084711071 -0.0022299989 0.00065728496)
(0.082529329 -0.0021187467 0.00057785945)
(0.080425506 -0.0020109198 0.000445157)
(0.078367165 -0.0019204908 0.00024694347)
(0.076312924 -0.0018644462 -3.4825246e-05)
(0.074210177 -0.0018666659 -0.00042625234)
(0.071977273 -0.0019661215 -0.00096313727)
(0.069473278 -0.0022601544 -0.0016952557)
(0.066462268 -0.0029023878 -0.0026820633)
(0.062594639 -0.0041763168 -0.0040139347)
(0.05745676 -0.0066664001 -0.0059352246)
(0.050644286 -0.011579747 -0.0090260965)
(0.042260273 -0.020449425 -0.013747362)
(0.029770936 -0.022113081 -0.014008825)
(0.02978455 -0.020188217 0.0026070216)
(0.027537329 -0.013400289 0.023917428)
(0.027044418 -0.0069407432 0.038150262)
(0.028781891 -0.0035717689 0.044755248)
(0.031024187 -0.0032966891 0.046813608)
(0.031810106 -0.0055488453 0.046784604)
(0.028328992 -0.010514581 0.04592985)
(0.020801846 -0.019790915 0.041974501)
(-0.018132365 -0.029358025 0.01508248)
(0.0003615499 0.014313081 -0.05226828)
(0.10290117 -0.0015904051 6.2613369e-05)
(0.1118839 -0.0017916092 0.00011488669)
(0.12019665 -0.0018307678 0.00014955315)
(0.12705624 -0.0016483437 0.00016816737)
(0.13311948 -0.0012866935 0.0001753482)
(0.13870424 -0.00086619192 0.00017498654)
(0.14383469 -0.00045998481 0.00016968379)
(0.14850162 -8.8618046e-05 0.00016150409)
(0.15273103 0.00025130727 0.00015261791)
(0.1565612 0.00057252434 0.00014372861)
(0.1600269 0.00089404123 0.00013709538)
(0.16314428 0.0012437174 0.00014484891)
(0.16542181 0.0017352442 0.00019589902)
(0.16652781 0.0018842775 0.00022671121)
(0.16699554 0.0020596063 0.00019013942)
(0.16744368 0.0022993472 9.4505349e-05)
(0.16830109 0.0024787447 -2.9531392e-05)
(0.17002758 0.0024452778 -8.8241011e-05)
(0.17323047 0.002291638 0.00010481502)
(0.17811306 0.0031782201 0.00084188833)
(0.18361282 0.0047548611 0.0021555081)
(0.18900031 0.0062855986 0.0038076965)
(0.19446492 0.0075689543 0.0056353767)
(0.20048127 0.0088518123 0.0076714511)
(0.20683987 0.01068805 0.01005259)
(0.21202181 0.013750947 0.012780409)
(0.21282892 0.018487095 0.015434971)
(0.20389221 0.027059543 0.016623343)
(0.17874585 0.043830755 0.013402627)
(0.064817985 0.081228312 0.0013438696)
(0.099939486 -0.0026651078 6.2754509e-05)
(0.10033144 -0.003458819 0.0001175277)
(0.1014907 -0.0037434431 0.00015373727)
(0.1031345 -0.0036541837 0.00017121686)
(0.10512803 -0.0033208907 0.00017356981)
(0.10740414 -0.0029118195 0.00016311089)
(0.10986946 -0.0025212773 0.00013983023)
(0.11243676 -0.0021740278 0.00010211101)
(0.11504795 -0.0018662407 4.6980788e-05)
(0.11766668 -0.0015881665 -3.0387386e-05)
(0.12026738 -0.0013320307 -0.0001355098)
(0.12284049 -0.0010836596 -0.00027608978)
(0.1255564 -0.00062113906 -0.00045790419)
(0.1281251 -0.00055629857 -0.00068355155)
(0.13042494 -0.00056410629 -0.00099581211)
(0.13252758 -0.00075084776 -0.001455151)
(0.1345093 -0.0016598679 -0.0021391721)
(0.13689312 -0.0039805791 -0.0031081164)
(0.14028742 -0.0074838366 -0.0042676653)
(0.14517231 -0.0072047294 -0.0050223201)
(0.14894605 -0.0057383407 -0.0056816586)
(0.15089999 -0.0050817048 -0.0068192422)
(0.15199257 -0.005137861 -0.0084458489)
(0.15316067 -0.0051271862 -0.010126305)
(0.1554607 -0.0036209571 -0.011153634)
(0.16026315 0.0017858215 -0.01079352)
(0.16904307 0.01487374 -0.0091807969)
(0.17165053 0.036498779 -0.0077936852)
(0.16329086 0.073078055 -0.010149832)
(0.07728454 0.14590462 -0.021356897)
(0.10011257 -0.0024468863 6.2997162e-05)
(0.10027793 -0.0035779004 0.00011780445)
(0.10026942 -0.0039577088 0.00015484175)
(0.10015395 -0.0040642159 0.00017361907)
(0.10006616 -0.0040490465 0.00017719138)
(0.10007314 -0.0039678233 0.00016725695)
(0.10017056 -0.0038583696 0.00014315566)
(0.10032507 -0.0037441496 0.00010249989)
(0.10050153 -0.0036384335 4.1221969e-05)
(0.10066481 -0.0035539167 -4.7217783e-05)
(0.10076853 -0.0035103611 -0.00017317263)
(0.10074312 -0.0035332737 -0.00035726946)
(0.10056224 -0.0035171432 -0.00063911224)
(0.10016676 -0.0036597783 -0.0010524563)
(0.099378898 -0.0040622988 -0.0016506813)
(0.098027021 -0.0050116974 -0.0025200883)
(0.096038094 -0.0073201604 -0.0037810836)
(0.093867414 -0.012469728 -0.0055779659)
(0.090580879 -0.021863741 -0.0080495911)
(0.089440139 -0.020039787 -0.0089730447)
(0.084066207 -0.016603392 -0.0091334665)
(0.073647593 -0.01524344 -0.010564264)
(0.061957256 -0.016315135 -0.012775584)
(0.050219549 -0.018791288 -0.014394281)
(0.040383093 -0.020719883 -0.01438573)
(0.036537916 -0.01967934 -0.012336205)
(0.036294624 -0.011088708 -0.0080569815)
(0.072126125 0.017394856 -0.0066917413)
(0.11238239 0.066739382 -0.012133815)
(0.11949437 0.14561202 -0.027212232)
(0.098045621 -0.0014323575 6.14294e-05)
(0.096679629 -0.0021102756 0.0001140717)
(0.0944808 -0.0023321931 0.0001488622)
(0.091837603 -0.002394197 0.00016530824)
(0.08921585 -0.0023819671 0.00016640153)
(0.086748663 -0.0023129235 0.00015392795)
(0.084416205 -0.0022066137 0.00012729708)
(0.082180248 -0.0020837201 8.4057215e-05)
(0.080007224 -0.0019593445 1.9950074e-05)
(0.077858457 -0.0018446301 -7.161431e-05)
(0.075677714 -0.0017493752 -0.00019932358)
(0.073381285 -0.0016829731 -0.00038010135)
(0.070859075 -0.0016452971 -0.00064489432)
(0.06795173 -0.0017125161 -0.0010321766)
(0.064379403 -0.0019961305 -0.0015912899)
(0.059652441 -0.0027323608 -0.0024044082)
(0.052838503 -0.0046077621 -0.0036584567)
(0.04181188 -0.009731912 -0.0059827499)
(0.024397261 -0.022187518 -0.011561589)
(-0.021545447 -0.006949882 -0.015173858)
(-0.032670046 -0.0038779872 -0.0040441225)
(-0.035973005 -0.0063808036 0.0066788802)
(-0.034548003 -0.008084777 0.013432538)
(-0.031172881 -0.010042076 0.01567507)
(-0.028359071 -0.012516891 0.015171404)
(-0.027512501 -0.014750201 0.013428362)
(-0.027941252 -0.013241453 0.010759581)
(-0.023638957 0.0029084501 0.0054153013)
(0.018849018 0.052626969 -0.0059393054)
(0.080096751 0.11046604 -0.00041371432)
(0.1029012 -0.0015903939 -6.5144717e-05)
(0.11188397 -0.0017915411 -0.00011916001)
(0.12019668 -0.0018306141 -0.00015559289)
(0.12705615 -0.0016480842 -0.00017628664)
(0.13311921 -0.0012862583 -0.00018603747)
(0.13870374 -0.00086554702 -0.00018886112)
(0.14383398 -0.00045906579 -0.00018749195)
(0.14850087 -8.7289721e-05 -0.00018408317)
(0.1527306 0.00025327229 -0.00018082762)
(0.15656169 0.00057534945 -0.00017865155)
(0.16002945 0.00089777805 -0.00018010087)
(0.16315016 0.0012483164 -0.00019728115)
(0.1654341 0.0017409289 -0.00025726294)
(0.16655187 0.0018919189 -0.00029794203)
(0.16703914 0.0020699993 -0.00027352585)
(0.16751193 0.0023168407 -0.00019445632)
(0.16835907 0.0025368072 -9.5620128e-05)
(0.17004802 0.00257972 -0.0001076774)
(0.17314598 0.0024474837 -0.00045326126)
(0.17787317 0.0032207885 -0.0014414526)
(0.18325747 0.0047259164 -0.003015351)
(0.18852855 0.0062193579 -0.0048972323)
(0.19376416 0.0074249029 -0.0069478429)
(0.19941105 0.0085173147 -0.0092659661)
(0.20533031 0.0099357575 -0.012034902)
(0.21019234 0.012355165 -0.01527576)
(0.2110309 0.016469442 -0.018465931)
(0.20261537 0.024153243 -0.02006358)
(0.17869192 0.039651477 -0.016938806)
(0.06937339 0.074831858 -0.0040491165)
(0.099939444 -0.0026650958 -6.5616927e-05)
(0.10033128 -0.0034587411 -0.00012272761)
(0.10149039 -0.0037432667 -0.00016156978)
(0.10313397 -0.0036538863 -0.00018223827)
(0.10512723 -0.0033203945 -0.00018844386)
(0.10740297 -0.0029110843 -0.0001825373)
(0.10986786 -0.0025202215 -0.00016459465)
(0.11243468 -0.002172482 -0.00013314078)
(0.11504547 -0.0018639477 -8.5386449e-05)
(0.11766422 -0.0015849625 -1.672884e-05)
(0.12026537 -0.0013282758 7.8370226e-05)
(0.12284133 -0.0010783682 0.00020722065)
(0.12556314 -0.00061257024 0.00037522392)
(0.12814143 -0.00054158891 0.00058375725)
(0.13045496 -0.00053823348 0.00087314476)
(0.13257425 -0.00069555915 0.0012971673)
(0.13458677 -0.0014852052 0.0019141548)
(0.13687849 -0.0036492543 0.0027429264)
(0.14005291 -0.0072399772 0.0035913017)
(0.1445019 -0.007563586 0.0039529923)
(0.14805347 -0.0062860769 0.0044173999)
(0.1496483 -0.0056236108 0.0056278748)
(0.1501187 -0.0057018264 0.0075037596)
(0.15031471 -0.0058934759 0.009511657)
(0.15119598 -0.0050747222 0.010788072)
(0.15378153 -0.001338606 0.010535515)
(0.16004619 0.0091144312 0.0089852943)
(0.16318641 0.028730959 0.0074505797)
(0.15628305 0.061555559 0.00930054)
(0.08797093 0.1153341 0.019578438)
(0.10011253 -0.0024468852 -6.5875515e-05)
(0.10027777 -0.0035778865 -0.0001230236)
(0.10026908 -0.0039576783 -0.00016274663)
(0.10015334 -0.0040641672 -0.00018485171)
(0.1000652 -0.0040489711 -0.00019254701)
(0.10007172 -0.0039677087 -0.0001876133)
(0.10016857 -0.0038581848 -0.00016950799)
(0.10032242 -0.0037438326 -0.00013602081)
(0.10049812 -0.0036379017 -8.3343399e-05)
(0.1006603 -0.0035531865 -5.303205e-06)
(0.1007628 -0.0035100347 0.00010800661)
(0.10073698 -0.0035318798 0.00027622651)
(0.10055705 -0.0035123281 0.00053790075)
(0.10016476 -0.0036480412 0.00092538851)
(0.099382033 -0.0040355855 0.0014886112)
(0.098030903 -0.0049444698 0.0023047755)
(0.096016553 -0.0071174798 0.0034688753)
(0.093657477 -0.01204481 0.0050519732)
(0.090246529 -0.021388798 0.0069585537)
(0.087216298 -0.020974533 0.0074382176)
(0.081779919 -0.017712689 0.0077869857)
(0.071007108 -0.016214193 0.010167058)
(0.058861347 -0.017127552 0.013554967)
(0.04707843 -0.01955221 0.01621991)
(0.037348235 -0.021847227 0.016803929)
(0.032350382 -0.02216739 0.014456209)
(0.029065746 -0.016618066 0.0088810576)
(0.051348978 0.0078295165 0.0071620664)
(0.07674939 0.060089406 0.010716246)
(0.021483442 0.14963865 0.010385043)
(0.098045584 -0.0014323594 -6.4253108e-05)
(0.09667948 -0.0021102772 -0.00011915519)
(0.094480463 -0.0023321945 -0.00015653963)
(0.091836994 -0.0023941986 -0.0001762262)
(0.089214868 -0.0023819658 -0.00018137007)
(0.08674719 -0.0023129122 -0.00017386191)
(0.084414127 -0.0022065783 -0.00015325915)
(0.082177472 -0.0020836329 -0.00011732962)
(0.080003626 -0.0019591507 -6.2127709e-05)
(0.0778533 -0.0018443016 1.8474916e-05)
(0.075671477 -0.0017491465 0.00013258544)
(0.0733763 -0.0016823249 0.00029588284)
(0.070858008 -0.0016432185 0.00053933314)
(0.067960656 -0.0017070058 0.000899772)
(0.064411792 -0.0019812158 0.0014242225)
(0.059737516 -0.0026871846 0.0021910759)
(0.053044403 -0.0044541303 0.0033789933)
(0.042283523 -0.0092418126 0.0055816398)
(0.025795913 -0.02120789 0.010825798)
(-0.018637825 -0.010918266 0.016692766)
(-0.0334339 -0.0049718258 0.0085006658)
(-0.037070145 -0.0068774071 0.00057073655)
(-0.033746055 -0.0088391591 -0.0057517123)
(-0.028656601 -0.01086958 -0.0089319421)
(-0.024225435 -0.01358182 -0.0095056463)
(-0.02241768 -0.016768864 -0.0079088263)
(-0.023958144 -0.017658314 -0.0039550334)
(-0.021353687 -0.0052268493 0.0032333081)
(0.020664548 0.042743927 0.016399263)
(0.11992516 0.1366964 0.016252548)
(0.1029152 -0.0015884764 -0.00022077054)
(0.11193338 -0.0017885789 -0.00040706107)
(0.12028601 -0.0018277503 -0.00053783824)
(0.12717528 -0.0016472836 -0.00061958828)
(0.13325387 -0.0012906097 -0.00066503222)
(0.13884126 -0.00087851542 -0.00068244779)
(0.14396302 -0.00048402644 -0.00067638631)
(0.14860934 -0.00012733886 -0.00065136121)
(0.15280664 0.00019572075 -0.00062466141)
(0.15659097 0.00049729339 -0.00061055716)
(0.15997995 0.00079699253 -0.0006243872)
(0.16295339 0.0011292165 -0.00070106163)
(0.16518142 0.0015524224 -0.00090684597)
(0.1663718 0.0016903518 -0.0011822755)
(0.16691969 0.001797521 -0.0014831093)
(0.16727859 0.0018486921 -0.0018663624)
(0.16759231 0.0016943095 -0.0023511445)
(0.16798177 0.001100924 -0.0028711295)
(0.1687973 -0.00019393443 -0.0033302222)
(0.17038944 -0.0018677567 -0.0038981645)
(0.17251402 -0.0035650068 -0.0046938322)
(0.17465307 -0.0052679585 -0.0056141781)
(0.17658979 -0.0070656614 -0.0066047415)
(0.17841571 -0.0089334793 -0.0077558734)
(0.18017516 -0.010701607 -0.009242741)
(0.18159805 -0.012083987 -0.011047616)
(0.18204699 -0.012552065 -0.012602532)
(0.18045181 -0.010404148 -0.012372194)
(0.17572783 -0.00091836504 -0.0078741579)
(0.12763102 0.027805829 0.0070733038)
(0.099954611 -0.0026636262 -0.00022486049)
(0.10039009 -0.0034572703 -0.00042539212)
(0.10160455 -0.0037443642 -0.00057018012)
(0.1032968 -0.0036614599 -0.00066064905)
(0.10532807 -0.0033399928 -0.00070668422)
(0.10763586 -0.0029492809 -0.00071178747)
(0.11013144 -0.0025845584 -0.00067297472)
(0.11273017 -0.0022719593 -0.00058355658)
(0.11537621 -0.0020092084 -0.00043446841)
(0.11803383 -0.001789729 -0.0002107763)
(0.12067681 -0.0016081054 0.00011115196)
(0.12328334 -0.0014546246 0.00056318069)
(0.12585848 -0.0012909791 0.0011863701)
(0.12823959 -0.0015910683 0.0020438905)
(0.130326 -0.0021709347 0.0032572332)
(0.13213619 -0.0032025559 0.0049989417)
(0.13370968 -0.0050833195 0.0074952567)
(0.13516723 -0.008387743 0.010945324)
(0.13674803 -0.013499626 0.015116034)
(0.1385788 -0.018286616 0.018895426)
(0.13993856 -0.021459829 0.021876652)
(0.14016367 -0.023247991 0.024290619)
(0.13935766 -0.024307253 0.026308095)
(0.13798771 -0.025073193 0.02779405)
(0.13634828 -0.025619317 0.028453188)
(0.13443477 -0.025762678 0.028127615)
(0.13243664 -0.02495227 0.02741847)
(0.13178893 -0.021303898 0.028737362)
(0.1401083 -0.0052462258 0.039219966)
(0.15587252 0.038344268 0.055849583)
(0.10012749 -0.0024476702 -0.00022685136)
(0.10033544 -0.0035792715 -0.0004289997)
(0.10038217 -0.0039615716 -0.00057882968)
(0.10031739 -0.004073525 -0.00067723566)
(0.1002718 -0.0040673398 -0.00073304052)
(0.10031707 -0.0039996619 -0.00074922838)
(0.10045374 -0.003910059 -0.00072279136)
(0.1006518 -0.0038246097 -0.00064713371)
(0.10087992 -0.0037603037 -0.00051207931)
(0.10110892 -0.0037352863 -0.00030129764)
(0.10130558 -0.0037759818 1.2102927e-05)
(0.10142937 -0.0039264629 0.00047159328)
(0.10144283 -0.0042335133 0.0011505793)
(0.10125209 -0.0048788637 0.0021318253)
(0.10067371 -0.0060124612 0.0035590262)
(0.099501157 -0.0079360871 0.0056516495)
(0.097550652 -0.011209065 0.0087613009)
(0.094861515 -0.016731364 0.013211977)
(0.091709523 -0.025289365 0.018341599)
(0.088173336 -0.031457052 0.021438494)
(0.08441974 -0.033724993 0.021379669)
(0.079281622 -0.033472133 0.019986418)
(0.07288093 -0.032643366 0.019200842)
(0.066183139 -0.032458299 0.01888889)
(0.059861448 -0.033141639 0.017990864)
(0.054396259 -0.03453183 0.015525501)
(0.049179965 -0.036892371 0.010263132)
(0.046914052 -0.039736651 0.0060097673)
(0.048797596 -0.032215595 0.018868518)
(0.084210114 0.010020887 0.056550624)
(0.098060341 -0.0014328268 -0.00022123977)
(0.096736179 -0.0021113362 -0.00041583229)
(0.094591776 -0.0023348291 -0.00055804636)
(0.09199927 -0.0023996463 -0.00064903842)
(0.089420318 -0.0023914865 -0.00069791596)
(0.086992874 -0.0023282134 -0.00070870752)
(0.084703065 -0.0022301332 -0.00067987893)
(0.082517746 -0.0021189367 -0.00060674957)
(0.08040907 -0.0020112061 -0.00048169344)
(0.078344734 -0.0019209157 -0.00029275265)
(0.076281334 -0.0018649288 -2.2002183e-05)
(0.074165169 -0.0018676973 0.0003554043)
(0.071914422 -0.0019669852 0.00087224425)
(0.069382694 -0.0022609518 0.0015758767)
(0.066328281 -0.0029036409 0.0025221833)
(0.062394235 -0.0041757224 0.003794196)
(0.057158981 -0.0066450186 0.0056246002)
(0.05018806 -0.011471861 0.0085754557)
(0.041745053 -0.020250841 0.01304599)
(0.029091657 -0.02348571 0.014059659)
(0.027059945 -0.020907913 -0.00087973138)
(0.027285092 -0.014179297 -0.021847633)
(0.02799947 -0.0078015137 -0.036149243)
(0.03078664 -0.0043352996 -0.043166082)
(0.034038203 -0.0037677401 -0.045684716)
(0.036127886 -0.0056454524 -0.045821042)
(0.035355855 -0.010033711 -0.044805211)
(0.031464296 -0.017399412 -0.041780426)
(0.0062584583 -0.02642003 -0.025355387)
(0.023168664 0.015009265 0.031747996)
(0.1029409 -0.0015888741 -0.00039556352)
(0.11203047 -0.001793621 -0.00066806721)
(0.12045881 -0.0018440056 -0.00081212718)
(0.12739913 -0.0016852377 -0.00087646213)
(0.13350086 -0.0013664582 -0.00089088182)
(0.13908535 -0.0010153718 -0.00086700896)
(0.14417108 -0.00071558152 -0.0008093714)
(0.14871363 -0.00050378844 -0.00070279468)
(0.15270742 -0.00038586354 -0.00053557333)
(0.1561682 -0.00037451768 -0.00030086053)
(0.1590676 -0.00049266123 1.2075068e-05)
(0.16131188 -0.00076293248 0.00043243978)
(0.16256496 -0.0012056573 0.0010061739)
(0.16250699 -0.0021966665 0.0018852132)
(0.16146111 -0.0036763866 0.0032598908)
(0.15985792 -0.0057876749 0.0053183255)
(0.15812552 -0.0086598941 0.0082932824)
(0.15683052 -0.012182251 0.012341507)
(0.15652493 -0.015903618 0.017256416)
(0.1573631 -0.019202675 0.022299393)
(0.15894453 -0.021752493 0.026712374)
(0.160707 -0.023673273 0.030153505)
(0.16238995 -0.025242035 0.032621677)
(0.16410566 -0.026612744 0.034207111)
(0.16610852 -0.027754028 0.034976662)
(0.16858387 -0.028482326 0.035000633)
(0.17156864 -0.02841449 0.034439339)
(0.17491835 -0.026420984 0.033645647)
(0.17845289 -0.018600286 0.03343753)
(0.16904716 0.0060430767 0.034675857)
(0.099980482 -0.0026642201 -0.00040064393)
(0.10050065 -0.0034641551 -0.00069857509)
(0.10181975 -0.003768224 -0.00087243491)
(0.10360042 -0.003718817 -0.00096816703)
(0.10570243 -0.0034553098 -0.0010113906)
(0.10807438 -0.0031577676 -0.0010016912)
(0.11063274 -0.0029379834 -0.00092812904)
(0.11329047 -0.0028475433 -0.00077132564)
(0.11598793 -0.0029056193 -0.00050309638)
(0.11868795 -0.0031479097 -8.2575198e-05)
(0.12135175 -0.0036338301 0.00054861688)
(0.12393275 -0.0044378726 0.001493052)
(0.12640001 -0.0056472283 0.0028898353)
(0.12860277 -0.0077183034 0.0049371435)
(0.1304028 -0.010619309 0.0078981319)
(0.13185271 -0.014490902 0.012073686)
(0.13314154 -0.019296891 0.017642003)
(0.13458949 -0.024497528 0.024332257)
(0.13647733 -0.02918291 0.031194911)
(0.13865085 -0.032450467 0.036873028)
(0.14039343 -0.034060451 0.040799617)
(0.14104939 -0.034628597 0.043310038)
(0.14060035 -0.034977574 0.044934583)
(0.13956274 -0.035520853 0.045908451)
(0.13857119 -0.036208489 0.04617453)
(0.13826907 -0.036728053 0.045536782)
(0.13950034 -0.036737625 0.044055418)
(0.14437777 -0.035679094 0.042469602)
(0.15930824 -0.030483517 0.042939475)
(0.21257843 -0.013487697 0.04902794)
(0.10015224 -0.0024508514 -0.00040637904)
(0.10044127 -0.0035859194 -0.00071114947)
(0.10059019 -0.0039767225 -0.00089962232)
(0.10061461 -0.0041050606 -0.0010175138)
(0.10064252 -0.0041256909 -0.0010905361)
(0.10075472 -0.0041007615 -0.001120827)
(0.10095627 -0.0040791296 -0.0011032536)
(0.10121749 -0.0041009936 -0.0010298233)
(0.10150698 -0.0042028827 -0.00088670489)
(0.10179722 -0.004433992 -0.00064674488)
(0.10205591 -0.004870281 -0.0002578668)
(0.10223582 -0.0056201061 0.00037557134)
(0.10228289 -0.0068399722 0.001412889)
(0.10210565 -0.0087975073 0.0030818849)
(0.10153594 -0.011747529 0.0057273502)
(0.10053168 -0.015955639 0.0098562397)
(0.09936758 -0.021381399 0.015586693)
(0.098636193 -0.027205226 0.021916526)
(0.098956964 -0.032191853 0.02704908)
(0.10017464 -0.035213183 0.029435971)
(0.10099464 -0.036103706 0.029658846)
(0.099968502 -0.035813075 0.029362145)
(0.097049139 -0.035507412 0.029399803)
(0.093439258 -0.035788608 0.029464192)
(0.090484656 -0.036716806 0.028615426)
(0.089580781 -0.038002807 0.02538681)
(0.091521047 -0.039630527 0.018988491)
(0.097150393 -0.042250302 0.010565638)
(0.10849562 -0.046602909 0.0019637854)
(0.15422883 -0.051425368 0.0010416136)
(0.098084741 -0.0014314461 -0.00039663407)
(0.096839611 -0.0021081477 -0.00068949782)
(0.094794649 -0.002332031 -0.00086730435)
(0.092289078 -0.0024004341 -0.0009757819)
(0.089781032 -0.0023998733 -0.0010418318)
(0.08741742 -0.0023502843 -0.0010701262)
(0.085190131 -0.0022751888 -0.0010592318)
(0.083068847 -0.0022009733 -0.0010075428)
(0.081029275 -0.0021512258 -0.00091211263)
(0.079044907 -0.0021517257 -0.00076724846)
(0.077076025 -0.0022403284 -0.00056393913)
(0.075057682 -0.0024804418 -0.00029276243)
(0.072894505 -0.0029820947 5.0946799e-05)
(0.070423557 -0.0039438871 0.00047862793)
(0.067351032 -0.0056732655 0.00096718746)
(0.063364971 -0.0084580192 0.0011190504)
(0.058486749 -0.011999658 -0.00050406721)
(0.053723384 -0.014485065 -0.0065100367)
(0.051427715 -0.013333847 -0.018467184)
(0.053259945 -0.0080794807 -0.034908204)
(0.05762516 -0.00066255432 -0.052352529)
(0.061795575 0.0066807176 -0.066117074)
(0.065381298 0.012048381 -0.074757689)
(0.06893969 0.014853187 -0.079466213)
(0.072586521 0.015225487 -0.081656787)
(0.075895964 0.013480552 -0.082397073)
(0.078315141 0.0098725675 -0.082328753)
(0.079417343 0.004568768 -0.081556462)
(0.079889141 -0.0030662759 -0.080480276)
(0.098610173 -0.013911777 -0.069973985)
(0.10306418 -0.0015762596 -0.0010405124)
(0.11235216 -0.0017837842 -0.0015084206)
(0.12086189 -0.0018554822 -0.0016017917)
(0.12776579 -0.0017377116 -0.001505844)
(0.13377233 -0.0014764571 -0.0012617402)
(0.13923831 -0.0011912126 -0.00085230678)
(0.14422745 -0.00096003104 -0.0002471912)
(0.14870998 -0.00084113361 0.00059018256)
(0.15265407 -0.00087552381 0.0017929619)
(0.15603905 -0.0011087265 0.0035277356)
(0.15884599 -0.0016072942 0.0059909498)
(0.16103211 -0.0024248246 0.0094121495)
(0.16237167 -0.0036036751 0.013999028)
(0.16272188 -0.0054030118 0.019838478)
(0.1625242 -0.0075985159 0.026769178)
(0.16230731 -0.0099378063 0.034342524)
(0.16240454 -0.012057464 0.041950434)
(0.16295072 -0.013645886 0.049008642)
(0.16393009 -0.014648178 0.055087456)
(0.16524813 -0.015200217 0.059928289)
(0.16674856 -0.015511256 0.063460958)
(0.16830256 -0.01576117 0.065783045)
(0.16991831 -0.016003026 0.067072996)
(0.17172633 -0.016231904 0.067455907)
(0.17388054 -0.016384087 0.066934735)
(0.17643944 -0.016282742 0.06539426)
(0.1792507 -0.01542736 0.062636844)
(0.18181763 -0.01237941 0.058413838)
(0.18310144 -0.00339034 0.052502233)
(0.16569255 0.021302431 0.043612315)
(0.10010253 -0.0026602527 -0.0010946579)
(0.10084301 -0.0034738558 -0.0016848815)
(0.10226041 -0.0038137607 -0.0019408765)
(0.10400289 -0.003824008 -0.0020689081)
(0.10600392 -0.0036407844 -0.002125781)
(0.10825853 -0.0034377106 -0.0021094624)
(0.11070766 -0.0033272282 -0.0020083526)
(0.11328819 -0.0034000666 -0.0017981822)
(0.11596601 -0.0037329115 -0.001430546)
(0.11873084 -0.0044209075 -0.00080834331)
(0.12158825 -0.0055916372 0.00020183358)
(0.12449948 -0.0073410042 0.0017378539)
(0.12747933 -0.0097465971 0.0040036782)
(0.13048606 -0.013056918 0.0071829936)
(0.1335462 -0.016902063 0.01132275)
(0.13684455 -0.020634405 0.016216359)
(0.14047663 -0.023319766 0.021392933)
(0.14434122 -0.024293616 0.026367954)
(0.14817629 -0.023633983 0.030753516)
(0.15170182 -0.021845475 0.034207948)
(0.15466509 -0.019578854 0.036595798)
(0.15698721 -0.017506263 0.038049176)
(0.15880155 -0.01588785 0.038829097)
(0.16033701 -0.014794425 0.039005332)
(0.1619123 -0.014200228 0.038360412)
(0.16401088 -0.013998592 0.036425842)
(0.16762582 -0.013832576 0.032557626)
(0.17494737 -0.012752965 0.025828186)
(0.19167753 -0.0085793673 0.014445731)
(0.24320237 0.0056898017 0.00055467613)
(0.10027072 -0.0024574276 -0.0011114226)
(0.10076964 -0.0035998882 -0.0017204759)
(0.10100603 -0.0040096488 -0.0020089396)
(0.10097652 -0.0041673798 -0.00218564)
(0.10087369 -0.0042274689 -0.0023188585)
(0.10081269 -0.0042562718 -0.0024209167)
(0.10080499 -0.00431257 -0.0025015631)
(0.1008237 -0.0044582773 -0.0025764108)
(0.10084413 -0.0047602782 -0.0026719607)
(0.10085364 -0.0053075433 -0.0028105055)
(0.10085331 -0.0062297072 -0.0029829147)
(0.10086673 -0.0077178458 -0.003106176)
(0.10098216 -0.0099712748 -0.003049141)
(0.10138759 -0.013194716 -0.0027826975)
(0.10243017 -0.017329488 -0.00244439)
(0.10452069 -0.021831205 -0.002347727)
(0.10802104 -0.025430648 -0.0031472075)
(0.11305729 -0.027094951 -0.0049733423)
(0.11896758 -0.027124852 -0.0075707782)
(0.1247926 -0.026131325 -0.010905323)
(0.12963764 -0.024756297 -0.014746751)
(0.13299003 -0.023003134 -0.01895636)
(0.13521194 -0.020713915 -0.023587303)
(0.137241 -0.018539385 -0.028126496)
(0.13956954 -0.016710672 -0.032759251)
(0.14213949 -0.015476446 -0.037569243)
(0.14494427 -0.015046034 -0.042682421)
(0.14863705 -0.015144062 -0.048893267)
(0.15510555 -0.015294141 -0.057616259)
(0.17110995 -0.015016405 -0.07065562)
(0.098200496 -0.0014373564 -0.0010845177)
(0.097162083 -0.0021204617 -0.0016740079)
(0.095202433 -0.0023533868 -0.001946886)
(0.092641252 -0.0024323867 -0.002105151)
(0.089998687 -0.0024446022 -0.0022171426)
(0.087455037 -0.0024121074 -0.0022979166)
(0.085006083 -0.0023614477 -0.0023623021)
(0.082618869 -0.0023249136 -0.0024343037)
(0.080263965 -0.0023371313 -0.002548655)
(0.077899372 -0.0024474628 -0.0027570491)
(0.075447373 -0.002744417 -0.0031409048)
(0.072763708 -0.0033918665 -0.003839218)
(0.069613502 -0.0046340819 -0.0050810274)
(0.065632995 -0.0066676056 -0.0071855882)
(0.060555854 -0.0090269962 -0.010908765)
(0.055006323 -0.0097407352 -0.018135744)
(0.051309218 -0.0060505186 -0.030192251)
(0.052019229 0.0023027787 -0.045573536)
(0.057382643 0.012249811 -0.060916184)
(0.065467773 0.02096965 -0.074166416)
(0.074305267 0.027553323 -0.084906525)
(0.082399853 0.032272429 -0.092797617)
(0.089512444 0.034324604 -0.097199757)
(0.095333108 0.034269541 -0.099356576)
(0.099928123 0.032673882 -0.1002289)
(0.10316411 0.030068034 -0.10055527)
(0.10484421 0.026873632 -0.10093585)
(0.10490348 0.023384879 -0.10168469)
(0.10422734 0.020069806 -0.10274688)
(0.10391326 0.017194157 -0.10268519)
(0.10180301 -0.0015848129 -0.00085445573)
(0.11022617 -0.0017929704 -0.0012815012)
(0.11747205 -0.0018099158 -0.0013893227)
(0.12297938 -0.0015673646 -0.0013247129)
(0.12771366 -0.0010994338 -0.0011172375)
(0.13212019 -0.00052055375 -0.00074269173)
(0.13625749 9.9921255e-05 -0.00016473227)
(0.14029118 0.00074019215 0.00063781733)
(0.14440102 0.0013874686 0.0017841449)
(0.14872677 0.0021156913 0.0034474395)
(0.1534329 0.0030818937 0.0058484375)
(0.15854383 0.004498392 0.0092462204)
(0.16363315 0.0066427436 0.013897507)
(0.16803292 0.0095301645 0.01997229)
(0.1712583 0.013305791 0.027407212)
(0.1729732 0.017672331 0.035841098)
(0.17309597 0.022043229 0.044651597)
(0.17197734 0.02584366 0.053107625)
(0.17026104 0.028737281 0.06057473)
(0.1685805 0.030659533 0.06664395)
(0.16734536 0.031708697 0.071167038)
(0.16673266 0.032047495 0.074216506)
(0.16678057 0.031852827 0.075978153)
(0.16744359 0.031286345 0.076632919)
(0.16855639 0.030516126 0.076274638)
(0.16970725 0.029768682 0.074862105)
(0.17001332 0.029445948 0.072180312)
(0.16770219 0.030423241 0.067768848)
(0.15983284 0.034693004 0.06077588)
(0.11881183 0.048298222 0.049011161)
(0.09879733 -0.0026595981 -0.00085059202)
(0.098573988 -0.0034496413 -0.0012906046)
(0.098575442 -0.0036936469 -0.0014858956)
(0.098698833 -0.0035174292 -0.0015961832)
(0.099130268 -0.0030466805 -0.0016583477)
(0.099937683 -0.002450573 -0.0016688996)
(0.10108294 -0.0018382633 -0.0016201523)
(0.102549 -0.0012712169 -0.0014981977)
(0.10455245 -0.00069475288 -0.0012610983)
(0.10738351 8.5183446e-05 -0.00080726033)
(0.11137519 0.0014294715 2.4249773e-05)
(0.1171078 0.0039423705 0.0014384656)
(0.124702 0.0083811555 0.0037261958)
(0.13385597 0.015027888 0.007233715)
(0.1435784 0.023946133 0.01218523)
(0.15244682 0.034456193 0.018441566)
(0.15927475 0.04514211 0.025443225)
(0.1637182 0.054633831 0.032445994)
(0.16619451 0.062196986 0.038820229)
(0.16739254 0.067725639 0.044164794)
(0.16790723 0.071408144 0.048312109)
(0.16815521 0.073525566 0.051268421)
(0.1683947 0.07439501 0.053096102)
(0.1687527 0.074309045 0.053850446)
(0.16920504 0.073576893 0.053511687)
(0.16948322 0.072591618 0.051911911)
(0.16892685 0.072051738 0.048595361)
(0.16620564 0.073471587 0.042484597)
(0.16011949 0.079989999 0.031299213)
(0.12936825 0.09666445 0.010804118)
(0.098959779 -0.0024312153 -0.00087248385)
(0.098489208 -0.003552141 -0.0013300583)
(0.097279691 -0.0039287727 -0.0015411146)
(0.095553317 -0.004024355 -0.0016725947)
(0.093744123 -0.003988617 -0.0017767512)
(0.092034521 -0.0038841208 -0.0018660495)
(0.090432605 -0.0037703524 -0.0019533618)
(0.088886901 -0.0037198312 -0.0020597649)
(0.087364157 -0.0036912259 -0.0022242851)
(0.085918027 -0.0036088419 -0.0024927962)
(0.084742103 -0.0033751439 -0.0028923443)
(0.08430813 -0.0026417324 -0.0033658383)
(0.086105466 -0.00020846705 -0.00361932)
(0.091852418 0.0058079849 -0.0032239935)
(0.10130235 0.01682516 -0.0018858988)
(0.11312919 0.032066648 0.00050406355)
(0.12481115 0.048731345 0.0033215307)
(0.13489756 0.063958553 0.0058368431)
(0.14313975 0.076220355 0.0077868197)
(0.14964509 0.085144274 0.0092953146)
(0.15454811 0.090977914 0.010584624)
(0.15808816 0.094176592 0.011899474)
(0.16054322 0.095210117 0.013173312)
(0.1621272 0.094561098 0.014111598)
(0.16288427 0.092689948 0.014393197)
(0.16260136 0.090061498 0.013659446)
(0.16082965 0.087351342 0.011362161)
(0.15675782 0.085985191 0.0065650489)
(0.15034701 0.089264008 -0.0024159372)
(0.12246272 0.10341844 -0.018921868)
(0.096946353 -0.0014109141 -0.00083974389)
(0.094997004 -0.0020667666 -0.001260374)
(0.091663122 -0.0022704663 -0.0014331058)
(0.087487766 -0.0023112464 -0.0015238233)
(0.083232614 -0.0022740525 -0.0015876467)
(0.079139991 -0.0021777681 -0.0016383755)
(0.075191947 -0.0020459747 -0.0016913176)
(0.071328162 -0.0019069281 -0.001771979)
(0.067479568 -0.0017723484 -0.0019195935)
(0.063539073 -0.0016702119 -0.0021955196)
(0.059311549 -0.0017192411 -0.0026991587)
(0.054474702 -0.0021715889 -0.0036053843)
(0.0487003 -0.0028806604 -0.0052159664)
(0.041827186 -0.0024242806 -0.0079310767)
(0.037155881 0.0033377425 -0.01178955)
(0.0396835 0.016628741 -0.016435847)
(0.049318697 0.033040558 -0.021239376)
(0.062166845 0.047543648 -0.026081576)
(0.075941429 0.058692168 -0.030750416)
(0.089267657 0.06654124 -0.034923742)
(0.10122524 0.071540729 -0.038329406)
(0.11129414 0.074151678 -0.040837573)
(0.11938013 0.074716701 -0.042392956)
(0.1256058 0.073629351 -0.043149411)
(0.12997264 0.071301148 -0.043466555)
(0.13229982 0.068179169 -0.043792858)
(0.13234898 0.064862677 -0.04463437)
(0.13012571 0.062456215 -0.046523415)
(0.12875721 0.063724464 -0.049717969)
(0.13251447 0.074997788 -0.05286477)
)
;

boundaryField
{
    maxY
    {
        type            fixedValue;
        value           uniform (0 0 0);
    }
    minX
    {
        type            fixedValue;
        value           uniform (0.1 0 0);
    }
    maxX
    {
        type            inletOutlet;
        inletValue      uniform (0 0 0);
        value           nonuniform List<vector> 
40
(
(0.11929144 0.047847655 -0.049114554)
(0.12971086 0.095994354 -0.011047024)
(0.12297062 0.10255544 0.018426141)
(0.13298407 0.074309169 0.051872635)
(0.16645464 0.02030811 -0.043322778)
(0.24269925 0.0040458748 -0.00020047122)
(0.17072833 -0.016717111 0.069216212)
(0.10512793 0.015884279 0.099618486)
(0.16921372 0.004388188 -0.034178429)
(0.20971277 -0.014701203 -0.049085616)
(0.14873781 -0.052060768 -0.0042208678)
(0.094326985 -0.014774673 0.053581822)
(0.1248782 0.029521321 -0.0033347598)
(0.15047068 0.044013567 -0.051869432)
(0.07754548 0.013315299 -0.038399895)
(0.0003615499 0.014313081 -0.05226828)
(0.064817985 0.081228312 0.0013438696)
(0.07728454 0.14590462 -0.021356897)
(0.11949437 0.14561202 -0.027212232)
(0.080096751 0.11046604 -0.00041371432)
(0.06937339 0.074831858 -0.0040491165)
(0.08797093 0.1153341 0.019578438)
(0 0 0)
(0.11992516 0.1366964 0.016252548)
(0.12763102 0.027805829 0.0070733038)
(0.15587252 0.038344268 0.055849583)
(0.084210114 0.010020887 0.056550624)
(0.023168664 0.015009265 0.031747996)
(0.16904716 0.0060430767 0.034675857)
(0.21257843 -0.013487697 0.04902794)
(0.15422883 -0.051425368 0.0010416136)
(0.098610173 -0.013911777 -0.069973985)
(0.16569255 0.021302431 0.043612315)
(0.24320237 0.0056898017 0.00055467613)
(0.17110995 -0.015016405 -0.07065562)
(0.10391326 0.017194157 -0.10268519)
(0.11881183 0.048298222 0.049011161)
(0.12936825 0.09666445 0.010804118)
(0.12246272 0.10341844 -0.018921868)
(0.13251447 0.074997788 -0.05286477)
)
;
    }
    minZ
    {
        type            fixedValue;
        value           uniform (0 0 0);
    }
    maxZ
    {
        type            fixedValue;
        value           uniform (0 0 0);
    }
    topAir_to_rightSolid
    {
        type            fixedValue;
        value           uniform (0 0 0);
    }
    topAir_to_heater
    {
        type            fixedValue;
        value           uniform (0 0 0);
    }
    topAir_to_leftSolid
    {
        type            fixedValue;
        value           uniform (0 0 0);
    }
}


// ************************************************************************* //
