/*--------------------------------*- C++ -*----------------------------------*\
| =========                 |                                                 |
| \\      /  F ield         | OpenFOAM: The Open Source CFD Toolbox           |
|  \\    /   O peration     | Version:  v2012                                 |
|   \\  /    A nd           | Website:  www.openfoam.com                      |
|    \\/     M anipulation  |                                                 |
\*---------------------------------------------------------------------------*/
FoamFile
{
    version     2.0;
    format      ascii;
    class       surfaceScalarField;
    location    "110/bottomWater";
    object      phi;
}
// * * * * * * * * * * * * * * * * * * * * * * * * * * * * * * * * * * * * * //

dimensions      [1 0 -1 0 0 0 0];
oriented        oriented;


internalField   nonuniform List<scalar> 
3858
(
-0.00021168403
0.00012422397
8.685624e-05
-0.00029565689
-1.1584702e-05
9.6108528e-05
-0.00020763786
-0.00021710973
0.00012805989
-8.116723e-05
-0.00023815388
0.00010955328
5.9393974e-05
-0.0003145641
0.00017076677
0.00015363368
-0.00025704664
0.0001613205
0.00027569951
-0.0002089022
8.3857873e-05
0.00014754421
5.6717125e-05
7.2041195e-05
-6.3045391e-05
0.00013180728
7.6605616e-05
-0.00023285161
0.00010823614
6.0127673e-05
-0.00026775517
-2.0554e-05
5.4196932e-05
-4.8510719e-05
-0.00029805641
7.6494508e-05
7.534593e-05
-0.00021592893
8.9040974e-05
-0.00013545027
0.00012043812
9.2876507e-05
-4.1816393e-05
-0.00025405732
0.00015871079
6.433474e-05
-0.00027988955
0.00017333756
7.8250884e-05
-2.7637558e-05
1.5509047e-05
0.00026289043
-0.00025001306
6.3930261e-05
0.00023073621
5.8816485e-06
2.9067343e-05
8.8351448e-05
0.0001227223
2.094578e-05
-0.00010346676
0.00013436677
5.8065561e-05
-0.00019803253
3.8988603e-05
5.6645914e-05
-0.00012665198
-0.00019589265
0.000123703
-0.00012768382
-0.00012009563
0.00012221879
-7.1617397e-05
-0.00021055651
0.00015356726
2.1304667e-05
-0.00024473017
0.00015117964
0.00015281463
-0.00021876816
8.6622213e-05
0.00029836793
-0.00025518062
0.00010841061
0.00019792954
4.2520839e-05
6.0526709e-05
0.00013661759
6.1901399e-05
-0.0003838737
0.00042952968
7.8567997e-05
-0.00037531494
-0.00012155905
0.00010141559
-0.00020996394
-0.00050204687
0.00011958614
-5.9805065e-05
-0.00046305605
7.4743301e-05
6.4238434e-05
-0.00061989635
0.00018128875
0.00014600621
-0.00053042531
0.0001916109
0.00041608768
-0.00049104929
1.2065618e-05
0.00043601314
1.6910378e-05
1.9881292e-05
-6.975416e-05
0.00060831636
2.9258225e-05
-0.00050505605
0.00054501095
-1.4729182e-06
-0.00044148412
-9.813636e-05
1.4010427e-05
-0.00013797446
-0.00062774324
2.6177159e-05
2.6260879e-05
-0.00043761969
5.745542e-05
-5.1094514e-05
6.8483703e-05
0.0001293098
-3.864577e-05
-0.0005133074
0.00024680134
6.7264701e-05
-0.00057312431
0.00018732429
0.00010394431
-9.5985674e-05
3.1668511e-05
0.00039073803
-0.00055905969
2.2252918e-05
0.00046624826
-7.1353041e-05
1.7244727e-06
0.0001226194
0.00050443179
-3.8080625e-05
-0.00037863928
0.00063563666
-1.1200922e-08
-0.00040048134
3.3712945e-05
2.7117721e-05
-0.00017030263
-0.00052227131
9.6199955e-05
-0.00014008241
-0.00032830617
0.00017799032
-9.6710149e-05
-0.00047017178
0.000216243
3.9547162e-06
-0.0005124082
0.00016701316
0.00015319364
-0.0004422825
7.4275415e-05
0.00038388608
-0.00058444418
9.8571117e-05
0.00038442327
-2.1474005e-05
6.3457653e-05
0.00048689948
3.4141387e-05
9.7656753e-05
0.00034562501
-1.3752062e-05
0.00012734621
-7.0696169e-05
-8.055232e-05
-2.820504e-05
-0.0001963512
-0.00015014441
-3.9068566e-05
-0.00041097043
-4.1222085e-05
9.3043556e-06
-0.00053033221
-0.00013793705
1.4714518e-05
-0.00038248003
-0.00015335544
-0.00027671666
-0.00010728602
-9.2332089e-05
-0.00013596908
-4.10609e-05
-8.27763e-05
-7.8829572e-05
0.00053346088
1.7715973e-05
4.3019073e-05
0.00047586436
-5.2702053e-05
0.00020612664
-9.5613591e-05
-0.00016563034
-0.00014363584
-9.7406758e-05
-0.000180574
-0.0003917941
-9.5954998e-05
-9.3506449e-05
-2.1610034e-05
-0.00028451067
-1.7189697e-05
3.8375955e-05
-0.00050607329
-6.7220108e-05
1.0678583e-05
-0.00046986515
-7.5561794e-05
8.6208955e-05
-0.00019099548
1.947944e-05
-0.00019832183
-9.9752001e-05
-0.0001747769
-4.8448742e-05
-8.3856357e-05
-0.00013736977
8.4345682e-05
0.00042339369
-5.175632e-05
0.00010317646
0.00059895787
1.7848022e-05
0.00017767492
-2.0047739e-05
-2.0737776e-05
-0.0001005628
-0.00010748308
-0.00013655053
-3.5974587e-05
-0.00028148897
-0.00011140542
3.5984333e-06
-0.00040780867
-0.00010193614
1.7412545e-05
-0.00041985201
-0.00010637031
1.3784173e-05
-0.00038500349
-5.365064e-05
-0.00026144873
-7.4071635e-05
-0.00023513964
-0.00014004563
-4.8129153e-05
-9.4747953e-05
0.00040565802
-5.8804165e-05
0.00022754205
0.00010620139
1.1881592e-05
7.3437707e-05
0.00010045913
-1.7050942e-05
-4.0756924e-05
-0.00010949416
2.7337609e-05
-3.1243783e-05
-0.00043912353
1.8639969e-05
-5.1071369e-05
-0.00049180419
-1.8700424e-05
4.2346727e-05
-0.00039270129
-8.3196832e-05
-0.00012686426
2.8550018e-05
3.3374953e-05
-0.00037818502
0.00013658921
7.3670651e-05
-0.00011680598
0.00021199943
6.0082404e-05
0.0001058016
0.00023718787
1.6068912e-05
0.00010790631
3.7250835e-05
-0.00013496915
8.5152378e-06
3.4459134e-05
-3.2474822e-05
-5.7596343e-05
-4.2948304e-05
1.3104877e-05
-1.4451768e-05
-0.00032679749
-8.5776528e-07
-3.183378e-06
-0.00047198396
-4.5357722e-05
-1.4773833e-05
-0.0004382364
-2.0038293e-05
-2.8088462e-05
-0.00015351425
-2.4166595e-05
-0.00012592265
7.4519206e-05
-7.6437011e-05
-0.00011001728
5.1941581e-05
-0.00015170329
0.00013769131
0.00018064632
-4.9612009e-06
0.00039402629
0.00029236543
5.0257461e-05
0.00016767408
0.00023273087
-2.6426394e-05
-6.5385466e-05
0.00013219302
-6.6165557e-06
-4.2528302e-05
-0.00023146351
-7.2882626e-05
-1.4079232e-05
-0.00037582799
-6.0429764e-05
-6.9921698e-05
-0.00039108806
2.7078508e-05
3.7152928e-06
-0.00044519275
-1.3447728e-05
-0.00011722972
2.7632382e-05
1.9240998e-05
-0.00026154085
0.00010100688
-4.8248981e-06
0.00011170018
3.2416985e-05
0.00018545758
-7.9256181e-05
0.00036030719
-7.4390467e-05
0.00035754279
-0.00010672975
7.1909267e-05
-0.00015349
-0.00028380003
-0.00013609489
-0.0005534794
-0.00012302192
-0.00046857013
-5.6359248e-05
-0.00029978889
-3.2192029e-05
-9.1728051e-05
3.9385944e-06
0.0001410306
4.429215e-06
0.00022776852
-4.9487085e-05
0.00033765151
-7.5423867e-05
0.00040429588
-0.00010959267
0.0002191155
-0.00014161712
-9.6893996e-05
-0.00015597447
-0.00036125851
-0.00017387188
-0.00036217811
-0.00015259465
-0.00022988359
-5.7775307e-05
-0.00015414846
-2.3793535e-05
3.0616659e-05
-4.1187954e-06
0.00023937366
8.360843e-05
0.00041109607
6.1008468e-05
0.00052767817
1.5610911e-05
0.00033926489
-4.3050246e-05
9.6310815e-05
-0.00013287392
-0.00013495181
-0.00015982544
-0.00039735526
-0.0001827893
-0.00031931446
-5.0408419e-05
-0.0001739963
-4.4311278e-05
-6.2296113e-05
-0.0001310598
0.00013995167
7.6618858e-05
-0.00019188224
0.00013674689
1.9484374e-05
-0.0001660528
7.9173201e-06
9.4556179e-05
6.1890533e-05
-0.00027923873
0.00015854688
6.5019874e-05
-3.8315933e-06
0.0001725257
-1.3834171e-06
7.5504595e-05
0.0001544428
0.00013374429
-0.00019594766
0.00014208398
7.6040394e-05
7.7414068e-05
5.2086858e-05
-5.3612843e-05
0.00015575032
4.8271737e-05
-0.00015533208
0.00012611644
3.4065549e-05
-0.00020663635
0.00011198223
-7.622941e-06
-0.00012005527
-8.9522803e-05
7.8572115e-05
8.4680792e-05
-0.00024743942
0.00012884141
-3.6562541e-05
0.00015221586
6.5327832e-05
-0.00010700347
5.0569529e-05
0.00017835174
-5.9464559e-05
-2.3395314e-05
0.00015242466
0.00013554765
-0.00028040083
9.8171947e-05
0.00021474528
-6.258843e-05
4.7904577e-05
0.0001274519
0.00013616926
-1.8541127e-05
4.567732e-05
0.0001413245
-3.836164e-05
-3.1461755e-05
0.00016017013
-2.4146491e-05
-5.4885287e-05
0.00010737519
-2.5798987e-05
-3.9335914e-05
7.6608529e-05
3.3687526e-05
-7.3415755e-05
9.103082e-05
6.7363975e-05
-0.00011312527
7.0018615e-05
0.00012492376
-4.6795951e-05
-3.76643e-05
0.00012376118
0.00016953476
-0.00024701341
0.00011612747
0.00019615094
5.9327131e-05
2.4626771e-05
0.00012237138
0.00015314078
-1.7696484e-05
0.00014803057
3.6755777e-05
-0.00027359094
0.00056944424
-7.7333638e-05
-0.00038056692
0.00041180417
-6.6665696e-05
-0.00026321535
-4.8459875e-05
5.8611774e-05
4.7582373e-05
-0.00065950598
0.00014421283
2.6181914e-05
-8.7172146e-05
0.00028602977
-1.7460578e-06
2.2435238e-06
0.00029279994
0.00029354159
-0.0005532614
7.4091714e-05
0.00040984858
7.307487e-06
-2.6319112e-05
7.5112077e-05
0.00065224657
-0.00013250152
-0.00027637507
0.00062296758
-0.00014683691
-0.00040019225
0.00037134842
-0.00012153859
-0.00027682872
-0.00025575602
6.9046847e-05
1.8808221e-05
-0.00059762947
0.00011200852
7.0654279e-05
8.4898232e-05
0.00014478137
-0.00010353936
0.00013829543
0.00033326907
-2.2882861e-05
-0.00017100729
0.00025427976
0.0002166442
-0.00063755736
0.00014929799
0.00031175464
-0.00020044044
6.4994487e-05
0.00017951823
0.0003752887
-0.00010515854
-0.00011909429
0.00060697613
-0.00020511972
-0.00035684378
0.00057532526
-0.00017741684
-0.00027266266
8.6089744e-05
-3.5777944e-05
-8.1192564e-05
-4.2097641e-05
2.3436021e-05
-6.8973293e-05
9.1672294e-05
0.00016512957
-0.00014631545
9.1496802e-05
0.00027210696
-8.8809493e-05
-0.00016502692
0.00023686982
0.00023341909
-0.00058512571
9.0159121e-05
0.00035815088
1.63123e-05
1.6854166e-05
0.00021644557
0.00044097816
-8.2674417e-05
0.00051717211
-0.00011855458
2.2830804e-05
0.00056588119
-3.3019801e-05
0.00015609748
0.00028640446
-8.8419281e-05
0.00015579355
-4.0702651e-05
-0.0001575977
-0.00021497277
-0.00017060151
-0.00015936023
-2.423527e-05
-0.00039296001
-2.2886684e-05
0.0001932937
-0.00035972168
-8.9192054e-06
-0.00016952626
-0.00015137118
-0.00013140235
-0.00010468174
-6.4859448e-05
-7.5453883e-05
-1.4559509e-05
0.00058110406
-1.2637499e-06
-3.606536e-05
0.00061438519
-2.2613807e-05
7.9313345e-05
0.00025222713
-0.00016188776
-9.9321411e-05
-8.5438577e-05
-0.00017225669
-0.00040477232
-0.00013506889
-0.00025061613
-8.6466677e-05
-0.00019435371
-5.6243401e-05
0.0002092896
-0.00027350131
4.8820349e-05
0.00025584344
-0.00025480418
-3.8318738e-05
-3.5868256e-05
-0.00011413255
-0.00021223367
-0.00014244354
-8.6130523e-05
-0.00018251152
-5.1495843e-05
0.00026471453
-0.00011774328
-0.00011302332
0.00059049025
2.6257051e-05
-7.5035299e-05
0.00050058043
5.4604835e-05
-3.1466219e-05
-4.8102532e-05
6.988542e-05
-0.00014598128
-8.4528097e-05
2.0394985e-05
0.00012913852
-0.0003435815
4.872856e-05
0.0002834067
-0.00019041969
2.5712167e-05
0.00016021843
-7.9942567e-05
-6.8266401e-05
-0.00016892107
-0.00019102614
-0.00011861072
-0.00012397321
-7.1513956e-05
-0.00019226124
-4.0281541e-05
0.00032548503
-6.2946486e-05
0.00047017338
-5.2086967e-05
0.00018239487
0.00032958479
6.5783144e-05
0.0002644462
0.00012892569
5.8376526e-05
6.0214498e-05
0.00017186352
1.9003152e-05
-2.0749403e-05
-8.9106227e-05
1.8108596e-05
-3.9283382e-05
-0.00038709166
-6.0347908e-06
-5.122011e-05
-0.00035551746
-7.5464313e-05
-0.00017761097
1.8790358e-05
-1.0395722e-05
-0.00036551384
0.00020556081
-8.8467347e-06
-0.00011063702
0.00028471152
0.00010159813
7.0636324e-05
0.00039432146
5.4859292e-05
0.0001661724
0.0001319361
-0.0001102142
2.9792734e-05
0.00010685021
-8.8383945e-05
-7.5584634e-05
5.1255236e-05
-6.7841886e-05
-2.6475697e-05
-0.00022188443
-2.2435991e-05
-1.1088344e-05
-0.00034138274
7.1363519e-06
-7.9680703e-05
-0.00019835549
-7.8946281e-06
-0.00019856486
2.2263824e-05
-4.1678806e-05
-0.0002242632
-2.6922163e-05
-0.00010994702
-0.00011514945
6.4139606e-05
-6.0242114e-05
7.1451715e-05
0.0003358636
6.3064295e-05
0.00033597282
0.00022288168
6.3435104e-05
0.00017944888
0.0001904745
-0.00010847949
8.7618203e-06
0.00012219166
-4.2649253e-05
5.2246459e-05
-0.0004586553
-1.2934775e-06
-4.2599031e-05
-0.00016833623
1.2332258e-05
-0.00027364347
0.0002061295
-2.7949126e-05
-0.00027997544
-0.00019532258
-2.8193199e-06
-0.00027226206
-7.5235322e-05
1.5248996e-05
-0.00014989996
0.00013043313
6.7864901e-05
0.00027078513
8.1905269e-05
0.00022217388
2.815474e-05
0.00025773251
1.897661e-05
0.00030983804
1.3028245e-05
0.00017446843
-0.0001072266
-0.00017065997
-0.00017805814
-0.00049551249
-0.00015368686
-0.00047702132
-5.6060053e-05
-0.00028019875
-2.3453787e-05
-7.9099636e-05
8.7551001e-05
0.00016760535
0.00015204569
0.00021495901
3.5095355e-05
0.00025871864
-1.2333292e-05
0.00031284801
-0.00011246682
0.00014229709
-0.00019295064
-0.00012690513
-0.000228155
-0.00028319865
-0.00021593385
-0.00023139175
-0.00018213772
-0.00022779801
-8.82912e-05
-0.00018371117
-3.7407657e-06
5.5169742e-05
9.2863903e-05
0.00019774235
0.0001639175
0.00032636949
0.00012285584
0.00045811524
6.0568074e-06
8.2178591e-05
-0.00012576891
-0.00011619399
-0.00010283758
4.1430606e-05
-0.00011132055
-0.0001440137
-0.00019266758
-0.00025865142
-1.1006021e-05
-0.00020473413
3.2204566e-05
3.7548949e-06
1.0989292e-05
0.00011483649
-4.8707669e-05
3.7463334e-05
6.0734552e-05
-6.7591621e-05
1.8589843e-05
0.00012693645
-1.2581756e-05
1.3795975e-05
9.4077243e-05
7.1888907e-05
6.1256826e-06
0.00012061326
6.1416194e-05
-5.6764412e-06
0.00012983417
3.8408068e-05
5.8319845e-06
7.7432353e-05
5.7191367e-05
-4.315144e-06
0.00012500265
-6.1447609e-05
2.0126927e-06
9.6554396e-05
-5.4213858e-05
1.191592e-05
0.00011636652
-9.0495326e-05
2.5567274e-05
0.00010206857
-0.00012371988
3.3546479e-05
0.00012209335
-5.1254885e-05
6.3730006e-05
0.00010336399
-4.2488122e-06
9.2516096e-06
0.00012895296
-8.6773135e-06
-2.7561087e-05
0.00013227115
8.3217793e-05
-7.6703746e-05
0.00013669028
6.7395512e-05
-0.00010313351
9.4205469e-05
3.2375938e-05
-0.00011345328
0.00012465414
-6.5392375e-05
-0.00016844902
0.00015554945
-0.00011733973
-0.00017023295
0.00011082505
-0.00014523791
-0.00010290772
4.6608337e-05
-0.00013591199
0.00010730677
-0.00020342933
-3.4147422e-05
0.00015452552
4.162581e-05
-5.4940451e-05
8.0555115e-05
0.00014402275
-1.8768419e-06
3.7143173e-05
0.00013457467
3.4391239e-05
3.9992202e-05
0.00011405928
8.1988932e-06
-2.7641026e-06
0.00012265803
3.8347811e-05
-1.5812838e-05
0.00010802205
-6.896693e-05
-1.5698064e-05
7.1121142e-05
-8.7300167e-05
8.9001293e-05
-6.6516231e-05
7.2389089e-06
0.00027662847
-0.00024636452
6.796728e-05
8.8411945e-05
-0.00015507145
2.9199687e-06
0.00032696604
-7.6370494e-05
9.0848146e-05
-3.6927707e-06
0.00015405467
-1.2548578e-05
0.00031272085
0.0001973189
-0.0001261489
0.00035797068
0.00017826376
-1.4392286e-05
-4.657866e-05
8.634611e-05
7.5044732e-05
8.03435e-05
-7.109698e-05
0.00010480642
7.8919931e-05
-0.00014462874
8.1862601e-05
0.00017064602
-0.00017817259
-3.7798848e-05
0.00032042935
-0.00022023792
-0.00011334562
0.00034763722
-8.0950251e-05
6.5397364e-05
3.3629097e-05
3.000415e-06
0.0001677573
0.00013222234
3.9152039e-05
-5.9346077e-05
0.00051518853
0.00017745506
-0.00014609862
0.00030418404
0.00017353854
-7.5787263e-05
4.2351751e-05
0.00013084035
-0.000133707
0.00028722199
-3.9653612e-05
-0.00026780459
0.00038711962
-0.00020263111
-0.00020971417
5.5720967e-05
-0.00020810606
-7.0156042e-05
-7.8380517e-05
-0.0001919861
0.00029814107
-0.00053493625
-7.2568144e-05
0.0004002728
3.5921748e-05
-7.2991648e-05
0.00018476109
0.00053346671
-8.8026973e-06
-6.6398885e-05
0.00055296891
0.00010487269
-0.00019493064
0.00036586462
0.00011359623
-0.00016018308
0.00012549613
5.2573468e-05
-0.00018367462
0.0002530119
-0.00010464413
-8.8530534e-05
3.9069735e-05
-0.0001457671
9.1277544e-05
-0.00020936136
7.9225218e-05
0.00016811544
-3.7319786e-06
0.00012922479
-5.7444537e-06
-4.426244e-05
0.00014806406
0.0001044265
4.6102576e-05
9.9926956e-05
-5.8802305e-05
-5.6113585e-05
8.014288e-05
0.00021237922
9.7239018e-05
0.00013370831
0.00017628275
0.00011920329
4.5265769e-05
-0.0001114613
2.1922832e-05
-3.6713814e-05
-4.8953967e-05
0.00013582317
-2.7685195e-05
-3.884697e-05
0.00010747453
-4.715569e-05
8.3274107e-05
8.4228603e-05
-7.4907241e-05
0.00022753747
-4.1244332e-05
-9.7712063e-05
0.00021856485
-2.0379504e-05
-0.00010180307
-3.34437e-05
-0.00017945234
1.5540998e-05
1.9103823e-05
-6.0468956e-05
6.7373718e-05
0.00042884706
8.332909e-05
5.4081751e-05
0.00024223402
3.6923246e-05
4.5651393e-05
-4.3291571e-05
-0.00011815998
5.3461072e-05
0.0001661892
-6.928841e-05
6.5766381e-05
0.00027097571
-1.390467e-05
0.00012277303
-4.1549865e-05
6.6521244e-05
0.00018510429
-0.0001991151
0.00011300816
-4.6414274e-05
-0.00025161344
1.8081163e-05
-9.9339734e-05
-8.2190328e-05
0.00019143251
-5.1641933e-05
0.00039013835
0.00014435911
-0.00011628237
0.00050693057
0.00013639093
-0.00014870776
0.0002853361
4.4687491e-05
-0.00018956463
7.4853329e-05
-2.7111039e-05
-8.758502e-05
-4.0971529e-05
-2.5742491e-07
-3.2175392e-05
-7.2132987e-05
-7.1533847e-06
1.48405e-07
6.8667845e-06
-2.4630102e-05
0.00028729534
-2.8766642e-05
-0.00020867353
0.00022066567
1.6009837e-05
-2.8319262e-05
-0.00014091324
8.3988644e-05
1.4085682e-05
-8.5182041e-05
2.0833964e-06
8.0367894e-05
0.00011921689
2.0845334e-05
0.00030808804
-0.00013790686
1.1005158e-05
0.00025357732
-5.2929791e-05
-1.4416509e-05
-5.4530616e-05
0.00028216312
-3.1855886e-05
-0.00027311606
0.00022349562
5.7840985e-05
-0.00028409143
9.7727801e-05
5.1380964e-05
-0.00011637895
1.7079154e-05
-6.7468364e-05
-4.6008331e-05
0.00011641605
-5.6605766e-05
-0.00020763538
0.00019293449
-0.00013259304
-0.0001566307
1.5171959e-05
-6.9508811e-05
0.00014023233
9.2329661e-05
4.6790709e-05
0.00024576627
0.00013642993
-7.6244798e-06
4.5735367e-05
0.00021218833
-9.7127793e-05
-2.6866682e-07
0.00018744526
-8.5199025e-05
0.00018385355
1.303512e-05
1.3576277e-05
0.00016623124
1.6683059e-05
2.245369e-05
0.00010012149
-0.00014132222
7.1751987e-05
-7.8968985e-05
-0.00019244257
1.1440117e-05
-0.00028986842
2.1508821e-05
6.4551021e-05
-0.00011237912
3.0768635e-05
0.00018058692
5.1714928e-05
0.00024927242
0.00010589635
0.00013414044
0.0002217853
-4.6823836e-05
0.00011048881
9.7152909e-05
-1.4672728e-06
0.00032079261
-0.00029119448
5.5168148e-05
0.00024197165
7.0128972e-05
4.423904e-06
0.00038409297
-6.0067641e-05
0.00011822275
0.00019722734
0.00023333845
0.0001245266
8.4384934e-05
2.1068526e-05
-4.2454354e-05
-6.556935e-05
4.2465705e-07
-0.00010172026
-0.00017843048
-0.00011273859
-0.00023650903
-5.0911287e-05
-2.3111304e-05
4.5311605e-05
8.2620184e-05
0.00020531514
6.31822e-05
0.00026921147
-5.7361332e-05
0.00017271804
-6.3429423e-05
0.00011015084
2.3436352e-05
-6.3981038e-06
-4.1242609e-05
-0.00011309973
-5.9002052e-05
-0.0001180659
-6.8125613e-06
-0.00013169341
0.00010852225
-8.5284185e-05
0.00023454271
-2.686639e-05
0.00022512104
1.8716032e-05
0.00021276626
0.00012190174
5.0750287e-05
0.00018461126
-0.00014558732
0.00012675087
-0.00014420594
2.6184237e-05
-0.00018207546
-5.713077e-05
-4.4618405e-05
8.9777792e-06
0.00015040913
-8.4562797e-05
0.00011997866
-6.5084199e-05
-0.00018387782
1.6559824e-06
-0.00019931261
0.00011776834
0.00018853526
1.2283205e-05
3.8538363e-05
-0.00010003922
0.00016900017
-0.00023099853
4.040566e-06
0.0001856085
4.8515674e-06
-3.3686497e-05
0.00010541156
0.00015623779
-3.4141636e-06
3.1597644e-05
0.00013496277
1.4183893e-07
-5.6605548e-05
0.00013735306
-1.085846e-05
-0.00015322944
0.0001672516
-1.255577e-05
-0.00016465252
4.1563452e-05
-9.0960738e-05
-3.2221443e-05
-0.00012422909
-6.3588617e-05
7.7970311e-05
-0.00010922699
-9.1214884e-05
0.0001979643
-0.00012169733
-0.00012278156
0.00022681997
8.2235938e-05
-0.0001605209
0.00024946922
0.00013970184
-0.00016560276
7.2145542e-05
0.0001724377
2.6657922e-05
0.00012865673
-3.5480652e-05
0.00013137148
-0.00016562479
0.00016464632
-0.00022447128
0.00015849351
-0.00016254763
-0.00026395201
7.9906552e-05
-0.00015486456
-0.00012949313
-0.0001609286
-0.00011827879
2.9789285e-05
-0.00021258909
-8.2864805e-05
0.00011546945
-9.2041037e-05
-2.6090922e-05
0.00022732157
-0.0001245407
-4.2410233e-05
0.00013861093
0.00010686376
-1.7409328e-05
2.2075816e-05
0.00014687404
4.0754546e-06
-7.7815778e-05
0.00012845025
-2.0698106e-05
-0.00015410175
0.00013226255
-1.7628654e-05
-0.00011581132
-7.1900187e-05
-3.580589e-05
1.4369266e-05
-0.00018443567
-3.44347e-05
7.0838962e-05
-0.00012125822
-2.5346585e-05
-1.647457e-05
-0.00016600499
0.0001962314
-0.00059249711
-1.5150853e-05
0.00032095543
-0.00010779115
-8.8451798e-05
0.00021843096
0.00047791105
-6.5094125e-05
-2.7667504e-05
0.00055336263
2.5017512e-05
-0.00027067008
0.00053492608
2.3693316e-05
-0.00038238931
0.00038060576
-1.5288825e-05
-0.00028322067
-6.0063288e-05
-6.863889e-05
-5.3146185e-05
-0.00040825627
-9.0676047e-05
5.0802145e-05
-0.00033490216
-5.6445753e-05
0.00022379326
-0.00037965763
-0.00013526873
0.0003683565
2.9895586e-05
-0.00017317314
0.00038194415
0.00035389491
-0.00022478031
0.00020791712
0.00038561676
2.1209306e-06
0.00051190798
-0.00014092601
0.00044795696
-0.00029590078
0.00045046144
-0.0003890919
0.00039059691
-0.00017856588
-0.00031715741
-3.3050729e-05
-0.00016160832
-0.00013275577
-0.0004533914
-0.00010004489
3.43574e-05
-0.0005175352
-5.4153162e-05
0.00018857785
-0.00026896248
-4.9867162e-05
0.0004000451
-0.00039318543
-1.5814174e-05
0.00040779863
0.00011162389
-2.1316367e-05
0.00011753339
0.00054127189
7.400612e-07
-0.00024029895
0.00061969349
-1.9814676e-05
-0.00036864188
0.00040176203
-8.8583076e-05
-0.0002150929
-0.00028006133
-5.0031956e-05
-1.0316974e-05
-0.00049901183
-3.5966863e-05
-6.0541416e-06
-0.00014278523
0.00011179316
-0.00017497744
4.2977748e-05
-8.0736343e-05
-0.00032767278
-0.00011655727
-7.1088385e-05
-9.7323131e-05
2.5986607e-05
-3.4676167e-05
0.00039840562
-1.3020368e-05
1.5796865e-05
0.00054241223
5.7716385e-05
7.7966948e-05
0.00050684056
8.5118732e-05
0.00012320613
0.00025770215
9.9587259e-05
0.00012581537
-0.00011139959
0.00018455023
-2.6182192e-08
-0.00021395835
3.9018167e-05
-6.1924542e-05
-0.00029859955
0.00010982435
-0.000242548
-0.00026006778
1.9789275e-05
-0.00013968345
-0.00010874697
1.5398497e-05
-3.7881447e-05
0.00020914072
-0.00013650016
-3.8727637e-05
0.00032599399
6.2744017e-05
0.00049376541
0.00012157449
0.00042604974
6.7056235e-05
0.00038681971
0.00020079135
0.0002940331
-0.0001064597
0.00020114256
-7.9838915e-05
3.2532312e-05
3.4639818e-05
-0.00024100468
2.0637284e-05
2.6765576e-05
-0.00046576309
6.9110285e-05
2.8437521e-05
-0.00026542456
1.2871296e-05
-0.00019209402
-0.0001091871
0.00012796571
-0.00010853336
3.9583901e-05
0.00013283842
9.6605944e-06
0.00049971812
5.9750733e-05
2.6909457e-05
0.00063381946
1.331265e-05
7.216022e-05
0.00033379781
-4.3975722e-06
-5.8105937e-05
-0.00012031569
-2.9736903e-05
-0.00021438933
-0.00035653328
6.6514695e-06
-0.00025099685
3.7420173e-05
-0.00018023943
7.7324635e-06
-3.1237104e-05
-0.00018906411
-0.000325597
2.2758749e-05
-0.00028709377
2.4044201e-05
6.0650983e-05
-0.00017734956
0.00015552493
0.00013521988
3.4006204e-05
0.00033651695
1.5384854e-05
0.00022966306
0.00028675547
3.5433383e-05
0.00032949087
8.1074568e-05
6.2383268e-05
0.0001231821
6.6701194e-05
-3.6479009e-06
3.4095467e-05
-9.9196803e-05
3.2166069e-05
4.8116452e-06
-0.00028730866
6.9373898e-05
-0.00011021443
-0.00023148109
1.8971016e-05
-0.00021919729
-6.7764707e-05
1.139483e-05
-0.0001968335
7.845315e-05
-2.4269275e-05
-0.00016090415
0.00022055582
4.3258863e-05
0.0003363931
0.00016118997
0.00030049416
0.000234704
0.0002161779
0.0003302421
0.00015245326
-3.9157267e-05
0.00012573108
0.00012901366
9.2347304e-06
2.9879997e-05
-0.00014082607
1.8126171e-05
2.7916638e-05
-0.00045485913
6.2811397e-05
-6.5453577e-05
-0.00021461042
5.3996175e-05
-0.00024793179
0.00012756897
1.0273151e-05
-0.0002933861
0.00018047321
8.5151904e-05
-1.7042095e-05
0.00026529678
6.3973668e-05
0.0002038974
0.00037049754
-4.4414203e-06
0.00026671581
0.00016467003
0.00010484209
0.00014804996
2.163367e-05
3.1884652e-05
0.00010739686
-0.0003543151
4.2858825e-05
-0.00014613673
-5.7530899e-05
-2.8831314e-05
0.00023379113
-0.00032390714
9.400544e-05
-0.00029553724
1.6742832e-05
-0.00020512967
-4.519927e-07
4.9327167e-05
-1.9660139e-05
0.00023701416
-1.3670106e-05
0.00027860393
-1.1426485e-05
0.00034430502
4.6311701e-05
0.00030773179
0.00014269156
7.7550169e-05
0.00021208443
-0.00017973835
0.00019852547
-0.00032114972
0.0001837975
-0.00033333022
8.4235546e-05
-0.00022587413
-7.5469301e-06
0.00016125382
0.00029214754
0.00034599641
7.1738008e-05
0.00036827657
0.00012544954
0.00019988024
0.000149472
-0.00021342966
0.00014306202
-0.00041660595
0.00011531673
-0.00032941289
6.6560131e-05
-0.00025907589
5.300542e-05
-3.3858545e-05
4.9057204e-05
0.0002657565
-1.3680314e-05
0.00036443639
9.059484e-07
0.00039338305
-5.6570033e-06
0.0001206473
3.6188998e-05
0.00016304584
0.00020183279
-0.00031187832
7.3062385e-06
0.00017690844
1.8644551e-05
1.0718745e-05
0.00019188296
-5.6136865e-05
6.0570159e-06
9.4390722e-05
9.1112304e-05
3.1437575e-06
-5.4228121e-05
0.00014551373
2.4808466e-06
-0.00019883988
0.00013928763
-5.3285494e-06
-0.00026879565
6.2712962e-05
-2.8143855e-06
-0.00011626813
-0.00023877304
-6.3384977e-06
-4.6873819e-05
-0.0001056602
-2.7274357e-05
3.8817374e-05
-0.00014559266
-3.2080346e-05
0.00014675188
-0.00021089333
-2.1381234e-05
0.00018999798
-0.00020135101
-4.2559426e-06
3.3391406e-05
-1.0325895e-05
-0.00021629517
5.8570995e-05
-5.913965e-06
-0.00022549212
-0.00014217738
-4.3098715e-06
-8.4143859e-05
-0.00026060076
-1.7202978e-07
6.9687217e-05
-0.00024792048
9.8931949e-06
0.00013854474
-0.0001016819
7.828977e-06
0.00030794262
-0.00022022162
7.1357034e-06
0.00026679511
2.4342745e-05
2.6882827e-06
0.00012696959
0.00014445455
1.4930805e-06
-3.6179012e-05
0.00015449168
-1.1251403e-05
-0.00014075921
0.00010327953
-1.5167857e-05
-0.00018926942
4.0080799e-05
-2.5614479e-05
-0.00020986965
2.1515651e-05
-3.4184835e-05
-0.00031699033
-1.5503112e-05
0.00019055909
-0.0006674163
-1.0260965e-06
0.00023071248
-3.1007712e-05
-5.6519742e-06
0.00034620119
-0.00025321611
-6.8612673e-06
0.00034218308
3.6053751e-05
-6.0174595e-06
-0.00013463132
0.00064472461
2.6210352e-06
-0.00045081969
0.00047446639
4.7029165e-06
-0.00038919135
-2.2116507e-05
7.9122984e-06
-0.00013728983
-0.00057084713
1.1533676e-05
-4.6469829e-05
-0.00026673509
-2.0421152e-05
0.00010474527
-0.00033694034
-1.6313167e-05
0.00021581258
-0.00045235767
-4.8716911e-06
0.00027961673
-0.000463546
2.5217698e-05
6.5000416e-05
2.3227407e-05
-0.00038042866
0.00026805153
-7.617739e-06
-0.00030745771
-0.00036678818
-9.9684658e-06
-0.00014611457
-0.00051823271
-3.75608e-06
4.4793058e-05
-0.00049884487
5.8636079e-06
0.00013430821
-0.00025130717
1.0242962e-05
0.00040833284
-0.00051342067
3.360241e-06
0.00048331107
-7.6081713e-05
4.1298476e-06
0.00018966874
0.0004321713
6.6656279e-06
-0.000290337
0.0006092031
5.4796334e-06
-0.00030609691
2.104002e-05
9.4163524e-06
-0.00025900075
-5.4969396e-05
-2.0779169e-06
-0.00023181109
-1.8618682e-05
-2.3022175e-05
-0.00067733593
-1.4250708e-05
-0.00012771057
-0.00049707492
3.4694799e-07
5.9386158e-06
-0.00026928751
-1.1926647e-05
-0.00012280599
-0.00010519809
6.7131915e-06
-4.0075375e-05
-6.7931684e-05
8.2344611e-06
3.6327798e-05
0.00061850648
7.5313421e-06
0.00017196015
0.0004195642
4.3885724e-06
0.00030737897
-6.0172074e-05
2.2240053e-06
1.0001827e-05
-9.8715416e-05
9.7956516e-06
-8.5196565e-06
-0.00021119634
2.0008986e-06
0.00011959174
-0.00037423298
1.900559e-05
0.00010782829
-0.00043189617
1.1091221e-05
4.0356974e-05
-0.00041443845
3.3762272e-05
-6.1830709e-05
3.0687943e-05
-8.681057e-06
0.00017501098
-4.7380933e-06
-5.0124974e-05
-0.00027852464
-1.4287301e-05
-0.00010839287
-0.00043458486
-4.7426664e-06
-4.7269717e-05
-0.00049132404
4.662901e-07
-1.4105841e-05
-0.00028046879
8.8690287e-06
-0.00029645709
-0.00010376258
6.5884082e-07
-0.0001673803
-8.6398434e-05
1.407833e-05
-4.2532302e-05
0.00035580114
1.1272878e-05
-1.3059191e-05
0.0005872161
5.8265268e-06
2.6033936e-05
-8.7546585e-05
6.5095906e-05
2.9624061e-06
-0.00010306065
4.1425887e-05
0.0001441953
-0.00029613997
0.00014293988
-0.00049367977
-2.0406844e-06
-1.1995142e-05
-0.00052273138
6.4145126e-06
2.6151843e-05
-0.00027459215
-1.0083589e-05
-0.0001169551
0.00012359007
-2.5030231e-05
-0.00029090375
0.00023307694
8.1599108e-06
2.5016892e-05
0.00031154662
6.4240696e-06
0.00031342994
0.0001761673
-9.5827698e-06
0.00024940187
8.561662e-05
-1.9377357e-05
9.1215745e-05
6.9187882e-05
-1.336508e-05
9.8127859e-05
-0.00017533766
-1.0604731e-05
0.00017211511
-0.00037267175
-6.1745908e-06
0.00019986178
-0.00043367143
-7.0003912e-06
0.00019597107
-0.00041288068
1.3727773e-05
9.3680985e-05
1.619011e-05
-1.8715634e-05
0.00015888901
-4.3196406e-06
-0.00012190709
-0.0001583435
-7.7549386e-06
-0.0001338618
-0.00040069703
-3.8069429e-06
-0.00010118273
-0.00046801432
6.8226029e-06
-6.9161995e-05
-0.00026274892
4.2555541e-06
-0.00020841353
5.2057093e-05
-6.2950017e-06
-0.00028239237
6.4819979e-05
7.9122999e-06
2.5013034e-06
0.00012319819
1.1682929e-05
0.00029935414
0.00028813783
-2.2160055e-06
0.000108478
0.00021369098
-5.5193225e-06
-3.1408698e-05
7.3097458e-05
-4.3867525e-06
9.7218694e-06
-0.00033750594
4.309424e-05
-0.00052535951
-1.6129285e-05
-0.00030016112
1.1220867e-05
-0.0005083869
2.7639078e-05
-0.00039678575
2.8731756e-05
-0.00018543419
2.1273394e-05
9.2462626e-05
1.3989665e-05
0.00027383579
-1.8875966e-05
0.00036753987
-1.9513949e-05
0.0004976158
-1.457635e-05
0.00046426254
7.0715759e-07
0.00030128048
2.3947373e-06
6.3603723e-05
2.5307979e-06
-0.00017096901
5.4895537e-06
6.9475249e-06
0.0002302974
3.2962526e-07
0.00018956111
7.8423444e-06
-6.9194696e-05
7.5307759e-06
-0.00038842848
-5.7185145e-06
-0.00052110103
-1.475965e-05
-0.00039210556
-1.037826e-05
-0.00026632969
-7.9504924e-06
-8.9224097e-05
-4.8502041e-06
0.00020099159
-1.5758173e-05
0.00043634575
-2.0757232e-05
0.00054932937
-4.5543164e-05
0.00033065996
-8.2647518e-05
-3.1653706e-05
0.00020655824
-0.00030403824
0.00010295612
0.00017538549
3.7500585e-05
5.6037287e-06
0.00017936061
-2.6377076e-05
2.8724032e-05
0.00010245083
7.2289611e-05
9.3029476e-06
-4.8363875e-05
0.00014396559
9.5902595e-06
-0.00021186559
0.00014570305
1.3142511e-05
-0.00030177631
8.2732704e-05
7.528648e-06
-0.00015038646
-0.00021755717
5.8259483e-05
-6.8088384e-05
-0.00011881744
8.9642111e-06
3.7779848e-05
-0.00018477521
4.5541576e-05
0.0001557728
-0.00024144393
9.9663095e-05
0.00019815641
-0.00020281524
0.00015350193
3.388113e-05
0.00015178908
-0.00021074909
5.393506e-05
0.00014994123
-0.00021227562
-0.00015206176
0.00014849201
-6.1667696e-05
-0.00026620815
0.00011459725
8.4797459e-05
-0.00022585588
8.843145e-05
0.00012415136
-6.1406819e-05
3.1781737e-05
0.00028605794
-0.00021231385
5.6237978e-05
0.00024222923
2.1660893e-05
2.7636717e-05
9.2487887e-05
0.00014615438
6.0693762e-06
-8.6710476e-05
0.00014996955
1.7217317e-05
-0.00022091527
0.00010043956
1.8468037e-05
-0.0002210102
-6.3587567e-05
3.8216291e-05
-0.00016837139
-0.00012258487
3.3046301e-05
-0.00030426313
0.00011712915
0.00019588326
-0.00065642038
0.0001554728
0.00022894309
-1.5456338e-05
1.4245116e-05
0.00032084686
-0.00018466981
5.9527706e-05
0.00033724863
-2.1381552e-05
7.1251931e-05
-0.00012597879
0.00060952886
2.8518223e-07
-0.00044812973
0.00046586006
6.6968437e-06
-0.00038567944
-1.3170257e-05
4.1364965e-05
-0.00014260255
-0.0005311892
8.2088808e-05
-5.134218e-05
-0.00028536023
5.486126e-05
0.00011168732
-0.00040156168
3.7443801e-05
0.00022586674
-0.00049722248
0.00013672744
0.0003050522
-0.00046337575
0.00020659275
0.00011820971
0.00024395103
-0.00037162148
0.00025283074
0.00016510806
-0.00030047914
-0.00038239954
0.00014922697
-0.00013447511
-0.00053090366
9.4935407e-05
5.7345757e-05
-0.00046296391
5.1150776e-05
0.00013122953
-0.00017086236
4.5814714e-05
0.00040149153
-0.00050114806
2.1932443e-05
0.00048183748
-8.6051544e-05
3.1496323e-05
0.00019044248
0.0004338943
1.0320692e-05
-0.00030286582
0.00063700089
1.1756585e-05
-0.000399242
0.00013004269
7.6189407e-05
-0.00028357832
-0.00023972556
5.839641e-05
-0.00015326936
-0.00031810449
4.2188495e-05
-0.00062251603
0.00015073284
-0.00015905249
-0.00047372343
-2.3297505e-05
1.4360985e-05
-0.00031694433
0.00011614787
-5.8693028e-05
-0.00011934468
1.4442076e-05
-1.2355588e-05
-9.8089661e-05
3.8605132e-05
5.9704658e-05
0.00057577018
-3.0770221e-05
0.00017676597
0.0004137944
-6.0607088e-05
0.00031569273
-6.0948027e-05
-8.8924988e-05
5.1599598e-05
-9.7805201e-05
-0.00015949522
1.6691885e-05
-0.00023088284
-1.7568775e-05
0.00010585533
-0.00040236808
-6.9351457e-05
6.7681069e-05
-0.0004630192
1.5062206e-05
2.2018563e-05
-0.00040857115
2.4620184e-05
-8.7256942e-07
0.00017178879
-1.0827477e-05
0.00015673446
0.00010218567
-5.7356641e-05
-0.00031326274
-3.6894927e-05
-0.00012406602
-0.00044615656
-2.2780389e-05
-4.8583135e-05
-0.00046002566
-7.7954853e-05
4.9098318e-06
-0.00022695861
1.1472306e-05
-0.00027014299
-0.000106376
-0.00011906042
-0.0001349466
-0.00010187719
-0.00010529243
1.327951e-05
0.00034359266
-4.6651608e-05
6.539679e-05
0.00060848231
-1.7772178e-05
0.00022848762
-3.8585179e-06
3.5906282e-05
0.00014121484
-9.9253722e-05
-1.177317e-05
1.306091e-06
-9.2828049e-05
5.7572196e-05
-0.00055611123
-6.7139388e-05
-2.6653142e-05
-0.00049979204
5.9136264e-05
1.4677435e-05
-0.00035022908
-1.8129403e-05
-0.00010133192
3.3490478e-05
-6.1856026e-05
-0.00027925554
0.00020336593
-0.00011537207
2.5071234e-05
0.00027709523
7.7223989e-07
0.00030785938
0.00017660374
-5.5180257e-05
0.00024398581
8.6093844e-05
-0.00010254567
9.2757267e-05
7.6709313e-05
-3.6651056e-05
0.00010300787
-0.00018957805
-6.2160133e-05
0.00015659098
-0.00039419116
-6.7934622e-05
0.00015999649
-0.00046329153
-1.0133565e-05
0.00014723131
-0.00039154778
9.4695903e-06
0.00010326173
5.9287138e-05
-3.6242566e-05
0.00015104784
3.7609563e-05
-0.00013672617
-0.00021300843
-7.5256495e-06
-0.00013938433
-0.00041884318
-2.8462157e-05
-8.482141e-05
-0.00044019645
-6.7569534e-05
-6.2296651e-05
-0.00018125554
-6.3972291e-05
-0.00020871815
7.2987048e-05
-3.9236568e-05
-0.00028415196
6.2019492e-05
-8.0550605e-05
-6.020642e-06
0.00012397686
-4.6832606e-05
0.0002969786
0.00030106142
2.2056305e-06
0.00022927987
0.00016444065
-0.00010611976
2.4676852e-06
0.00015812292
-3.4951199e-05
-4.4682487e-05
1.9046829e-05
-2.1630453e-05
-0.00062680306
9.8800676e-06
-0.00026962469
-0.00021894647
-0.00051396526
-7.8249429e-05
-0.00043387593
-1.7867094e-05
-0.00020512752
-4.1090871e-06
5.7625401e-05
2.8331977e-05
0.00026016076
-4.4807589e-05
0.00036536463
-3.862398e-05
0.00050113282
-7.3635239e-05
0.00044481286
-0.00013255093
0.00026104756
-0.00020803113
-4.6408077e-06
-0.00019507236
-0.00020001666
-0.00019068237
-8.98074e-05
0.00022089562
-6.9518151e-05
0.00013243843
-0.00011670888
-0.0001451838
-0.00013369018
-0.00043568721
-0.00015541157
-0.00051329885
-0.00011840357
-0.00037764321
-7.3046877e-05
-0.00026866381
-5.491041e-05
-0.0001078824
-4.1654769e-05
0.00017414846
3.2723804e-06
0.00033477188
-1.6940009e-05
0.0004621463
-1.479465e-05
0.00045690568
-5.8360059e-05
-0.00020155109
-6.683924e-06
5.2056049e-05
5.7061897e-05
0.0001455964
-0.00023243728
8.2413651e-05
0.00018321366
-5.6977478e-05
4.6737069e-05
0.0001035373
0.00014259364
-5.4177223e-05
2.1189136e-05
0.00013445618
-4.3895939e-05
-8.0667784e-05
0.00013351594
-1.9921829e-05
-0.00018814528
0.00016006168
-4.5165602e-05
-0.00020175148
2.9921491e-05
4.1786138e-05
-4.6468655e-05
-0.0001873524
3.9473375e-05
0.00010712982
-0.00019916505
8.9860333e-05
0.00023551405
-0.00015384618
0.0001231297
0.00024378801
7.3434081e-05
7.2942788e-05
0.00024870732
0.000143315
3.776006e-06
6.8137062e-05
0.00017435286
8.7459237e-06
3.2832842e-05
0.00012527941
-9.0963066e-05
-1.6181353e-05
0.00013096234
-8.1313224e-05
-0.00014990064
0.00016599169
-3.1305478e-05
-0.00020433115
0.0001576203
4.8188032e-05
-0.00024853051
7.846295e-05
0.00011667757
-0.00011973371
-0.00016292347
0.0001490626
3.151098e-05
-0.00019722948
0.00013454761
0.00012969284
-0.00011023077
4.5010035e-05
0.0002285648
-0.00012202631
7.955225e-05
0.00013837991
0.00010690168
1.3361705e-05
1.8585163e-05
0.00014878426
-2.2628699e-05
-6.9925098e-05
0.00012046138
-1.5293786e-05
-0.00015391337
0.00012825691
-2.5801875e-05
-0.00012815818
-6.4929441e-05
7.6172124e-05
2.3154812e-05
-0.00022776656
0.00010784069
7.7907161e-05
6.4153867e-05
-1.2386955e-05
-1.0520007e-05
0.00023043581
0.0001861749
-0.00058519427
0.00016844025
0.00033222058
-0.0002422788
9.8783348e-05
0.00028893597
0.00036995465
-0.00011282447
1.8849945e-05
0.00057008105
-0.00016525366
-0.00029124281
0.00059714696
-0.00014684142
-0.00042722645
0.0004069117
-6.9501423e-05
-0.00032489307
-5.5277286e-05
6.4954193e-05
-2.9399079e-05
-0.00049668158
6.8696442e-05
9.5487201e-05
-0.00048559205
0.00019898452
0.0002576625
-0.00043728239
0.00025798834
0.00037322848
-7.6112475e-07
0.00016522198
0.00038098652
0.00037927987
2.2812912e-07
0.00018782564
0.0004239574
-5.6443638e-05
-1.429148e-05
0.0005317194
-0.00020432285
-0.00015050421
0.00045990426
-0.00019272917
-0.0003037901
0.0004586386
-0.000139361
-0.00039118748
0.00040400963
6.1161139e-06
-0.00032395104
-3.2296023e-05
0.00019274951
-0.0001402775
-0.00045293929
0.00020127768
2.6292177e-05
-0.00048960728
0.00017695889
0.0001982645
-0.00030655448
7.0166105e-05
0.00040257032
-0.00038038349
7.598379e-05
0.00041674402
0.00010574135
1.8482937e-05
0.0001367967
0.00053372308
-9.4670818e-05
-0.00022605864
0.00063739325
-0.00014231994
-0.00036880163
0.00042917879
-8.1989491e-05
-0.0002372156
-0.00022819253
9.007348e-05
-1.631352e-06
-0.00056987108
0.00014870876
6.2929025e-06
0.00022071575
0.00015104592
-0.00019641848
1.1555048e-05
-1.4350728e-05
-0.00035430104
5.0651292e-05
-0.00010413004
-0.00012730463
-1.0752787e-05
-5.138302e-05
0.00027798551
7.7827253e-05
1.0279895e-05
0.00054822399
-7.0576076e-05
5.5132031e-05
0.00059496112
-0.00010327339
0.00016778325
0.00029300657
-8.7671093e-05
0.00020004656
-9.4434973e-05
-0.00015260085
3.9107349e-05
-0.00024814901
-0.00010516215
-6.4131742e-05
-0.00034817239
-0.00010353204
-0.00029597807
-0.00025075031
6.0376456e-05
-0.00020012612
-0.00010206825
3.0075357e-05
-5.5675292e-05
0.00024963082
0.00015698704
-6.0984622e-05
0.00036964547
5.9621295e-05
5.7820804e-05
0.00052311644
-0.00011020244
0.00011627164
0.00043730041
-3.5846958e-05
6.4683636e-05
0.00039523243
0.00011499417
0.00018865103
0.00030251241
7.9715503e-05
0.00017944882
-7.917059e-05
1.918185e-05
3.3927016e-05
-0.00029224759
-3.7950289e-05
5.130993e-05
-0.00044548817
-0.00013945689
1.623909e-06
-0.00020505825
-4.0337919e-05
-0.00022044185
-0.00010277623
-0.00017460195
-0.00011247057
1.8560625e-05
-0.000126083
5.961504e-06
0.0004901803
-0.00012154092
4.6034962e-06
0.00065817915
-3.7200081e-05
7.7469314e-05
0.00036708311
2.5136147e-05
-4.59097e-06
-9.6886241e-05
-6.1019167e-05
-0.00020174501
-0.00028029087
-3.485396e-05
-0.00023568456
-2.6906933e-05
-0.00017949119
-2.7586251e-05
6.9795226e-05
-0.00018932595
-0.00036011255
-2.4831284e-06
-0.00028570448
-3.6690779e-05
-5.6091336e-05
-0.00023211738
0.00013341082
-2.4384483e-05
-9.3158024e-06
0.00033308846
-6.8938098e-06
0.00023620843
0.00037357774
-7.9321114e-05
0.00033315722
0.00015588556
-6.2373458e-05
0.00013362709
9.9062529e-05
-3.0618443e-05
4.5950967e-05
-0.00015302828
-6.9604746e-05
-2.1990997e-07
-0.00032646774
-4.3468406e-05
-0.00012315752
-0.0002100717
7.2125433e-05
-0.00023281436
-5.2379662e-05
6.9437855e-05
-0.0001733236
4.8118035e-05
0.00020130918
-0.00013863628
0.00019767169
0.0001372865
4.9691774e-05
0.00035289459
-1.8106164e-05
0.00015607861
0.00030929675
2.1616847e-05
0.00022665624
0.00022155593
0.0001030989
0.00031691887
0.0001550384
9.4820935e-05
0.0001182335
0.00011296125
-9.7212089e-07
2.3283397e-05
-0.0002061689
-1.9590749e-05
4.4085368e-05
-0.00044613597
-8.7723709e-05
-2.918339e-05
-0.00011274736
-8.3014442e-05
-0.00023579707
0.00016099672
-9.6395861e-05
-0.00029425445
0.00018183458
-0.0001853672
-2.4873867e-05
0.00027036103
-9.6393947e-05
0.00020207969
0.00039226166
4.1169561e-05
0.00027497629
0.00018808155
-1.4800005e-08
0.00013538013
8.4769632e-05
-7.7010908e-05
8.7763805e-05
-0.00022646964
-2.7835346e-05
-0.00014987193
1.1831255e-05
-3.8700026e-05
-0.0002078327
-0.00033926637
-0.00013779563
-0.00034767899
-4.6145256e-05
-0.00027266591
5.4288654e-05
-7.993591e-06
9.6748111e-05
0.00024946417
7.1312386e-05
0.00031345079
5.3274948e-05
0.00039681548
-5.7937411e-05
0.0002926063
-0.00018137004
3.9815584e-05
-0.00028170815
-0.00017558323
-0.00018974525
-0.0002847055
-0.00013393974
-0.00032779674
1.4018978e-06
-0.00021950233
8.9377306e-05
-4.4743489e-06
0.00013786664
0.00015340137
0.00015142105
0.00028198421
9.2973098e-05
0.00034291619
2.4588279e-05
0.00036010551
-2.0936955e-05
0.00013105815
-0.00011081172
-0.0002751729
-0.0001953165
-0.00041143758
-9.4886274e-05
-0.00032567761
2.1898616e-06
-0.00026404394
6.5290478e-05
-5.7761736e-05
2.2424045e-05
0.00024346884
9.4303455e-05
0.00033816664
7.6443739e-05
0.00038261955
2.5522075e-05
0.00016900283
-7.1212968e-05
-0.0001824202
1.6671254e-05
0.00010389465
-6.3213993e-05
3.7208517e-05
5.9717327e-05
2.2143914e-06
2.5593756e-05
0.00011469903
-5.6011765e-05
1.0978865e-05
9.4216941e-05
-0.00013243785
1.3896935e-05
0.00011917239
-0.00016533089
-1.1199862e-05
0.0001463609
-0.00014094367
-6.9719388e-05
0.00014867065
-0.00013509157
-9.9938347e-05
0.00012448799
-5.2447635e-05
4.9708889e-05
-0.00011615938
2.966599e-06
8.8072049e-05
6.9711042e-05
-1.8061323e-05
8.9305936e-05
9.869406e-05
2.1828811e-05
7.4561459e-05
0.00013357756
-4.6889761e-05
9.0816642e-05
0.00010017792
-0.00011350272
2.2001253e-05
0.0001304866
-5.3497961e-05
-9.0264455e-06
0.00012743261
-0.00018790243
-3.909957e-05
0.00012651525
-0.00017609951
-8.076814e-05
9.8103793e-05
-8.680722e-05
-8.8701945e-05
0.00011340954
-5.6749767e-05
-0.00014353172
0.00015168276
2.1472022e-05
-0.00015017448
0.00010968686
4.8448433e-05
-9.7526591e-05
6.6082574e-05
1.8677534e-05
0.00010117014
-0.00018442603
3.0278328e-05
0.00013963583
6.0861396e-05
-1.853232e-05
6.0824338e-05
0.00015126419
-5.7805819e-05
1.1369796e-05
0.00014229274
-0.00011455635
2.8703342e-05
0.00010660733
-0.00013795959
-6.4377076e-06
0.00011947166
-0.00010815303
-2.4318578e-05
0.00011984115
-2.4732622e-05
-1.2646201e-05
7.7930356e-05
1.9568951e-05
9.6400464e-05
-4.373714e-05
4.145928e-05
0.00017959697
0.0001132742
0.00011415984
6.5287394e-05
9.016962e-05
6.9466149e-05
0.00027645474
-1.8278669e-05
0.00018501402
-2.7141099e-05
-0.00010701431
8.1933743e-05
0.00031484261
-0.00025784361
-0.00011950892
0.00049511738
-0.00029415524
-0.00016849022
0.00022873521
-0.00010058469
-0.00010540168
0.00012809723
-1.7435909e-06
0.00014048063
-0.000387423
9.4077744e-05
0.00017640236
5.7976604e-05
0.00017479722
8.7433287e-05
0.00029941182
0.00014623965
-4.3368378e-05
0.00043393979
-4.3385831e-06
6.136683e-05
9.5121848e-05
-9.9450999e-05
0.00013240517
0.00016796852
-0.00016496388
-8.7376259e-05
0.00050781156
-0.00036492036
-0.00014928991
0.00025213084
-0.0002564311
-9.7004077e-05
4.7494024e-05
-0.00014103706
-0.00013659644
0.00023868036
-7.956234e-05
-0.00026648185
0.00037020986
0.0001041078
-0.00022163258
6.9321478e-05
0.00019679379
-0.00010061724
-4.569606e-05
0.00016772217
0.00025951638
-0.00049575816
2.1364604e-05
0.00038083558
5.2886415e-05
-3.7360434e-05
0.00019965703
0.00049058758
-0.00013966191
-4.1743639e-05
0.00054718859
-0.000258166
-0.00015970148
0.00032599766
-0.00024375244
-0.00012701787
0.00011230389
-0.00010750533
-0.00018270536
0.00029206716
-2.6465036e-05
-9.142638e-05
5.790072e-05
7.7459421e-05
0.00011296908
0.00011272076
7.5135295e-05
7.5109819e-05
4.0906907e-05
0.00014391522
-3.8405004e-05
8.5563765e-05
0.00020860941
2.2557375e-05
0.00017845038
0.00011593027
-2.1975395e-05
0.0001653407
0.00010852094
0.00021143895
4.0236906e-05
0.00010298755
0.00040534055
-7.963178e-06
0.00016241175
5.8768791e-05
2.2871117e-05
0.0001326205
-7.0625772e-06
1.2350191e-05
-0.00018628547
-0.00010000779
-7.3671397e-05
-0.00015809506
-2.2949926e-05
-5.0795926e-05
-9.7312836e-05
0.00018588621
0.00011311984
-0.00010040092
0.00030083092
0.00016627232
-9.3275203e-05
1.1708601e-05
0.00023327459
-3.6545228e-07
4.1885294e-05
9.27948e-05
7.193283e-05
0.00036332985
-3.8018986e-05
6.0362917e-05
0.00018094148
4.6912332e-05
4.3917417e-05
-4.112809e-05
0.0002200618
4.6214873e-05
0.00012017001
0.0001959284
5.6681579e-05
0.00024851218
0.00013041283
0.00013833604
-5.6515449e-05
6.2321676e-06
0.00018508505
-0.00013859501
-9.3306964e-05
-6.4657086e-05
-0.00017109612
-0.00011525783
-0.00010284118
-7.3753867e-05
-9.7775849e-06
-3.9077795e-05
0.00032021613
-1.9474954e-05
-0.00010217602
0.00049399612
-5.2502399e-06
-0.00012951622
0.00023611276
8.0025024e-05
-0.00017632067
5.6341359e-05
0.00012790313
-8.4937692e-05
-3.5019002e-05
0.00017468402
-4.2850699e-05
-6.8990467e-05
4.9950241e-05
1.2993352e-05
3.0218098e-05
-0.00013316716
0.00034670292
-6.8630719e-05
-0.00026794394
0.00015241064
-5.8521982e-05
-7.490028e-05
-0.00020478362
-2.1794004e-05
-8.5108659e-05
2.1932077e-05
-5.8083579e-05
-5.3072592e-05
0.00018752304
-1.5013968e-05
0.00018598891
6.1486768e-05
2.5471158e-05
0.00025794606
-7.2406429e-05
-3.1553979e-06
2.3437771e-06
0.00022146572
-3.5444705e-06
-0.00020642309
0.00011921451
-8.0060205e-05
-0.00032162645
0.00012320832
-7.4423294e-05
-0.00014162826
1.1916505e-05
6.6096948e-05
-1.4290328e-05
0.00013222802
0.00011070283
-0.00025001563
0.00035702981
9.1713312e-05
-0.00022581936
8.1320658e-05
7.3654901e-05
0.00013587741
-5.0158219e-05
3.3685164e-05
0.00026118505
4.6320898e-05
3.092982e-05
6.6366678e-05
0.0002078601
4.8929093e-05
-2.7696429e-05
0.00023999133
6.9062726e-05
0.00013648916
3.2057561e-05
5.1296906e-05
0.00013755356
-3.3374541e-05
-4.3796071e-05
6.5136099e-05
-7.5173449e-05
-7.8727825e-05
-5.7636286e-05
-0.00012997995
-1.3582552e-06
-0.00022858337
-2.3755604e-05
2.4552941e-05
-8.231405e-05
2.4336785e-06
-1.3854091e-05
6.6049079e-05
0.00023251981
1.6719217e-05
0.00011849113
0.00021756677
7.2734851e-06
6.8089831e-05
0.00011320785
-6.4799909e-06
0.0002920207
-0.00030607948
-2.9881296e-05
0.00024172861
3.394911e-05
-8.048282e-05
0.00037403808
-0.00010748486
0.00015829672
-1.9426484e-05
0.00020442899
-3.1517259e-05
-1.6208163e-05
-3.0291724e-05
-9.8956743e-05
0.00015896931
1.8295604e-05
0.00016701879
-3.8844855e-05
0.0001899396
-0.00015984049
0.00010186414
-2.1928164e-05
2.561597e-05
1.975976e-06
-8.6059678e-05
-1.8636874e-06
-0.00015466018
-0.0001180256
-6.166682e-05
-0.0001398461
2.0108794e-05
8.2397793e-05
0.00013618783
8.9255409e-05
0.00016384037
-4.6396441e-05
0.00022336029
-7.3785205e-05
0.00022513073
6.5750406e-05
0.00016129759
0.00023201565
9.8314368e-05
0.00022903184
1.4104405e-05
0.0001543778
-6.9532231e-05
3.3351955e-05
-0.00014946411
-9.8873642e-05
-9.2640641e-05
-0.00012882043
8.3810243e-06
-0.00017374961
0.00011265332
-5.2359452e-05
0.00013355369
0.00013395011
0.00012556065
0.0001120951
0.0002115066
-0.00020076865
3.2306355e-05
-0.00020890069
-2.9131813e-05
-1.7282799e-05
-0.00013876245
0.0001441967
-7.0456448e-05
-0.00021050268
0.00014587952
-7.318067e-05
-0.00018273383
2.9193583e-05
-0.00011324089
6.7140714e-05
-0.00030314841
-8.3139302e-05
8.5307966e-05
-1.4993767e-05
-0.00016869752
2.5941826e-05
7.2357437e-05
-0.00015368
0.00011247585
-0.00011833963
-0.00010577995
5.0195447e-05
0.00010670061
-9.7358089e-05
-4.4071657e-05
0.00015164345
-5.7749591e-05
-0.00013862943
0.00012562567
-5.1932104e-05
-0.0002083127
0.00012015825
-3.1258678e-05
-0.00014097231
-5.0674173e-05
-6.6220329e-05
0.00010100576
-0.00028522242
-7.5657179e-05
-3.7824554e-05
0.00016332236
-7.5494393e-05
-0.0001043363
3.0041391e-05
-0.00015320326
-1.7795233e-05
-9.8979314e-05
-0.0001626153
0.00014132172
-0.00027652769
2.6662472e-05
0.00025725034
-0.0001212311
-5.2434597e-05
0.00018549479
0.00011928347
-2.4987598e-05
0.00010081505
0.00014292903
-9.2192134e-06
3.1350297e-05
0.00013770732
-4.8976587e-05
-4.6407267e-05
0.00016591715
-5.6343074e-05
-6.5012559e-05
0.000119356
-0.00011729173
-9.8126474e-05
9.2967009e-05
-0.00011476966
-0.00013995875
7.4308536e-05
-0.00014454496
-5.2996831e-05
-7.9500947e-05
-0.00014419911
0.00016392445
-0.00024759988
-7.8310755e-05
0.00019165733
5.5690422e-05
-0.00010654914
0.00012786082
0.00015069272
-6.660157e-05
0.00014833318
-6.3997201e-05
-0.00025816151
0.00056412594
-4.8493521e-05
-0.00039403566
0.00044718095
-7.5257657e-05
-0.00026948326
-1.1849443e-05
-0.00010178805
8.7472218e-05
-0.0006983919
-6.8726289e-05
8.9108534e-05
-9.9684068e-05
-0.00017478962
1.8866408e-05
4.2756212e-05
-0.0001943119
0.00023861158
-0.00040270546
-3.5964033e-05
0.00037314847
5.5560665e-06
-3.5135946e-05
0.00010737894
0.00052390649
-1.2415787e-05
-0.0002292459
0.00064744713
-1.0399409e-05
-0.00045181473
0.00052507723
-3.6110495e-05
-0.00034003955
-0.00011376965
-5.3018282e-05
-3.0679835e-07
-0.00067273599
-5.1670171e-05
3.5907734e-05
5.8640204e-05
-9.6496238e-05
-0.00011486828
7.1029199e-05
-0.00025513214
1.3611444e-05
-0.00032145003
-0.00016244009
0.00017178856
-0.00062052723
4.4785377e-05
0.00030781427
-0.00031633766
-2.0481485e-05
0.00026226457
0.0002812388
-1.2297838e-05
-5.6714986e-06
0.00057313846
3.4520425e-05
-0.00026827585
0.00057029776
-2.2639197e-06
-0.00036213383
0.00034377302
-6.2633292e-05
-0.00016998848
4.700048e-06
-0.00011484984
-8.9040091e-05
2.9215993e-05
-0.00015685929
-0.00013548443
6.2869446e-05
-0.00020028258
-5.5893013e-05
-0.00026180352
-0.00014104129
0.00023377378
-0.00058405605
-6.0715958e-05
0.00037018284
9.9014743e-06
-0.00011708515
0.00023301708
0.00045228913
-8.6971219e-05
0.00054067605
-4.6605027e-05
2.8017269e-05
0.00053887139
3.8144182e-05
0.00016322358
0.00031622278
8.1315627e-05
0.00018242887
-4.1758502e-05
0.00018915415
-0.0002374843
-0.00014400784
3.0869801e-05
-0.0001330582
-0.00028812193
0.00012424866
7.7956826e-05
-0.00033129319
0.00015507119
-0.00012985035
-0.00027228137
0.00010025419
-8.0034295e-05
-0.00010279177
7.0881955e-05
-1.0239735e-06
0.00040555943
-3.4334673e-05
-5.7559367e-05
0.00064402302
9.1635669e-06
6.2271367e-05
0.00040938224
0.0001089841
3.8919288e-06
-6.0095551e-05
0.00017097767
-0.00038367065
-0.00013694815
8.5049357e-05
-0.00015459494
-8.5074715e-05
7.4340364e-06
0.00017473351
-0.00038343204
8.7113835e-05
0.000219711
-0.0003868361
6.7320929e-05
-2.2408323e-05
-0.00011507969
-4.3266418e-05
-0.00018067249
-8.7792726e-05
0.00012564763
-5.8793572e-05
0.0001624309
0.00012734179
-6.5840167e-05
0.00052945164
5.6965573e-05
-0.0001046635
0.00053074593
-1.4931812e-05
-6.5527157e-05
0.00022373001
-3.4351188e-05
-7.7307779e-05
-0.00012488897
0.00013159204
0.00013617556
-0.00034445249
0.00014071018
0.00031036323
-0.00024812599
0.00013155751
0.00012391696
-8.8653344e-05
9.3321113e-05
-0.00020660082
-0.00018535598
5.9720849e-05
-0.00012404048
-6.1853071e-05
0.00016387823
-2.9429499e-05
0.00033635893
7.1269469e-05
0.00050830952
3.3155135e-05
0.00017855894
0.0003110552
-1.937346e-05
0.00028492782
0.00013236271
1.8969213e-05
0.00011233161
0.00014122611
-3.2182405e-05
-1.4822936e-05
-6.5502573e-05
-9.4343057e-06
-6.5883767e-05
-0.00025088284
-1.1922252e-06
-0.00012528072
-0.0003488583
0.0001024332
-0.00022033564
-0.00020371362
2.3331766e-05
-0.0003903909
0.00012340482
-5.9685811e-05
-0.00017853194
0.00019999975
-8.6359504e-05
3.4052999e-05
0.00039959907
-4.2584298e-05
0.00019381987
0.00018313063
0.0001325817
9.5881373e-05
0.00010646847
4.2077328e-05
-0.00010172751
0.00016425491
-1.1880835e-05
-0.00010689703
3.5950206e-05
-4.2200458e-05
-4.4039949e-05
-0.00044199266
2.9388742e-05
-7.8351634e-05
-0.00036722351
4.5628941e-05
-0.00016926836
1.3173336e-05
1.1592814e-05
-0.00022533311
1.5127399e-05
2.2207345e-05
-0.00014902518
3.562895e-05
0.00010179093
7.4993787e-06
0.00030273988
2.6391116e-05
0.00019610389
0.00029498415
-3.1570579e-05
0.00028094828
0.00011825642
1.9270918e-05
0.00012978307
3.4021044e-05
1.6808114e-05
9.520854e-05
-0.00039102228
6.7290199e-05
-3.525081e-06
-0.00021521123
8.2538062e-05
-0.00020570275
0.00016066417
-3.9866368e-05
-0.00023245919
-0.0001809253
1.5845765e-05
-0.00025109162
-4.9379308e-05
-2.3722625e-05
-0.0001452204
0.00013127526
1.872964e-05
0.00029089212
-3.5287863e-05
0.00022098484
7.0643876e-05
0.00025976296
6.2067337e-05
0.00029022341
8.0473934e-05
0.00020616035
0.00017752979
-2.3322708e-05
0.000145619
-0.00031566851
0.0001334271
-0.00046741805
4.9900044e-05
-0.00033878754
2.0390263e-05
-0.00019695813
-2.7889361e-05
7.1891258e-05
-2.3910494e-05
0.00014100654
5.2348528e-05
0.00015484826
0.00011273556
0.00030883597
0.00014645506
0.00033915515
0.00016947143
-2.0783418e-05
0.00014130622
-0.0003151789
0.00015230272
-0.0002321182
9.1410239e-05
-0.00018574606
6.7069628e-05
-0.00017948664
4.3473926e-05
2.1623824e-05
3.209717e-05
0.00022050473
-5.3360884e-05
0.00030396889
-5.7848394e-05
0.00038435731
-3.7986368e-05
9.1281158e-05
1.4707181e-05
-0.00010612387
0.00011574748
2.2724167e-05
0.00015737678
-0.00014508525
0.00019839072
-0.00025558206
9.3423861e-05
-0.00020767268
5.4234067e-05
6.5936646e-05
-0.00020708931
0.00013578988
-0.00031371783
3.4579345e-05
-0.00019925566
-0.00022982999
-6.7519585e-05
-0.00021715863
6.6847374e-05
-0.000306951
0.00014973484
-0.00023909543
0.00026027953
-0.0002198111
0.00016035379
1.2668268e-06
-2.7874096e-05
0.00012725881
-0.00020640545
0.00012396324
-0.00028149821
4.2582385e-05
-9.2213715e-05
-0.00025838862
5.6652319e-05
-0.00022932607
-0.00014115642
0.00012393041
-1.5461531e-05
-0.00028197419
9.980391e-05
-0.00027894752
5.5656171e-05
7.065044e-05
0.00025041657
-0.00024978531
0.00026055285
-3.2793574e-05
0.00012984058
0.00012345303
-5.6703027e-05
0.00013812579
-0.00018155015
6.9607848e-05
-0.00014917596
-0.00014965947
-0.00015236179
-0.00011037825
-9.853581e-05
-0.00019848338
3.0449286e-05
-0.00027383612
0.00017401879
-0.00022213734
0.00028830028
-0.00022132506
0.00019816351
2.5552061e-05
0.00013471502
-0.00039166538
0.00047896174
-0.00039139204
-4.0951644e-05
-0.00018257148
-0.0005404386
-3.7929677e-05
-0.00043052673
8.9987559e-05
-0.00060965786
0.00016821472
-0.00051163449
0.00042652496
-0.00051408539
0.00047936958
-8.6713745e-05
-2.346727e-06
0.00059655932
-0.000463412
0.0005746291
-0.0004169643
-3.9975805e-05
-0.00015173497
-0.00057663622
2.27399e-05
-0.0004554711
-5.2242504e-05
0.0001024166
-2.765065e-05
-0.00056169817
7.7256021e-05
-0.00054629427
5.5564671e-05
0.00013712717
0.00031687682
-0.00053157894
0.00042747027
-0.00015568487
0.00021439636
0.00037104735
-0.00023699646
0.00058725469
-0.00039359712
0.00016357521
-0.00021194893
-0.00044615751
-0.00015703555
-0.00032215093
-0.00010809069
-0.00044771082
1.6560301e-05
-0.0005395284
0.00018997436
-0.00045626735
0.00037431215
-0.000522748
0.000374687
-6.1794004e-05
0.00046279699
0.00011876784
0.00039833809
0.00022101335
-6.1881524e-05
-7.5045814e-06
-0.00012276653
-2.5760021e-05
-0.00038140149
1.2334632e-05
-0.00052350386
6.5019829e-05
-0.00040924851
-0.0001542895
-0.00019452188
-8.393349e-05
-8.6187813e-05
-2.9274158e-05
0.00050756531
2.6121874e-05
0.00052839662
0.00019544659
-0.00010031642
-6.1407448e-05
-0.00014880451
-0.00033964254
-9.2186634e-05
-2.4076466e-05
-0.00020571542
3.5519133e-05
-0.00053417991
4.9948565e-05
-0.00049340275
0.000124739
1.9070331e-05
-0.00017159821
-0.00010959411
-7.4559737e-05
-0.00012538156
8.6211007e-05
0.00026724217
0.00010654651
0.00055198736
0.00014286236
9.2908159e-05
-7.1936505e-05
-9.9766622e-05
-4.6850384e-05
-0.00020652688
1.4620486e-05
-0.00037762419
-7.696974e-06
-0.00042388983
8.314195e-06
-0.00041255767
-0.00017926764
-0.00017128794
-0.00011104153
-5.8750642e-05
0.0003849106
0.00025756264
0.00012140199
0.00010844568
0.00010620465
-3.1321307e-05
-1.5181944e-05
1.3219298e-05
-0.0004353764
-2.7913381e-05
-0.00048356341
8.0893269e-05
-0.00041562197
-2.5444867e-05
-6.4851996e-05
-0.00030819128
0.00013687277
-8.4809897e-05
0.00019782441
0.00011811779
0.00028288464
0.00010101994
4.9363123e-05
6.3354569e-05
-6.9061791e-05
-2.3335029e-05
-1.7377845e-05
-2.2155236e-06
-0.00026903535
-1.7940812e-06
-0.00050521258
3.3874556e-05
-0.00048344243
-3.0195942e-05
9.4733657e-05
-0.0001508276
3.3244893e-05
-8.8630957e-05
-8.5787273e-05
9.8196118e-05
0.0001068062
0.0003269582
0.00029165469
0.00028413584
0.00015500142
2.8193261e-05
0.00017298405
-3.5184867e-05
-7.5858574e-05
1.6692063e-05
-0.00034696308
-5.3385682e-05
-0.00039367846
1.0777777e-05
-0.00046087537
-7.6323622e-05
-0.00010790916
-0.00023479983
0.00011845522
0.00011482291
0.00019204587
0.00036031786
0.00042560985
0.00016776323
-0.00017018118
-0.00045237607
-0.00046732803
-0.000310065
-0.00014012996
0.00011884418
0.00022055584
0.00026422962
0.00039330685
0.00029374294
-7.0163407e-05
-0.00040130311
-0.00021515921
-0.00011484469
-0.00015715805
-1.825469e-05
0.0002200391
0.00031719211
0.00045218978
0.00039103838
0.00015982278
-7.6478901e-05
-0.00033896355
-0.00035344884
-0.00018075956
)
;

boundaryField
{
    minX
    {
        type            calculated;
        value           uniform 0;
    }
    maxX
    {
        type            calculated;
        value           uniform 0;
    }
    minY
    {
        type            calculated;
        value           nonuniform List<scalar> 
292
(
6.0381957e-07
1.3455171e-06
-4.9925547e-07
5.0998366e-07
2.7000706e-06
1.8301144e-06
5.221e-07
-2.9000993e-07
1.8082014e-06
8.429831e-07
-5.5096186e-07
6.9970789e-07
-1.3259793e-07
2.6493856e-06
-3.9837295e-07
-1.2128204e-06
3.3470333e-06
-5.5328817e-08
1.2557818e-06
-1.1314967e-06
1.0308127e-06
-2.4304865e-07
-9.2502524e-07
-3.5515906e-07
1.4188272e-06
-2.6505156e-07
1.3471821e-06
-3.3542924e-07
2.6668491e-07
2.1269326e-06
2.1299695e-06
2.3018034e-06
-2.625397e-06
-7.3777042e-07
-1.7798354e-07
-1.5390262e-06
5.6289402e-07
-1.3414234e-06
3.9753155e-06
2.283254e-06
3.2361288e-06
-1.0566755e-06
-1.83346e-06
1.2549597e-07
7.6610855e-07
-2.6029626e-07
1.378179e-06
-6.5551477e-07
1.9314921e-07
3.8865145e-06
1.4864368e-06
-2.2236043e-06
-1.9973215e-06
1.1666177e-07
-2.0577356e-07
-6.7239221e-07
1.4053161e-06
-2.4225838e-07
-2.5496854e-07
2.5279553e-06
2.9784957e-06
2.5938436e-06
-4.0481705e-06
-8.8057016e-07
-2.4985857e-06
-3.1650223e-06
1.1006003e-07
-2.2515345e-07
2.4939804e-06
3.4864522e-06
-6.0301046e-07
2.4416852e-07
-1.3210555e-06
-6.2724891e-07
1.623283e-06
1.5693402e-06
1.5805045e-07
-3.5266784e-08
4.9024607e-07
1.300823e-06
2.1766966e-06
2.2367929e-06
-3.9663842e-07
1.1727766e-06
-4.8371684e-08
2.8079347e-07
1.5604129e-06
3.0189125e-06
3.3398442e-06
3.2194775e-06
1.4424129e-06
1.6649145e-06
-1.708869e-06
-2.4520307e-07
7.6692443e-07
1.285049e-06
1.2478134e-06
-1.5255096e-07
2.8028783e-06
2.6360073e-06
1.2606223e-06
1.1419204e-06
3.7701532e-07
7.6501761e-07
1.5584975e-06
2.4066525e-06
1.995341e-06
1.3729433e-06
2.6125046e-06
1.251694e-06
2.3174558e-06
8.641118e-07
-2.4555062e-07
-1.8255976e-06
1.8399508e-06
2.6737449e-06
-1.1489025e-06
9.9946964e-07
2.664352e-06
2.8837961e-06
3.0313058e-06
2.9029223e-06
-4.5729279e-07
-9.9713893e-07
1.329714e-06
2.1603115e-06
-2.2123822e-07
8.4562817e-07
5.3988184e-06
4.8028623e-06
-2.5184329e-06
-3.4238535e-06
-4.6941896e-07
-3.7913346e-06
-2.528518e-06
5.726834e-07
-2.4956071e-06
-1.6160641e-06
1.7126536e-06
2.304421e-07
-3.2450433e-07
4.8679527e-08
9.8788901e-07
5.3446461e-07
1.7711956e-06
3.076048e-06
4.0085559e-07
-3.2307018e-06
-2.5184706e-06
-1.8373924e-06
-6.3491316e-07
-1.6558342e-06
-1.0459566e-06
1.0667866e-06
-1.7876329e-06
2.7257252e-06
-1.9796986e-06
-2.1262449e-06
-9.6692366e-07
-9.3347674e-07
3.9410515e-06
1.5977434e-07
1.4432486e-06
-5.8351353e-07
-1.0374157e-06
-2.4917541e-06
1.0905126e-06
9.5883294e-07
-1.4365824e-06
-5.3793469e-07
9.8731037e-07
2.5903183e-06
-2.7947639e-06
-1.2674063e-06
-1.7551008e-06
-2.9009998e-06
8.1964853e-07
7.8641592e-07
-2.4491483e-06
-1.6474364e-06
-1.068299e-06
-2.3303121e-06
-1.2833171e-06
-2.4250137e-07
-2.1648437e-06
-4.8938803e-07
1.14574e-06
8.3093909e-07
-3.3868179e-07
-2.4299433e-06
-5.8164953e-07
-1.9599739e-06
-6.1411947e-07
-8.1900303e-07
-2.1680578e-06
2.5948907e-07
1.3314017e-06
8.5246549e-07
-1.3136689e-07
-2.8603881e-06
-5.8845402e-07
-5.5877238e-07
-1.068742e-06
-1.5067597e-06
1.5632827e-06
-1.6956255e-06
-1.0955296e-06
-1.8998441e-06
-1.1793914e-06
4.6100955e-07
-1.538184e-06
-1.1038071e-06
8.0909523e-07
-2.1424324e-06
-2.1658985e-07
1.5835218e-07
1.2777963e-06
1.3049928e-06
-1.5992732e-07
-1.2425234e-06
-1.9913035e-06
-6.4495675e-09
-1.0913103e-06
-2.0961718e-06
-8.1153295e-07
-2.6206367e-06
-3.2928496e-06
-2.7806209e-06
-2.4417864e-06
-1.2851824e-06
-2.8892544e-06
-1.2055805e-06
9.2282384e-07
-1.6655949e-06
-6.3021854e-07
-2.3145075e-08
-2.0466676e-06
-9.8933517e-07
-2.9143571e-07
-9.1055381e-07
-2.4876431e-06
1.1243097e-07
6.2846255e-07
-1.2465638e-06
-1.346029e-06
3.3834234e-07
-7.8977686e-07
7.6008551e-07
5.5998307e-07
-1.2750715e-06
-1.2214605e-06
6.5190759e-07
6.3597768e-07
1.1774436e-06
-2.122073e-06
-1.1771743e-10
-1.1601315e-06
1.2934698e-07
1.2738643e-09
-1.9794566e-06
8.3632019e-07
2.5708509e-07
1.216716e-06
-2.1594594e-06
-1.3796158e-06
4.4871693e-07
-1.7619934e-06
-1.4827965e-07
1.2184148e-06
-1.0555272e-06
-1.6067759e-06
4.9442522e-07
-2.6091629e-06
-1.1380275e-06
-1.6322321e-06
1.3896274e-06
-1.1652823e-06
2.71493e-06
1.6591954e-06
-1.3309956e-06
-7.2568894e-07
-2.0168583e-06
-5.8944896e-07
-5.1357242e-07
-1.4273475e-06
-1.7277e-06
1.3655661e-06
3.2594877e-06
-1.7770664e-06
-1.155656e-06
-2.1230481e-07
-5.4870219e-07
)
;
    }
    minZ
    {
        type            calculated;
        value           uniform 0;
    }
    maxZ
    {
        type            calculated;
        value           uniform 0;
    }
    bottomWater_to_rightSolid
    {
        type            calculated;
        value           uniform 0;
    }
    bottomWater_to_leftSolid
    {
        type            calculated;
        value           uniform 0;
    }
    bottomWater_to_heater
    {
        type            calculated;
        value           uniform 0;
    }
}


// ************************************************************************* //
