/*--------------------------------*- C++ -*----------------------------------*\
| =========                 |                                                 |
| \\      /  F ield         | OpenFOAM: The Open Source CFD Toolbox           |
|  \\    /   O peration     | Version:  v2012                                 |
|   \\  /    A nd           | Website:  www.openfoam.com                      |
|    \\/     M anipulation  |                                                 |
\*---------------------------------------------------------------------------*/
FoamFile
{
    version     2.0;
    format      ascii;
    class       volVectorField;
    location    "470/bottomWater";
    object      U;
}
// * * * * * * * * * * * * * * * * * * * * * * * * * * * * * * * * * * * * * //

dimensions      [0 1 -1 0 0 0 0];


internalField   nonuniform List<vector> 
1460
(
(-0.00014179758 -0.016487272 -0.00097660325)
(-0.00098632597 -0.014245478 -0.0018963307)
(-0.0014691824 -0.014384005 -0.00089292619)
(-0.0025173565 -0.01516387 -0.00056460063)
(-0.0027671989 -0.014709981 -7.704707e-05)
(-0.0047451053 -0.011965398 0.00079904892)
(-0.0030972942 -0.011640638 0.0011382053)
(0.00078295461 -0.012805672 0.0012603027)
(0.0020763012 -0.014650923 0.00093751731)
(0.00038111363 -0.016692164 0.00065917189)
(-0.0021507393 -0.016913753 -0.00038957397)
(-0.0034752208 -0.015718905 -0.001707113)
(-0.0018388122 -0.013327296 -0.0011533112)
(0.00099137018 -0.017460399 -0.0025295496)
(-4.9358124e-05 -0.015307573 -0.0024587464)
(-0.00042193815 -0.017007528 -0.0016387985)
(-0.00093528143 -0.015882325 -0.00048773233)
(-0.003304966 -0.013284359 0.00031529434)
(-0.0046469657 -0.012336323 0.0016195412)
(-0.0036619477 -0.012869221 0.0020207868)
(-0.0033249295 -0.013730425 0.0012846624)
(-0.0016410613 -0.013792746 0.0012649707)
(0.001903495 -0.013303001 0.00095028303)
(0.0032302617 -0.012846008 0.0014188558)
(0.0045022742 -0.015375453 0.0012470727)
(0.0036021104 -0.017604965 0.00064451435)
(0.0015309481 -0.021207839 0.00098390402)
(0.0026418601 -0.012735499 -0.00022553738)
(0.0036367717 -0.014308304 0.00014396663)
(0.00063721235 -0.017573526 1.7803896e-05)
(0.00041327299 0.018070982 -0.0019854199)
(0.0018776275 0.01629078 -0.0029758172)
(0.0007878177 0.016324797 -0.0013800645)
(-0.0035602905 0.01691102 0.00031182705)
(-0.0037699571 0.016145434 0.0011719943)
(-0.0043072172 0.012348087 0.00091290449)
(0.0024272135 0.00082678095 0.0010311035)
(0.0025845998 -0.00051506988 0.00015932669)
(0.007831053 0.01258723 0.00012634712)
(0.0057242704 0.017852895 -0.00015782981)
(-0.0024136552 0.019003303 -0.0023404818)
(-0.0042325509 0.016512651 -0.003574582)
(-0.00063102999 0.00543123 -0.0017782362)
(0.0050698684 0.017647364 -0.004017871)
(0.004682772 0.017662277 -0.0046027452)
(0.003496448 0.018756566 -0.0039286377)
(-0.0018828414 0.018135029 0.00038003935)
(-0.0045836167 0.015692154 0.0010465471)
(-0.003082358 0.0095533936 0.00094757099)
(-0.0019011158 0.0032718418 0.0016285478)
(-0.00138606 0.0073649005 0.0020707309)
(0.00080678061 0.00041970224 0.00077497984)
(0.0036992341 0.0021263393 0.00094392337)
(0.00550994 0.0027026255 0.0012453604)
(0.0073126557 0.011351185 0.0011642982)
(0.0064838615 0.018687311 0.0015142805)
(-0.0061068868 0.019950599 0.00047169634)
(-0.0029417883 0.006727653 3.9030992e-05)
(-0.00043607415 0.015080416 0.00082184479)
(0.00015033857 0.019150072 0.0026673288)
(0.0011198253 -0.011543953 0.00093517246)
(-0.00098263179 -0.008468732 0.0027610792)
(-0.0013173587 0.0015205178 0.00083245659)
(-0.0027359512 -0.0012176881 0.0014419778)
(0.0016049082 -0.010245013 0.0013865825)
(0.0051128054 -0.013633803 0.0010840815)
(0.0065214405 -0.014192552 0.00021856925)
(-0.0021256795 -0.01520462 -0.0017501575)
(-0.0047369684 -0.01360085 -0.0027115896)
(0.0022036824 0.0022411991 -4.1881641e-05)
(-0.0021379151 0.0055935779 -0.00087946407)
(0.0023248958 -0.0091973164 0.0021942898)
(-0.0014526611 -0.0166029 -0.00047834924)
(-0.0039142659 -0.015017081 0.00070814786)
(0.0027113515 0.00063365117 -0.0029779766)
(0.0014135895 0.0046524263 -0.0019014499)
(0.00072880641 0.0035422487 0.001265556)
(0.0035396605 -0.0071182635 -0.0018386177)
(0.0052220417 -0.014362135 -0.0022879561)
(0.001580738 -0.01541939 -0.0017893248)
(-0.00018600225 -0.013939246 0.0011652114)
(0.0015131516 -0.014881044 -0.0004657484)
(0.0007658686 -0.014140651 -0.0010087831)
(0.0020948539 -0.014837722 -0.0010475379)
(-0.0018338839 -0.016106627 -0.0036250243)
(0.0010814018 0.0065765907 0.00089443518)
(-0.0016639548 -0.001915973 0.0019580759)
(-0.0014335844 -0.015084825 3.9960533e-05)
(-0.004402829 -0.015399852 0.00021526019)
(0.0036645943 -0.018289277 0.00029676088)
(-0.001119879 0.011864436 0.0019265642)
(-0.00483071 0.0099229625 0.0018985315)
(-0.0045300905 0.0082979726 0.0017290823)
(-0.0034498452 0.0074319359 0.0012976805)
(0.00075537935 0.0029818139 -0.0010549508)
(-0.00062792532 0.0011461085 -0.0010559707)
(-0.00044033395 0.0072142959 -0.00087567674)
(-0.0025208093 0.010737477 -0.0010702811)
(-0.0039745504 0.0089375046 -0.0017232027)
(-0.0013304884 0.0075426221 0.00026958421)
(0.00013602088 0.0086736055 0.0025515246)
(0.0035719919 0.0049390795 0.0018302096)
(-0.00023549765 0.0093559679 6.339664e-05)
(-0.0029450574 0.0063142574 0.00030842014)
(-0.0009338379 0.0069876429 0.00081750411)
(0.00021777852 0.0096458698 0.0014070369)
(0.0018572427 0.0086158382 0.001799287)
(0.004879581 0.0089331719 -0.00041390171)
(0.0044416303 0.010087272 -0.00081797457)
(0.0027700843 0.0088532758 0.00068168264)
(0.0015418355 0.00073512221 -0.00044152647)
(0.002021163 -0.0051281647 -0.00045341614)
(0.00020017364 -0.0040970739 -0.0015045154)
(0.0035477682 0.0042021969 0.0010682625)
(-0.0019422021 0.0109901 -0.0037440296)
(0.00043752127 0.009901125 0.00058533935)
(0.0030990054 0.0096381225 0.002259301)
(0.0016157757 0.0045912582 -0.00027837601)
(-1.548031e-05 -0.0016777111 -0.0016549358)
(0.0023141128 0.012810537 -0.0044645495)
(0.00074638816 -0.0065832363 0.0014808513)
(-0.00013582522 -0.0045739066 0.0029073961)
(-0.00025498807 -0.00010856437 0.0024214106)
(0.00097598947 -0.0082237689 0.00067934856)
(-0.0020809958 -0.010149671 -0.0021012687)
(-0.0046034642 -0.0099654146 -0.0032801174)
(-0.0055513393 -0.010662132 -0.0033699882)
(-0.0042415279 -0.010834416 -0.0028542314)
(-0.0024604365 -0.0087906504 -0.0023489232)
(-0.00044552981 -0.00033012983 -0.0011060071)
(0.003770951 -0.0043343829 -0.00076329038)
(0.0017431212 -0.010180708 -0.0013305144)
(0.00021417461 -0.0093103486 0.0024784739)
(-0.0016778003 -0.011217384 0.00024471283)
(-0.0052423077 -0.0047883861 0.00051500215)
(-0.0019127193 0.0011947402 0.00088131966)
(0.00055664002 -0.0014359452 0.00074830418)
(0.002349985 -0.006386474 -0.0017229952)
(0.0040793029 -0.0084447744 -0.0020907248)
(0.0058662276 -0.0099055532 -0.0025672414)
(0.0057246999 -0.010461185 -0.0033065269)
(0.0024392162 -0.010291129 -0.0027072672)
(-0.0049839331 -0.0097830036 -0.0032703962)
(-0.005390697 -0.007890391 -0.0032951987)
(-0.0036358292 -0.0042175257 -0.0023663061)
(0.0013370014 0.0022772263 -0.00052787663)
(0.0043769602 -0.0018292924 -0.00024924052)
(0.0060580293 -0.0080386372 -0.00062880388)
(-0.00014142952 -0.011546812 -0.0018507877)
(-0.0035856693 -0.0081206433 -0.0022258743)
(-0.0020286259 -0.016941205 -0.0022751752)
(0.00020884451 -0.0096965249 -0.0011597802)
(0.0017146766 -0.011922729 -0.0027148967)
(-0.00069466036 -0.014804458 -0.001925152)
(-0.00065674009 -0.01555328 -0.0021423326)
(-0.0038390029 -0.012462058 -0.00095104801)
(-0.0025961144 -0.011505384 -0.00047214808)
(0.00052210891 -0.012544821 0.0019571683)
(0.00015367095 -0.016396259 0.00084972302)
(-0.0016910954 -0.01649579 0.00064213545)
(-0.0039477846 -0.01398394 -0.00052881993)
(-0.0033253495 -0.011839334 -0.0013077482)
(-0.0012549438 -0.012407387 -0.00038440514)
(0.00077060252 -0.012850973 -0.0024245096)
(0.0017618863 -0.013996647 -0.0019618383)
(0.0016516502 -0.016295347 -0.0029692435)
(0.00046708425 -0.016501196 -0.0023508599)
(-0.0015697381 -0.017304432 -0.0011093909)
(-0.0037459033 -0.014084673 0.0011564505)
(-0.0050571552 -0.013883438 0.002236809)
(-0.0040753891 -0.012406685 0.0021470759)
(-0.0018970566 -0.012794105 0.0014443834)
(0.0022238322 -0.012280331 0.0018421831)
(0.0024276721 -0.016602221 0.0016802735)
(0.0020053295 -0.018913339 0.00074416106)
(0.00098696285 -0.020773151 -0.00056821311)
(-0.00064692243 -0.019283429 -0.00088440864)
(0.0024268922 -0.011093726 0.00037439866)
(0.0042524097 -0.013722914 0.00019872049)
(1.2181046e-05 -0.016746802 0.00018167149)
(-0.0015652448 0.018299291 -0.0019974389)
(0.00063825119 4.0590769e-05 0.0014844723)
(0.0040238962 0.012865402 -0.0023400584)
(0.0027028312 0.016508742 -0.0025427703)
(-0.0011358746 0.017707836 -0.0020968858)
(-0.0047789151 0.015266452 -0.0019347645)
(0.0026656024 0.0032750837 0.00025839792)
(0.0032329908 0.0064786972 0.0013217752)
(0.0063551175 0.016802618 0.0011264927)
(-0.005204433 0.018455722 -0.00084909865)
(-0.0059819833 0.015178293 -0.0017421537)
(-0.0026265289 0.0048681568 -0.0002306589)
(-0.00024915059 0.0049556422 -0.0013765443)
(0.0029648808 0.0062507262 -0.002117408)
(0.0050515272 0.0094089723 -0.0027809596)
(0.0070484395 0.016329441 -0.0045907456)
(0.0060436879 0.01862305 -0.0039293595)
(0.00040003465 0.019173849 -0.00015011715)
(-0.0049304755 0.016647993 0.0042901036)
(-0.0056561056 0.01397533 0.0051335994)
(-0.0024236574 0.003653343 0.0023013471)
(0.00071399384 0.002551182 0.001707553)
(0.004753038 0.0028403319 0.0022375338)
(0.0083656645 0.015096391 0.0042431745)
(0.0076183112 0.019682474 0.0036242948)
(-0.0014975401 0.021736768 -0.0011806415)
(-0.0062577674 0.016933363 -0.0021572223)
(-0.0024808651 0.00054505146 0.00077261471)
(0.0035874733 0.016266876 0.0011983494)
(0.002377265 0.018838566 0.002501569)
(0.0044137852 -0.015469338 0.0026022162)
(-0.0012719569 -0.013732168 0.0042224207)
(-0.0045602158 -0.0099502544 0.0027854513)
(0.00060114723 -0.00030779818 -0.0007114206)
(0.00080298656 0.0037105216 -0.0010961863)
(0.0035048157 -0.0074957892 -0.0012958831)
(0.0049677894 -0.014071827 -0.0014653642)
(-0.0041893723 -0.014085142 -0.0030162882)
(0.0016671521 0.00047700138 -0.0011061101)
(-0.0032754131 0.0062840053 -0.00013008251)
(0.0038642791 -0.01188801 0.0044421839)
(0.0001691648 -0.014147413 0.0052745582)
(-0.00063123345 -0.013549056 0.00057465347)
(0.0007434555 -0.014077577 0.0010496025)
(0.0021634377 -0.015967857 0.001757568)
(-0.0027008987 -0.015412239 0.0048907591)
(0.0023598087 0.0045320418 -0.0019132124)
(0.00084131681 0.0062267719 -0.00096909996)
(0.00116933 0.00028257282 -0.00051289812)
(0.0035424313 -0.01374767 -0.0027113711)
(0.0010390867 -0.015515217 -0.00054744264)
(-0.00028763263 -0.014228759 -0.00084481775)
(0.00084228398 -0.014427654 -0.00062846301)
(-0.0017073195 -0.013988943 -0.0049495697)
(0.0036926523 0.004920097 0.0011043267)
(-0.0009454366 0.0098516562 -0.00025419983)
(0.0031719953 -0.011347997 0.0039678228)
(-0.0014095309 -0.015203459 0.002232)
(-0.005507923 -0.013757236 0.0047064798)
(0.0020126766 0.00070603155 0.0030125057)
(-0.0023521258 0.01228673 0.0025063768)
(-0.0048865867 0.0092260267 0.0023143414)
(-0.0053097716 0.006451965 0.0025033241)
(-0.0037046182 0.003854664 0.001728462)
(0.0027982488 0.0086797618 0.00025992939)
(0.0051346534 0.0091258438 0.002235138)
(0.0037950291 0.010258751 0.0021252845)
(-0.0030617068 0.0091656283 0.0017327674)
(-0.0014359831 0.0069961722 -0.0023954333)
(0.0002854342 0.0088764804 0.00039975253)
(0.0044123669 0.010254132 0.0048984722)
(-0.0013105515 0.0092230124 0.0041116733)
(0.0024447025 -0.0014821381 0.0015703762)
(-0.00082640012 -0.0022788742 0.00079074196)
(0.0029862988 0.0090874714 0.0036325505)
(-0.004611013 0.010975549 0.0039351937)
(-0.002185901 0.0078860543 0.0013681374)
(0.001350176 0.010075889 -0.00069925846)
(0.0040167549 0.0071168829 -0.0013808176)
(0.0050514665 0.0090915946 -0.0017373102)
(0.00068387027 0.0086424052 0.0024574325)
(0.0018930719 -0.0028356479 -0.00079892506)
(0.0013201865 -0.00044455992 -0.00043150039)
(-0.0017746866 0.010971019 -0.0041941707)
(-0.00074461153 0.0092667174 -0.0010293951)
(0.0021118787 0.011596574 0.0018413242)
(0.0050618178 0.012264232 0.0017890599)
(-0.00091796936 0.0061690604 0.00070033035)
(-0.0021793184 0.0041148169 0.00088191986)
(-0.00022779413 0.0079172512 -0.000145165)
(0.0012083839 -0.0024835535 0.0029728543)
(0.002538006 -0.00738631 0.0039338826)
(0.0021782286 -0.0085777624 0.0041737832)
(-0.0017014485 -0.0094735395 0.0010015866)
(-0.0035010423 -0.0076948449 -0.00078904668)
(-0.003698281 -0.0061920454 -0.002278457)
(-0.0029995732 -0.0044208919 -0.0024132384)
(-0.0029352822 -0.0052752786 -0.0025599673)
(-0.0018366167 -0.0016582062 -0.0031063812)
(0.00054722154 0.0022723404 -0.00052125419)
(0.0045267068 -0.0025332975 0.0012823646)
(0.0053749162 -0.00711952 2.4363019e-05)
(0.0052590542 -0.0098656537 0.0013066108)
(-0.0046283457 -0.0097939437 0.0014257784)
(-0.0064358968 -0.0069539015 0.0016366612)
(-0.0047410004 -0.0030732338 0.00161012)
(-0.002826481 -0.00045953292 0.00046778806)
(0.00097754317 0.0027162962 -0.00063678649)
(0.0035994381 -0.0012583933 -0.0021491743)
(0.0048715563 -0.0037182253 -0.0023134716)
(0.0058604717 -0.0083349336 -0.0034069625)
(0.0032531877 -0.01031485 -0.0032678111)
(-0.005531607 -0.0078036161 -0.0037701047)
(-0.0040598212 -0.003220032 -0.0034540989)
(-0.0024808537 0.0013325417 -0.0014711698)
(0.002163175 0.0042599135 0.0015046681)
(0.0055743655 0.0003198013 0.0015048919)
(0.0071047831 -0.0063031253 0.0014554526)
(0.0018822628 -0.011816021 -0.0012420616)
(-0.0022252466 -0.003453562 0.0003118741)
(-0.002228764 -0.01833648 -0.0017444564)
(-0.00050166821 -0.012101763 0.00021061467)
(0.0024790041 -0.010774829 -0.0020771819)
(0.00214476 -0.012558951 -0.0025289869)
(0.0011177523 -0.015340354 -0.0024307823)
(-0.0032364506 -0.01306263 -0.0017894552)
(-0.0016758614 -0.011024087 0.0004527499)
(0.00064131152 -0.016783326 0.002692306)
(-0.0019357326 -0.017723201 0.0014075379)
(-0.0040559265 -0.015790934 0.00035894793)
(-0.0051395188 -0.014170191 -0.00087179003)
(-0.0026224498 -0.013547048 -0.0011003966)
(-0.00070170829 -0.013716153 -0.00087166332)
(0.00040799945 -0.014711165 -0.0022496046)
(0.00037812667 -0.015418204 -0.001273134)
(0.0010701196 -0.013308058 -0.0016922183)
(0.0020315852 -0.01550067 -0.00182313)
(0.0004095838 -0.018303073 -0.00045661367)
(-0.0020785603 -0.017706339 0.0004146436)
(-0.0033284595 -0.015361652 0.0013110875)
(-0.0045678185 -0.013993754 0.0022200226)
(-0.0021421404 -0.011632118 0.0008446355)
(0.00069681393 -0.013381634 0.00140197)
(-0.0001165886 -0.02010982 0.0013606272)
(-0.0013535983 -0.020260278 -0.00063209332)
(-0.0013094619 -0.018760717 -0.00066237072)
(-0.001207719 -0.011877784 -0.00060311919)
(0.0027778985 -0.011313233 -0.0005724523)
(0.003911943 -0.014250067 -0.0014685236)
(0.00096588156 -0.015940371 -0.00098973877)
(-0.0044692626 0.01814733 0.0022454413)
(-0.00022265041 -0.00025024749 0.0014074564)
(0.00072811398 0.0028999258 -0.00076307021)
(0.0038680597 0.012787161 -0.0029211533)
(0.0022279918 0.016914305 -0.0035903287)
(-0.0018004477 0.015595781 -0.0026656169)
(0.0041465007 -9.3148791e-05 -0.00078911754)
(0.0069470111 0.014441354 0.0021047699)
(0.0036779426 0.019078619 0.0011367837)
(-0.0074533471 0.016908572 -0.0018772251)
(-0.006017764 0.0097913348 -0.0027468512)
(-0.0026301502 0.00015248209 -0.0019610079)
(0.00016563585 0.007189453 -0.0020426237)
(0.0017886441 0.0090010589 -0.0031000867)
(0.0029117473 0.01263534 -0.003460356)
(0.0030793434 0.00432013 -0.0021469851)
(0.0067346053 0.014589369 -0.0045714673)
(0.0058277058 0.019320533 -0.0035853398)
(-0.0020668361 0.01935469 0.0016511525)
(-0.0053329115 0.017630145 0.0036345779)
(-0.0044829452 0.014245375 0.0034903192)
(0.00095432295 -4.6755823e-06 0.00082662971)
(0.0038890085 0.01009491 0.00059428888)
(0.0042853421 0.020405157 0.00016959369)
(-0.0062318653 0.02070669 -0.0053281937)
(-0.0070271883 0.017003077 -0.0047912743)
(-0.0032031206 0.0025543829 -0.0012831031)
(-0.00043415629 0.00041825568 -0.00079987007)
(0.0047928278 0.014989516 -0.00067115829)
(0.0042378514 0.018151114 -0.00034753507)
(0.0035838238 -0.014345348 3.2040919e-05)
(-0.00065243229 -0.014219443 0.0011959938)
(-0.0045281485 -0.012817364 0.0029786596)
(-0.0027465317 -0.0131952 0.0029998448)
(0.0017575825 -0.0058787314 -0.00034083322)
(0.0051342375 -0.013387469 -0.0013812782)
(0.0036064099 -0.016125116 -0.0026855594)
(-0.0043798392 -0.01359305 -0.004282405)
(0.0027196051 0.0076836847 -0.00031803173)
(-0.003691812 0.0038836939 -0.0013058576)
(0.0050197005 -0.014959281 -0.0021180888)
(-0.0012658284 -0.015416533 -0.00088835038)
(-0.003200512 -0.01350942 -0.0010277334)
(-0.00096991928 -0.014153963 -0.00049761505)
(0.0028717851 -0.015120934 -0.0021223107)
(-0.0016451128 -0.016849106 0.0015298853)
(-0.0050476469 -0.014394495 0.0016521629)
(0.00016756198 0.0015254769 -0.0016465879)
(-0.00052329174 0.007763324 8.5174891e-05)
(-0.00079554613 0.0026583515 0.00038600048)
(0.0031205256 -0.014798793 -0.0047437525)
(0.00084687682 -0.015116616 -0.0018091917)
(-0.0034785898 -0.013426367 -0.0037618598)
(0.0025766296 0.0066244982 -0.0012310697)
(-0.003835804 0.0073525071 -0.0034220177)
(0.0042894489 -0.015844505 0.0030154615)
(0.00014458624 -0.014776121 0.0023088876)
(-0.0020189317 -0.014360215 0.0012135267)
(-0.0051436897 -0.015569696 0.0038032813)
(0.0021813872 0.0035669853 0.0006366521)
(0.00061406663 0.01330494 -0.00085420764)
(-0.0027946349 0.0093149208 0.00039641618)
(-0.0012947274 0.00052775215 0.0028335103)
(-0.0019293193 -0.0014052662 0.0026510296)
(0.000874156 0.0042404967 0.0018328077)
(0.0027289086 0.010966347 -5.6851709e-05)
(0.0015063515 0.010724979 0.001315621)
(-0.0039443376 0.011026271 -0.0013207366)
(-0.00026702884 0.009676554 -0.00029500738)
(0.0006392511 0.0077149845 -0.0001366131)
(0.0047968002 0.0097828532 -0.00090055331)
(-0.00037207944 0.011557534 -0.0012766862)
(0.00090070376 0.0032115301 -0.0011323459)
(-0.00017870232 -0.004185336 -0.00093535142)
(0.0015294004 0.0080433221 -0.0011745092)
(-0.0026521183 0.012334245 0.00036486799)
(-0.0053410596 0.010176706 0.0016916762)
(-0.0037216871 0.0083103383 0.00033706043)
(-0.00072804089 0.011223934 -0.00052793587)
(0.0026261005 0.0077469332 -0.0019452184)
(0.0023030341 0.0092107978 -0.0022726908)
(0.0011389073 0.00089802702 -0.00081349336)
(-0.0021575297 0.0049450664 -2.526255e-05)
(0.00018450925 0.0095081611 -0.0029945581)
(0.001219917 0.010090491 -0.00078171415)
(0.0054313875 0.012085599 0.0030395869)
(-0.004031955 0.0068172472 -0.00064672735)
(-0.00032858567 -0.00038225036 0.00096330494)
(-0.0047320932 0.010658995 -5.7806999e-05)
(-0.00096915411 0.008431339 0.00054583338)
(0.001476899 -0.0065539806 0.0051936678)
(0.0031020844 -0.008720247 0.0048999161)
(0.0032799304 -0.0099960852 0.0047251148)
(-0.0022679232 -0.010592364 0.0017510158)
(-0.0058275165 -0.0082326952 0.00046806474)
(-0.0053094693 -0.0052164155 0.00025636032)
(-0.0033899828 -0.0028382894 0.00030612637)
(-0.0030791862 -0.0032630775 -0.0006210646)
(-7.6872518e-05 0.0029427826 -0.00097395165)
(0.0019980274 0.00051582817 0.00065774739)
(0.0037742651 -0.0057310295 0.00013250175)
(0.0040993559 -0.0049321519 0.00012171183)
(0.006289704 -0.0091575598 0.0013744578)
(-0.0017324966 -0.010475923 0.0017328149)
(-0.0071399212 -0.0085421423 0.0032103472)
(-0.0049700462 -0.0043157026 0.0021671135)
(-0.0040879163 -0.0048372528 0.0015868513)
(-0.003437052 -7.5412072e-06 0.0011323714)
(2.1494858e-05 0.0050553401 -0.0004495374)
(0.003272708 0.0016472398 -0.0012725971)
(0.0037718448 -0.0060101943 -0.0012832878)
(0.0012294565 -0.008871536 -0.0027003751)
(-0.0037260006 -0.0069505744 -0.003265102)
(-0.0021685944 0.0012811028 -0.0018866782)
(0.00098077963 0.0031387595 0.00060412378)
(0.0047028148 -2.8995152e-05 0.0040007317)
(0.006487334 -0.0055308748 0.0048555381)
(0.0032812532 -0.010446717 0.003985491)
(-0.0042750312 -0.011462757 0.0016605723)
(-0.00068840627 -0.00092039456 0.001487995)
(-0.0020203442 -0.015990581 0.00063505041)
(-0.0018162276 -0.011617763 0.0020529557)
(0.00010925339 -0.012379001 -0.00046613249)
(0.0021544266 -0.011472824 -0.00025519203)
(0.0022038515 -0.011396798 0.00023095958)
(0.0023874073 -0.011964084 -0.00086944908)
(0.0010169102 -0.014832194 0.0016298046)
(-4.8091934e-05 -0.016509152 0.0030476561)
(-0.0024794531 -0.01701376 0.0020058883)
(-0.0044267652 -0.015636982 0.0010451561)
(-0.0054565624 -0.015113045 0.0013821832)
(-0.0047303321 -0.012150787 0.0021516584)
(-0.0038269206 -0.012154126 0.0012088192)
(-0.00093831689 -0.013216836 -0.00057096992)
(0.0014573751 -0.01352929 -9.7241415e-05)
(0.0010119906 -0.015775176 0.00021035138)
(0.0022532361 -0.012634287 -0.0015014887)
(0.0024355182 -0.015421172 -0.00016872383)
(-0.001322452 -0.017497186 0.00091724612)
(-0.0015829883 -0.016715587 -0.0016927529)
(-0.0037657957 -0.014112816 -0.00052861561)
(-0.0028354266 -0.013031101 0.0014640995)
(-0.0020532911 -0.021336447 0.0013081278)
(-0.0037882845 -0.01799851 0.00049945669)
(-0.0038087161 -0.015018899 -0.00095615109)
(-0.0021682914 -0.013698575 -0.00108422)
(-0.0015885952 -0.013374326 0.00011163336)
(0.0018072194 -0.012771372 0.0009729553)
(0.0037014637 -0.012652389 0.00048887865)
(0.0021487695 -0.015751766 0.00022498843)
(-0.0039845039 0.016716338 0.0042258052)
(-0.0012703942 0.0049341446 0.0032224715)
(-0.00018145237 0.0016914612 0.0014712859)
(0.0029275177 0.0030376412 0.0012773929)
(0.0036759287 0.005435123 0.0012376453)
(0.0048838898 0.0087893558 0.00044806965)
(0.0063915697 0.015262848 0.0016461284)
(0.0064231725 0.017996314 0.0021645028)
(0.00038551965 0.018705717 -2.5184619e-05)
(-0.0065700079 0.016998135 -0.0022142536)
(-0.0062321701 0.013130327 -0.001752892)
(-0.0040083232 0.0031999844 -0.00037239353)
(-0.0026204978 0.00035456742 -0.00032447899)
(0.00012231043 -0.00014463899 -0.0002508217)
(0.0016283749 0.0082825492 0.0011131863)
(0.0039136838 0.011276141 -0.00034662135)
(0.0031658941 0.0054723881 -0.0027524388)
(0.006348518 0.016204483 -0.0029428104)
(0.0028524026 0.019082955 -0.0021382663)
(-0.0017391233 0.017966274 -0.0039257733)
(-0.0023682684 0.016375374 -0.0013663258)
(0.0017342595 0.0058283615 0.0021489561)
(0.0036561433 0.020779465 0.0028717287)
(-0.0061142381 0.01879693 -0.0041895737)
(-0.005584096 0.010771142 -0.0040150535)
(-0.0045706072 0.0076291253 -0.0038424598)
(-0.0022827418 0.0062609903 -0.00074315072)
(0.00075342021 -0.0010512349 0.0015647667)
(0.0031630253 0.0075030637 0.0016202069)
(0.0043943406 0.017057888 0.0011323298)
(0.0011692861 -0.0058741087 0.0013819265)
(0.0043225571 -0.012444018 -0.00053237346)
(0.00072665429 -0.013122774 0.002025796)
(6.2985925e-05 -0.013203711 0.0015359844)
(0.00064216706 -0.013075253 -0.00082870572)
(0.0016776719 -0.013344239 -0.0039228856)
(0.00030408554 -0.015073236 -0.0050807122)
(0.0020539306 0.00068110712 -0.0002903016)
(0.0013520157 0.0069029763 -8.8796884e-05)
(-0.00026657625 0.00075803777 -0.00095598475)
(0.0041564963 -0.015033512 -0.0029893337)
(-0.0016644154 -0.014957719 -0.0036866289)
(-0.0013519787 -0.013952245 -0.0014907084)
(-0.0013149575 -0.014556158 0.0011871665)
(-0.0011700809 -0.013623901 0.0026647762)
(0.0035457925 -0.015676019 0.00010219643)
(-0.0031641814 -0.016186112 -0.0015700832)
(-0.0042928606 -0.012471456 -0.003215454)
(0.00079395111 0.0030462232 -0.0012178657)
(-0.0014280779 -0.00092666924 -0.0030728085)
(0.00419279 -0.01003375 -0.00020993141)
(0.0015444256 -0.014343083 -0.0010992206)
(0.00073419503 -0.0066384953 -0.00062243196)
(-0.00062535354 0.0050077074 -0.0027615035)
(0.00016880287 -0.016203413 0.00093641986)
(-0.0037042068 -0.014323864 -0.0020089721)
(-8.0571806e-05 -0.013654185 0.00088373724)
(-0.00090560765 -0.014865585 0.0019971794)
(-0.0033542124 -0.014508276 0.0019497954)
(0.0011368059 -0.0033436225 0.0011768685)
(0.0012212255 0.0041172045 -0.0011926183)
(0.0019527534 0.0042790099 0.00079255858)
(0.0013691175 0.0050504558 0.0014750652)
(0.0012987775 0.0010089112 0.00060520961)
(0.00015996348 -0.0011195192 -0.0024313787)
(0.001918671 0.0048829307 -0.0041154968)
(-0.0014594931 0.010919742 -0.0036917022)
(-0.0021513367 0.0077874974 -0.0027970686)
(0.00088857521 0.010727656 0.00059098037)
(0.0029372055 0.0074319485 0.00093259162)
(0.0036492436 0.011062508 -0.0012846787)
(-0.0022908336 0.0091287339 -0.00087555804)
(0.0013898631 -0.0051724446 0.00014622781)
(-0.0010196968 -0.0052621598 0.00028903119)
(-0.0007815429 -0.0023073387 0.0026264312)
(0.00095305096 0.010257645 0.00016310666)
(-0.0025198989 0.011098264 -0.0030022134)
(-0.0045741046 0.0094643314 -0.0021746267)
(-0.0023023745 0.0080948271 -0.00059933194)
(0.0007283025 0.0070111681 -0.0018615886)
(0.0033355973 0.0024135647 -0.0006252236)
(0.0036894822 0.005041099 0.00031952919)
(0.00067955634 0.010760152 -0.0017681062)
(0.0013029265 0.0093371994 0.00091721744)
(0.0024188731 0.010181442 0.00074463457)
(-0.0035918373 0.0046272772 -0.0029386775)
(-0.00064384881 -0.0021328171 0.0011592044)
(-0.0013028182 -0.0042743457 0.0019389124)
(-0.0016377754 0.00327177 0.0011058101)
(-0.0010808845 0.0080519151 0.0010032646)
(0.00068544949 -0.0096220761 0.0020227204)
(0.0012611285 -0.01056405 0.0012703662)
(0.0021167916 -0.0098352388 -0.0011868595)
(0.0019873358 -0.009192669 -0.0028883135)
(-0.0024336872 -0.0093550437 -0.0018124765)
(-0.0058735953 -0.0076165649 0.00026540099)
(-0.0042343911 -0.0034731653 0.00066113557)
(-0.0033047267 -0.0013814911 0.0011689472)
(0.00018996399 0.0037893646 0.0020649256)
(0.0030844761 -0.001854429 0.0031315157)
(0.0044998661 -0.0079601854 0.0020897591)
(0.0067485424 -0.010890925 0.0016755255)
(0.0056379235 -0.011306898 0.00081108116)
(-0.0021716861 -0.010137012 0.0024048249)
(-0.006644332 -0.010630606 0.0043994981)
(-0.0068988472 -0.010993399 0.0036236833)
(-0.0046158753 -0.0098091679 0.0029473609)
(-0.0030796229 -0.0063989829 0.0034675538)
(-0.0011417077 -0.0005763732 0.0038255122)
(0.0032107398 -0.0060327679 0.004201733)
(-0.00018709033 -0.011110872 0.00054359121)
(-0.0036597134 -0.0065044849 -0.0030868914)
(-0.0012971195 0.00011651839 -0.0024567664)
(0.0015244542 0.0013772648 0.00051273713)
(0.0040450761 -0.0022702932 0.0026437354)
(0.0054298284 -0.005582395 0.0043562547)
(0.0052609166 -0.0089434492 0.0046453976)
(0.00058678464 -0.011021557 0.0032567148)
(-0.0038115951 -0.0097697509 0.0015151165)
(-0.001940689 -0.0034188639 0.001050132)
(-0.00098126534 -0.015974003 0.0011896562)
(-0.0028249836 -0.014502416 0.0021413326)
(1.3694997e-05 -0.011582309 0.0014003483)
(0.002890403 -0.016550951 0.0012974673)
(0.0016941584 -0.015742426 0.0017388467)
(0.00020523692 -0.015426271 0.0012630066)
(-0.0013085261 -0.01610817 0.0023945423)
(-0.0009304395 -0.016201201 0.0035120081)
(-0.0025824818 -0.014407101 0.0026102858)
(-0.0026961737 -0.010625601 0.0011126717)
(0.0010153731 -0.011639025 0.0006874272)
(0.0021120136 -0.015774453 0.0032631768)
(-0.00086933305 -0.014336414 0.0045400155)
(-0.00089796766 -0.016276152 0.0014569365)
(-0.0038716168 -0.013747587 0.0010882858)
(-0.0022459595 -0.011299871 -0.00089615911)
(0.00026392941 -0.012138855 -0.00038940419)
(-0.00077685731 -0.019718788 0.0025255757)
(-0.0023063794 -0.019993779 0.001487028)
(-0.0041634646 -0.017283185 0.00018918323)
(-0.0037320696 -0.012794812 -0.00058821178)
(-0.0019673438 -0.013138131 -0.00067208504)
(-0.00018251712 -0.013413508 -0.00068609782)
(0.0030437113 -0.012522658 0.0023981561)
(0.0039451521 -0.01513212 0.0024104353)
(0.0018766647 -0.016358337 0.0019392419)
(-0.0038158859 0.017517481 0.0042848557)
(-0.0047013783 0.014126938 0.0044620907)
(-0.00073179289 -0.00021102123 0.00069898318)
(0.0052739744 0.016277864 0.0014940199)
(0.0046341227 0.01763137 0.0012632091)
(0.0031699027 0.017104253 0.00023441739)
(0.0025934607 0.018055032 -2.1476871e-05)
(0.00088590227 0.018374222 -0.0010291797)
(-0.0030704148 0.016379866 -0.00081328973)
(-0.00098086899 0.0058543006 -0.0020241892)
(0.00024417455 0.0015707899 -0.0022508958)
(0.00139071 0.017015127 0.0036052062)
(-0.0024429552 0.015498331 0.0037311493)
(-0.0005315631 0.018044109 -0.00090767264)
(-0.0035612073 0.014575601 -0.0022665296)
(0.0017243641 -0.00073877861 -9.4365068e-05)
(0.0026421574 0.0033178854 0.00047607612)
(0.0059074458 0.018339525 0.0018751805)
(-0.0043688621 0.021232923 -0.00011148506)
(-0.0072484429 0.016678416 -0.0032483043)
(-0.0047194812 0.0053249347 -0.0023044777)
(-0.0024961669 0.0037834281 -0.0013935863)
(-0.00042158753 0.0039002431 -0.00054558789)
(0.0028181205 0.0025065563 0.0027057595)
(0.0056313865 0.014535419 0.0036265532)
(0.0050508064 0.018295543 0.0029394197)
(-0.0015825366 0.0024949093 0.0015472137)
(0.0049809796 -0.01209019 -0.0024133855)
(4.0552485e-05 -0.015230515 -0.0019668506)
(-0.0046317985 -0.015480146 -0.00099408854)
(0.0016472908 -7.6470095e-05 -0.001059931)
(0.0011027471 -0.0065155402 -0.00091986798)
(0.0037652851 -0.0030628127 -0.0008315997)
(0.0017846213 0.0029097708 -0.00027045507)
(0.001875826 -0.0050458626 0.00096891416)
(0.0035657237 -0.012868465 -0.00028799424)
(0.0006466224 -0.014037597 -0.0027744546)
(-0.0034353061 -0.01127609 -0.0036752063)
(-0.0010426482 -0.012886023 -0.0029635945)
(0.00062796429 -0.0084741703 -0.0022288061)
(0.0041936995 -0.015015967 0.00036191597)
(0.0041138539 -0.014667447 0.0012363079)
(-0.0019909868 -0.014815734 0.00026813148)
(-0.0014431786 -0.0032640982 0.00012056363)
(-0.0020778841 0.0079203436 0.0021443776)
(0.00042067019 -0.016922979 0.0020969319)
(-0.0023627111 -0.014438512 -0.0025069622)
(-0.00075371442 -0.01410135 -0.00059876156)
(-0.0013498475 -0.014570782 0.00024877894)
(-0.00042028281 -0.014787478 0.00090420877)
(-0.0048906246 -0.015196133 -0.00041741976)
(0.0020221091 0.0022477055 0.00078352385)
(0.0020537218 0.0078343447 0.0008740156)
(0.0049001203 0.009617276 0.00070170423)
(0.0043282104 0.010051975 0.0025738601)
(-0.0033544518 0.010352554 0.002957108)
(-0.0018842939 0.0057251031 0.00033004387)
(-0.00025561132 0.0033813854 -0.0011128043)
(0.0011958906 0.0063758955 -0.0017154435)
(0.0021233552 0.0083666293 0.001382227)
(0.003571495 0.0088163237 0.0018846205)
(0.003725945 0.0043966657 0.0028939547)
(0.0035807888 0.0054970557 0.0018582748)
(-0.00018779476 0.011132625 -0.0012697873)
(0.0013411128 0.00073066565 -0.0017064051)
(-7.1023823e-05 0.0012435323 -0.002560263)
(0.00070754999 0.0017615462 -7.4825425e-05)
(-0.0014027337 -0.00087559971 -0.0018440608)
(0.00061424653 0.01014984 -0.0015576662)
(-0.002973857 0.0090018996 -0.0028273045)
(0.0013729707 0.010775462 0.00067012709)
(0.0030791541 0.012700071 0.002690086)
(-0.0033800043 0.0033112998 -0.0045934172)
(-0.00011720986 -0.0039256483 -0.0010663781)
(-0.0034157994 -0.003441937 -0.0026988522)
(-4.0290179e-05 0.0032076452 0.00053790541)
(-0.0039270037 0.0099542166 -0.0012348236)
(-0.0019308081 0.0077697081 -0.00019789851)
(0.002009008 -0.005816501 -0.0051225094)
(-5.243894e-05 -0.010928603 -0.0051824787)
(0.0018902755 -0.0044668956 -0.003200721)
(0.001741648 -0.0038273119 -0.002283119)
(0.0036518045 -0.0068880299 -0.0027588719)
(-0.0014480127 -0.011244385 0.00027003996)
(-0.002927 -0.0082273176 0.0026318509)
(-0.0017575196 -0.0041128827 0.0010855871)
(0.0016731229 -0.0064888569 0.0038448844)
(0.0022039703 -0.010062835 0.0011376067)
(0.00044937929 -0.0086015635 -0.0042644642)
(0.0027319759 -0.0081041082 -0.0039812257)
(0.003696324 -0.010874849 -0.0053005724)
(-0.0017859676 -0.010370208 -0.0011652551)
(-0.0018273218 -0.0099139953 -0.0023129824)
(-0.0044247429 -0.010141628 -0.0026439158)
(-0.0051090808 -0.0074870648 -0.0029733815)
(-0.0032023253 0.00024258386 -0.002833719)
(6.8767228e-05 0.0034082276 0.00036070233)
(0.0044452929 -0.001494156 0.0018753889)
(0.0060084122 -0.0057823475 0.0023337633)
(0.0044173832 -0.0094814104 0.0023002249)
(-0.0042357225 -0.011193345 -0.0034659224)
(-0.005111755 -0.0086181765 -0.0036420274)
(-0.0044295184 -0.0064590164 -0.0030750632)
(-0.0018831237 -0.0013518762 -0.0024998019)
(-0.00023254223 -0.016218012 0.00085763959)
(-0.0016602768 -0.015957132 0.00072653136)
(-0.0018034712 -0.017132523 -0.00027035011)
(-0.0019321284 -0.01719642 -0.0024784685)
(-0.0020403354 -0.015410797 -0.0020416692)
(-0.00080380265 -0.011814471 -0.00083114036)
(0.0020232918 -0.01281127 -0.0029632262)
(0.0028314687 -0.014701047 -0.0020887168)
(0.0024073074 -0.014145752 -0.0013152851)
(0.0015354613 -0.015799857 -0.00080562042)
(0.00092490284 -0.01567216 0.0011134967)
(0.00085058454 -0.015010658 0.0010329244)
(-0.00072825801 -0.014578471 -0.00067929377)
(-0.00058339705 -0.015716754 0.00027253578)
(-0.0041524325 -0.013726042 0.00025225766)
(-0.0011708183 -0.011357884 0.0011483448)
(-0.00058279148 -0.016813586 0.0037839644)
(-0.0030110663 -0.018195849 0.003239657)
(-0.0041145505 -0.016129777 0.0015420497)
(-0.0045261633 -0.014570156 0.00085605831)
(-0.0036609599 -0.011932578 0.0010473183)
(-0.0016462403 -0.012361252 0.0010334463)
(0.0022799648 -0.013000721 0.00049171168)
(0.0042013523 -0.015836582 0.0017136931)
(0.0036280084 -0.015770193 0.0019021952)
(0.0010262734 -0.017202132 0.0021452662)
(-0.0029161285 0.017390124 0.0016118947)
(-0.0054608105 0.01780358 0.00051204807)
(-0.0058998267 0.01851864 -0.0015706924)
(-0.0034852916 0.017805958 -0.0040554102)
(-0.0024622804 0.016126058 -0.0047984486)
(0.00039047662 0.0057442296 -0.00096603661)
(0.003678645 0.010234871 -0.0031451386)
(0.0047899817 0.015408585 -0.0039126431)
(0.0040086228 0.016544839 -0.0018983809)
(0.00040708691 0.017640592 0.0022294287)
(0.0025789017 0.017056662 0.0049895665)
(-0.00061801957 0.017324509 0.0041474559)
(-0.0041794399 0.016038493 0.00098454435)
(-0.0014391054 0.018096758 -0.00042835655)
(-0.0017918132 0.014649435 0.0022812363)
(0.0016025407 -0.002024771 -0.00021790962)
(0.0058328986 0.015599415 0.0024864395)
(0.0015230199 0.019904267 0.0012818327)
(-0.0058453763 0.017809864 -0.0019376834)
(-0.0041764804 0.01181134 -0.0013948996)
(-0.0037489111 0.0043445783 -0.00063222378)
(-0.0010568802 -0.0012557639 -0.00031859847)
(0.0007895337 0.0013729608 0.0014915007)
(0.0068851351 0.014944041 0.0031677699)
(0.0065595928 0.017940916 0.003791048)
(0.0039997315 0.018835506 0.0032568194)
(-0.00048582249 0.0046230428 0.00090912688)
(-0.0011506065 0.0010818346 0.00024090312)
(-0.0019426642 -0.01380188 -0.00016755029)
(-0.0033494063 -0.017103569 0.001468614)
(-0.00040875273 -0.013515821 0.00047791632)
(0.00062025954 -0.013472209 0.0020704384)
(0.0021706299 -0.013373602 0.0040179802)
(-0.00049786154 -0.015590564 0.0056018969)
(0.00038404369 -0.0037039233 0.00059680303)
(0.0012894427 -0.013952113 -0.0019098703)
(0.0016559291 -0.015928479 -0.0042766296)
(-0.0005498956 0.0019618029 0.0029640632)
(0.0007479701 -0.015454409 0.0049242628)
(0.00052755783 -0.0064846769 0.0040899605)
(0.005499431 -0.016276528 0.003026411)
(0.00032992541 -0.015733806 -0.0020892185)
(-0.0044123297 -0.012839961 -0.0042613586)
(0.00097545811 0.0065394018 0.0011075548)
(-0.0021168105 0.0017472012 -0.0006093337)
(0.0033599066 -0.016386871 -0.00058535624)
(-0.0016802146 -0.014462695 -0.0029434351)
(0.00081413804 -0.015177357 -0.0025157676)
(-0.0023174641 -0.015584678 0.00079490373)
(-0.0059264889 -0.014710717 -0.0010724431)
(-0.00034782025 0.00025689965 0.0016772622)
(-0.00019791658 0.0048172064 0.0010754925)
(0.0013484299 0.010185708 0.001301839)
(0.0030440669 0.0087612424 0.00047823428)
(0.004774252 0.012180795 0.0016134302)
(-0.0018083077 0.01244984 0.00026998268)
(-0.002161065 0.0048862681 0.0018244084)
(-0.0020832042 -0.0034762011 0.00013582636)
(-8.5506421e-05 0.0027839907 0.0011565516)
(-0.0010545106 0.014137387 0.0050571187)
(0.00094215482 0.0078432189 0.0029959653)
(0.0059878616 0.0116765 0.001190213)
(0.0001189976 0.013080894 -0.00065048985)
(-0.0014257462 0.0079661751 0.0015512753)
(0.0043231857 0.010002521 0.0033018154)
(0.0019584976 0.0056744197 0.0020622976)
(0.00079584104 0.011454687 0.00018239495)
(-0.0016701007 0.00845411 -0.0026124109)
(-0.0028861454 0.01169934 -0.0039163959)
(-0.0010888551 0.0097168425 -0.00072603697)
(0.0027598385 0.0075033367 -0.00069396362)
(0.0022721526 0.01050394 -0.0041083741)
(-0.00030352387 -6.8321413e-05 -0.0032569639)
(-0.00071793582 -0.0056194323 -0.0013118947)
(0.00048658891 0.0085841671 0.00010825198)
(-0.0052067657 0.010316324 -0.001076654)
(-0.0039252378 0.0072832273 -0.0015624989)
(-0.0016229587 0.00999849 0.00012819387)
(0.0019983803 0.0034484139 0.00048855483)
(0.0022337389 -0.00031880181 -0.00024728528)
(0.0033843496 -0.0029551554 0.00094681157)
(0.0032602787 -0.0023093128 0.00091042719)
(0.0060376006 -0.0079968896 0.0013611967)
(-0.0019615131 -0.011547869 -0.001586411)
(-0.0062188512 -0.010888898 -0.0022364856)
(-0.0049297478 -0.010050489 -0.0014240363)
(-0.0033709806 -0.0089948784 -0.0020125685)
(-0.0018723691 -0.0061105198 -0.0022212352)
(0.0010680689 -4.712349e-06 -0.0025634681)
(0.0030867015 -0.0026523002 -0.0015767217)
(0.002980704 -0.011127321 -0.0031142706)
(-0.0027596103 -0.0092387615 -0.0037662196)
(-0.00035717767 -0.0060545126 -0.003297512)
(-0.00040401686 -0.010544259 -0.0040744377)
(-0.0028465336 -0.011072683 -0.00067015437)
(-0.0011819821 0.00061421186 0.00018055092)
(0.0025097544 -0.00059025186 0.0013066131)
(0.0040650447 -0.0044892776 0.0011310717)
(0.0057744684 -0.0080659575 0.0011350606)
(-0.0018629223 -0.011150518 -0.00054650158)
(-0.0058900262 -0.0096909121 -0.0024125597)
(-0.0050067259 -0.0037301622 -0.0025020461)
(-0.0042420102 -0.00076868272 -0.0018338872)
(-0.0026262405 0.0033239958 -0.0011370716)
(-0.00057681993 -0.014550093 -0.00030180555)
(-0.0030153513 -0.013242175 -0.0011373799)
(-0.003238523 -0.013122124 -0.0022937644)
(-0.0022824065 -0.011528618 -0.002043166)
(-0.00077142233 -0.014174003 -0.0024518708)
(-0.0031975768 -0.015691994 -0.0010185301)
(-0.0014899576 -0.01280373 -0.00079770235)
(0.0025574719 -0.011224278 0.00020587474)
(0.0028196422 -0.013064642 -0.00082861643)
(-0.00048062487 -0.016167037 -0.0018890828)
(-0.0025817008 -0.017508595 -0.0015993039)
(-0.0040191857 -0.014947137 -0.00026605502)
(-0.004370055 -0.013187333 0.00057550214)
(-0.0032036221 -0.012462115 0.0018510053)
(-0.0023867799 -0.012846567 0.001253246)
(-0.0010114297 -0.013323818 0.00070240758)
(0.0016234349 -0.013512683 0.0013049716)
(0.0028863555 -0.014305037 0.0013339816)
(0.0023359495 -0.01670246 8.9976787e-05)
(-0.00105168 -0.016365211 0.003512854)
(-0.0024676426 -0.017778412 0.0031723462)
(-0.0037868544 -0.017542689 0.0014800176)
(-0.0033111464 -0.017379719 -0.0011230517)
(-0.0016327832 -0.015124493 8.2930941e-05)
(-0.00055993379 -0.017756975 0.0011390765)
(-0.0032835258 -0.016047042 0.0012805776)
(0.00045324571 -0.012043682 -0.00010041623)
(0.0034878891 -0.017267356 -0.000509412)
(0.0032719233 -0.017051846 0.001514454)
(0.0010885554 -0.017311013 0.0025680266)
(-0.0031440524 0.016530266 -0.0014106887)
(-0.0059921367 0.015123693 -0.0018561175)
(-0.0053254099 0.010390539 -0.0013794388)
(-0.0034324984 0.0058292149 -0.0014693429)
(-0.0015056994 0.012628121 -0.0022996536)
(-0.0038858707 0.01677842 -0.0018962303)
(0.0018881244 -0.0018086585 0.00075288835)
(0.0019701306 -0.00064176039 0.0020910327)
(0.0069816466 0.013670868 0.0018906559)
(0.0033773537 0.018112781 0.0020054872)
(-0.0024404665 0.019006091 0.003184716)
(-0.0070069386 0.015470606 0.0020782606)
(-0.0052686205 0.0055127839 0.0013329249)
(-0.0035898901 0.0039916433 0.0011867707)
(-0.0017394741 0.0045132133 0.00054066291)
(0.00063063241 0.0044265842 0.00012577412)
(0.0038096702 0.0019776626 -1.1566632e-05)
(0.0066064669 0.0076846794 0.0003634744)
(0.0075410116 0.016778779 0.0015767605)
(0.0043042511 0.017849704 0.0030400806)
(0.0023764681 0.019581531 0.0018201462)
(-0.0042467222 0.018986434 -0.0029317556)
(-0.0040242536 0.015708047 -0.0029943491)
(-0.001786291 0.010963918 0.00030176154)
(0.00060132125 0.019129482 0.0051536386)
(-0.004297197 0.01599367 0.0050786478)
(0.0012630433 -0.0017961548 -0.0012055309)
(0.0053031122 0.015367151 -0.0021438775)
(0.0054360633 0.018915546 -0.0017566776)
(0.0025206905 0.019059281 -0.00034794479)
(-0.00062597588 0.0038978972 0.0017855112)
(0.0008372327 -0.0029224236 0.0022785193)
(-0.00029701805 -0.015325549 0.0044075268)
(-0.0034947782 -0.014019042 0.00090365162)
(-0.0014734567 -0.014053765 0.0014252481)
(0.0046339033 -0.01583187 0.00060178655)
(0.0030903671 -0.015552328 0.0026962281)
(-0.0039353755 -0.015250975 0.0022740843)
(-0.004019268 -0.011979085 0.001783326)
(-0.00021301834 0.0047343399 0.001415334)
(-0.0022102661 0.0068994695 0.0016219945)
(-0.0023009099 0.00033869386 0.0011885207)
(0.0017583364 -0.015765055 0.0007789828)
(-0.0027740442 -0.013099944 -0.00092761689)
(-0.00096142635 -0.012385272 -0.00082019129)
(0.00090087723 -0.012723079 -0.00098792337)
(0.0016503182 -0.014556463 -0.003004442)
(-0.0035106657 -0.014951389 -0.00024646136)
(0.0020918474 -0.0054438982 -0.00026406822)
(0.0015004936 -0.0047711891 -0.0018720332)
(0.002609375 0.0019398927 0.00070386043)
(-0.00088964123 0.0016832435 -0.0010488011)
(0.0025970276 -0.017719851 0.0029026433)
(-0.0045117942 -0.016242795 -0.0013461771)
(-0.0029491835 -0.0067710256 0.00068337769)
(0.0037701556 -0.013339735 -0.0032437053)
(0.0016905677 -0.016718913 -0.0039743314)
(-0.0066544627 -0.01544028 -0.0010227049)
(0.00024354168 0.0013026567 -0.0025422303)
(-0.0013189905 0.0039025136 -0.0002769244)
(0.0013244854 0.0088055729 0.0016649572)
(0.0041574026 0.0075153671 0.0021227206)
(0.0027135065 0.010113064 0.00082732731)
(-0.00048043742 0.0024412799 -0.00089551395)
(-0.0013840077 -0.0033279608 -0.0015220067)
(0.00077964733 0.010192234 -0.0021557669)
(-0.0027889435 0.011344906 -0.0023649721)
(-0.0037105099 0.010395472 -0.0030275711)
(-0.0052497957 0.0094743934 -0.0014728711)
(-0.0030830356 0.0083230784 -0.0013179784)
(-0.00047155846 0.010117246 -0.00085927119)
(0.0022819534 0.0076270774 0.00062294407)
(0.0032212708 0.010737848 0.0016912639)
(-0.0038526327 0.0060398108 -0.00039012089)
(0.00024938753 -0.0025341366 -0.0011067342)
(-0.0023582782 -0.0018970585 -0.0019231815)
(0.003303271 0.0094367373 -0.002768179)
(-0.0023016034 0.011283636 -0.0019252973)
(-5.4499888e-05 0.0082578052 -0.0028645204)
(-0.0012302867 0.0090404589 -0.0022500334)
(-0.00066816082 0.0086537659 -0.00079837689)
(0.001185506 0.0083316406 0.0006038668)
(0.0057070501 0.013027112 0.0013865125)
(-0.0023629925 0.012530444 -0.0023006681)
(-9.7444749e-05 0.0026989444 -0.0037173498)
(-0.00083721086 0.0014139705 -0.002906055)
(0.0004009494 0.012153064 -0.00027108794)
(-0.0048463055 0.011488606 -0.0020306651)
(-0.0036536479 0.0072282153 -0.0016158676)
(-0.0019149577 0.0094296127 -0.00079144534)
(0.0021844887 0.0014281807 0.0023270219)
(0.0036340397 -0.0029501492 0.0023165422)
(0.0041055345 -0.0053215333 0.0029932958)
(0.0052186618 -0.0077088736 0.0037697215)
(-0.0032540485 -0.010707035 9.0601233e-05)
(-0.0066738866 -0.0098547321 -0.002013038)
(-0.0050733858 -0.0052854172 -0.0022714434)
(-0.0045656599 -0.0046294447 -0.0012219665)
(-0.0041175063 -0.0028801335 -0.0010759589)
(-0.0030160605 0.0015276893 -0.00067310303)
(0.00046959309 0.0038738799 -0.00014118721)
(0.0031632724 0.00038963996 -0.00017285885)
(0.0041209115 -0.00094054946 0.00020071709)
(0.0060328708 -0.005808714 -0.00098444686)
(0.0043091742 -0.0092295081 -0.0012977831)
(-0.0034897625 -0.010633761 -0.002266478)
(-0.0034438522 -0.0086328617 -0.00088970445)
(-0.0024317358 -0.0030367968 -0.0019446894)
(-0.00046117688 -0.0030215257 -0.002299035)
(1.3056431e-05 -0.0015903955 -0.0025631281)
(0.0018010035 -0.0030281673 -0.0016144474)
(0.0022685899 -0.0078648172 -0.00083939356)
(0.0018442148 -0.012438515 0.00065686272)
(0.0022110003 -0.0096219435 0.0016665273)
(0.0029903681 -0.010270743 -0.00037298567)
(-0.0046494234 -0.010916398 -0.002815542)
(-0.0050793525 -0.010709192 -0.0015546336)
(-0.0044579829 -0.0083889943 -0.00021335779)
(-0.0038788923 -0.0034128726 0.0014104789)
(-0.0024378939 0.0011649997 0.0010464469)
(-0.00094226075 -0.014352523 0.00025836651)
(-0.0038565324 -0.012843013 3.9555835e-05)
(-0.0029576893 -0.011809268 -0.00026081151)
(-0.0013284516 -0.01264722 -0.00083277204)
(-0.00030015257 -0.012199942 -0.00073877912)
(0.00040343813 -0.012682067 -0.0017147014)
(0.0022694078 -0.012474526 0.00027815171)
(0.0046284001 -0.013192429 0.00098849494)
(0.0039077374 -0.013980237 0.00020320761)
(0.0022462427 -0.015148053 0.00035162613)
(-0.001275175 -0.016043439 0.00063861219)
(-0.0025749687 -0.015232982 0.0011413912)
(-0.0039047224 -0.015289849 0.0028372235)
(-0.0036613104 -0.013016684 0.0025841147)
(-0.0023700412 -0.010955948 0.002137841)
(0.0005361017 -0.011891278 0.0010707368)
(0.0025053647 -0.011694202 0.0027328659)
(0.0023321932 -0.0143655 0.0036974753)
(-0.00016737036 -0.016785737 0.0031345613)
(-0.0020256275 -0.01616013 0.0032083932)
(-0.0036660566 -0.014421088 0.0015606859)
(-0.0050851971 -0.0129583 -0.0011947724)
(-0.0019217869 -0.012359856 -0.001299864)
(0.001525398 -0.017746246 -0.001284316)
(0.00046517463 -0.020116881 -0.0018618643)
(0.00012761747 -0.021383349 -0.0013070219)
(-0.00098024647 -0.018023188 0.00063316315)
(0.00017534808 -0.011234994 -0.0015676274)
(0.0032406245 -0.013049815 -0.0011510402)
(-0.00039021846 -0.01677493 0.001975292)
(-0.0043763581 0.016428641 7.5035107e-05)
(-0.0065940384 0.013336715 0.00016870046)
(-0.002447059 0.0016572637 0.0014426442)
(-0.0012493893 0.0064246905 -8.3400447e-05)
(0.00029633241 0.0030723698 0.00045787145)
(0.0019398578 0.0055222793 0.000275337)
(0.0028184894 0.00085052021 -0.00036070862)
(0.0062360553 0.010316473 0.0015684258)
(0.0063834653 0.015651253 0.00094621513)
(0.0037855659 0.017160462 -0.0005294967)
(-0.0012362248 0.017601162 -0.0019250761)
(-0.0052589601 0.016941342 -0.00029506981)
(-0.0053972939 0.015947796 0.0033986241)
(-0.0023118294 0.010078464 0.0021486094)
(-0.00043313669 0.0014501949 0.00037334573)
(0.0021816188 -0.00081044056 -0.00048040043)
(0.0043841236 0.0039282614 -0.00071463439)
(0.0073442495 0.014672532 0.0013050555)
(0.0048748617 0.018367457 0.00072897675)
(-0.00088036204 0.018437105 0.00074277181)
(-0.0033864575 0.016959773 -0.00092277583)
(-0.0023748002 0.01258326 -0.0027535757)
(0.00082212893 -0.0020674791 -0.00050183269)
(0.0067893222 0.014680173 -0.0024493331)
(0.0059555547 0.020815855 -0.0026378224)
(-0.002181276 0.021825219 0.00070629304)
(-0.0069493447 0.015532904 0.0018268197)
(-0.0037476312 -0.0018895396 -0.0014217441)
(0.0016051077 0.014314175 -0.0034756938)
(0.00038965668 0.018354615 -0.0018617535)
(-0.0017880372 0.0026128596 0.0016278604)
(0.0052959768 -0.012600867 0.0033998841)
(0.0010916578 -0.01511328 0.0032260537)
(-0.0014457958 -0.013080442 0.0013136262)
(0.0003336458 -0.01384761 0.0013541663)
(0.002605579 -0.013313718 -0.00011964146)
(-0.00068656094 -0.015538251 -0.0040194093)
(-0.0042979256 -0.012876452 -0.0037798852)
(-0.00074337922 -0.0020501701 -0.0016744668)
(-0.00010841751 0.0031221257 -0.00075423607)
(-0.00032758834 0.0035130337 -0.00050672062)
(-0.0011401284 0.00052639517 0.00025008633)
(0.0030144767 -0.01572092 -0.0052912572)
(0.002814264 -0.014937009 -0.0048124551)
(0.0018979782 -0.013187246 -0.0029918232)
(0.00089353759 -0.014015831 -0.0033011357)
(-0.0015957839 -0.014177841 -0.0054648257)
(-0.0012921214 -0.010440347 -0.0053890359)
(0.0019137327 0.0038082762 -0.00056716042)
(0.00054015929 0.0044128345 0.0011051172)
(0.0025921387 -0.0035911321 0.0029909295)
(0.0051282829 -0.013794391 0.0055071657)
(0.00012581036 -0.016749221 0.003602813)
(-0.0051755222 -0.015218318 0.00011939226)
(0.0034516436 0.0069795181 -0.0010665498)
(-0.0023422225 0.0098587489 0.0011798037)
(0.0036839521 -0.010443172 -0.0039540731)
(-0.0040331294 -0.017110674 -0.00054801899)
(-0.0075464677 -0.014649657 0.0018840914)
(-0.0025681919 -0.0094990872 0.00093752963)
(0.0016260324 0.0073330678 0.0011942198)
(0.005170669 0.0097197878 0.0019074511)
(0.00085435274 0.010731291 5.1880245e-05)
(0.0014258869 0.00094876431 0.0017923261)
(-8.2546353e-06 -0.0045354508 0.00071854124)
(-3.8762567e-06 0.0025765483 -0.0016434657)
(-0.0012943848 0.011545767 -0.002032281)
(-0.0039149074 0.0091367713 -0.0036627855)
(-0.0024904169 0.0076431903 -0.0032429828)
(-0.00065894973 0.0089748303 0.00066807355)
(0.0010562891 0.0090918488 0.00085561783)
(0.003545792 0.0080412904 0.0004175945)
(0.0051573198 0.011208624 -0.0018369702)
(-0.00098276636 0.01109211 -0.0026223225)
(0.001069439 0.0015410328 0.00061458154)
(-0.0011718187 0.0012221856 -0.001062505)
(-0.0009527445 0.0033184816 -0.0020067159)
(-0.0022209919 0.0088634241 -0.0045375919)
(-0.00057626974 0.0089498389 -0.0018921677)
(0.0011192004 0.009326404 -0.00019704185)
(0.0039228383 0.0081975721 0.0022123933)
(0.0022709909 0.010699672 0.003410072)
(-0.0011051355 0.0096769727 0.00088838025)
(-0.0040147009 0.0045799303 -0.00031625793)
(-0.00033757559 0.0089719276 0.00049250643)
(0.002088858 0.011748845 0.001162792)
(0.0057940288 0.011239862 -0.00082290129)
(0.0023257064 0.011182515 0.0007139256)
(-0.0014246869 0.0051572341 0.0019438549)
(-8.0761655e-05 -0.00091297626 0.0016805449)
(0.001742186 -0.001598073 0.0026406024)
(0.0037769656 -0.0058008436 0.0027405196)
(0.0051315243 -0.0082720027 0.003457513)
(0.0061106501 -0.0095889262 0.0039502088)
(-8.6670566e-05 -0.010078355 0.0011334921)
(-0.0056729546 -0.0096023405 -0.00045479164)
(-0.0045517925 -0.0095046459 0.00032661885)
(-0.0044077673 -0.01012081 0.0022579509)
(-0.0045375201 -0.004755118 0.0018860568)
(-0.0029975158 -0.0006989543 0.0026425695)
(0.0011537836 -0.00054642637 0.0030709851)
(0.0029904338 -0.0035899131 0.0032686591)
(0.0040173664 -0.0043530424 0.001952657)
(0.005222918 -0.0059585852 0.001116789)
(0.0051444045 -0.0082398492 -0.00078327998)
(0.0011922217 -0.0089847774 -0.0037652242)
(-0.0024459176 -0.010922691 -0.00047094167)
(-0.0039781591 -0.0077295263 0.00011746356)
(-0.0017312869 0.00031527869 -0.00063689305)
(0.0015645403 0.00095154835 0.000841525)
(0.0026560459 -0.002962506 0.0014811397)
(0.0026204271 -0.0040916875 0.001674396)
(0.0036171141 -0.0068376074 0.0015798931)
(0.001550913 -0.011680139 0.0025518795)
(-0.0038517566 -0.005282996 0.00079100067)
(0.00081156237 0.0038790036 -0.00019854845)
(0.0031954023 -0.0041052998 -0.0017786773)
(0.0051031112 -0.0067307965 -0.001459028)
(0.005476794 -0.010219796 -0.00069666183)
(0.0033088183 -0.010849721 0.00022688154)
(-0.00068240759 -0.014371103 0.00045051808)
(-0.0035771998 -0.01314217 0.00063699379)
(-0.0025006156 -0.011319785 0.0011232399)
(8.1137378e-05 -0.012329522 -0.00023195747)
(0.00098918251 -0.011711988 0.0017940653)
(0.0024921654 -0.011575672 0.0013831936)
(0.0025959203 -0.01496477 0.0018237222)
(0.0020254115 -0.016034666 0.00077229591)
(0.00070919902 -0.016844092 -0.0018011458)
(-0.0010404044 -0.017139679 5.5176093e-05)
(-0.0017783383 -0.012627493 0.00045783646)
(0.00091416417 -0.011128299 -0.0012346004)
(0.0019558339 -0.01499694 -7.9427458e-05)
(0.00041249903 -0.016062563 0.0013930169)
(-0.00067770846 -0.014196776 0.0031300068)
(-0.00074603631 -0.015337479 0.0037414249)
(-0.00056484366 -0.015047714 0.0039650774)
(-0.001986282 -0.016094641 0.0035410168)
(-0.0023362838 -0.016396011 0.0010657165)
(-0.0025500441 -0.014538916 0.001226718)
(-0.0052578868 -0.012199897 0.00011475817)
(-0.0041202205 -0.01201048 -0.00054048186)
(-0.0017557059 -0.014662748 1.2097944e-05)
(0.0019176086 -0.012929659 -0.0018138484)
(0.0026571465 -0.015755011 -0.0014647672)
(0.0024947232 -0.01744121 -0.00082943186)
(0.00089959772 -0.019437861 0.00098907431)
(-0.00050635511 -0.017647703 0.0030648644)
(0.00049218081 -0.0097466725 -0.00065873458)
(0.0022241198 -0.014751297 0.00067989889)
(-0.0040573966 0.016718177 0.00090712808)
(-0.0056313763 0.014185945 0.00113158)
(-0.0013685656 0.0020666174 0.00077481257)
(0.00084552335 0.0056620758 0.0019823456)
(0.0030792005 0.0041259702 0.0022334841)
(0.0053336007 0.0057311801 0.0024176425)
(0.0066531125 0.014484972 0.0043913424)
(0.0062601105 0.017561252 0.0030388767)
(0.0011333178 0.01823535 -0.001944893)
(-0.0036560718 0.01808997 -0.0019115267)
(-0.0003643167 0.0082492112 0.0010270914)
(-0.00051602947 0.0012840517 -0.0012007952)
(0.0039667886 0.015886382 0.00096602948)
(0.0016768827 0.017655711 0.0023467959)
(-0.00040939363 0.015573643 0.004900748)
(0.0017515835 0.013977176 0.0036256269)
(0.0030874969 0.016811445 0.0036373156)
(0.0031571012 0.017952701 0.0012544586)
(-0.0017209991 0.018029646 -0.0030626767)
(-0.004077013 0.017218901 -0.0015621994)
(-0.0055973357 0.014160512 -0.0019383389)
(-0.00018221812 2.2975696e-05 -0.0019079314)
(0.00015942635 0.0022016026 -0.0020478606)
(0.004230119 0.0031297018 -0.0033356481)
(0.0062048501 0.01265988 -0.0053591477)
(0.0064039855 0.017739267 -0.0058130595)
(-0.0021164865 0.020467795 -0.0014554409)
(-0.0051795574 0.013609761 0.0010582832)
(-0.0034687803 0.00041904911 5.2958985e-05)
(0.002686138 0.017059381 -0.00010160696)
(-0.0015791359 0.0027335227 -0.00040543858)
(0.0052208665 -0.013714219 -0.00076108972)
(0.002109943 -0.014211605 -0.0012638557)
(0.00054077353 -0.013428349 0.0017735733)
(0.0018050083 -0.013834869 -0.00083408756)
(0.0034216059 -0.013934657 -0.0020046844)
(-0.0018116186 -0.014208934 -0.0052116216)
(0.002304484 7.3675812e-05 -0.00035181876)
(0.00050125388 0.0041278207 -0.00086820586)
(0.0012338808 -0.0082180348 0.0015793421)
(0.0034125604 -0.014389539 0.003161157)
(-0.0024360877 -0.013730769 -0.00067527589)
(-0.002096885 -0.012404711 -0.0034677231)
(0.0021959807 -0.003387803 -0.0035380059)
(0.0029713569 -0.011616844 -0.0047121291)
(0.0025927261 -0.016369901 -0.0053674741)
(-0.0015335071 -0.01448984 -0.0043544638)
(0.0019704734 -0.00087576371 -0.0009062566)
(0.0017311518 0.00019050689 -0.00043013369)
(0.0019691921 -0.0034627251 -0.0021849666)
(0.0067943912 -0.013499012 -0.00087699589)
(0.0063749006 -0.015928656 -0.00040085519)
(0.00054482544 -0.015796692 -0.0017123882)
(-0.0011830993 -0.01465517 0.00033674198)
(-0.003128274 -0.014532621 0.0023949061)
(0.0029187505 -0.00065560915 -0.0028319465)
(-0.0019122563 0.0069272998 -0.0011112953)
(0.001909972 -0.015824773 -0.0052710466)
(-0.0054211137 -0.014954137 0.00020661544)
(-0.0042891019 -0.011562964 0.0016496124)
(0.0020436235 0.0074109796 -0.00027795638)
(0.0049344078 0.0099224672 -0.001460801)
(0.0016483874 0.0066033245 2.8440496e-05)
(0.0028417715 -0.00060607154 0.00017701908)
(0.0015351911 -0.0032276394 -0.00015692116)
(0.0029225156 0.0027457021 -0.0023245635)
(-0.0028862133 0.010194766 -0.0029677215)
(-0.0026439722 0.0075383775 -0.0011597972)
(0.0014617721 0.0089176156 -0.00014547376)
(0.0039270776 0.010570022 0.003052998)
(0.0031099478 0.010879803 0.0035299342)
(0.0023260553 0.0051095901 0.0022088533)
(0.0023534903 0.0023277938 -6.0402973e-06)
(0.0034201407 0.0048265656 -0.0027815471)
(0.0062594965 0.010467861 -0.0031580073)
(0.0005503645 0.013004978 -0.0019585412)
(-0.0039613985 0.010649565 -0.002859804)
(-0.0015036244 0.0021272707 -0.0020614901)
(0.0014965581 0.0085099871 0.00099897335)
(0.004168583 0.0083943923 0.00028457224)
(0.0055465106 0.010251635 7.3004801e-05)
(0.0053415383 0.010791692 0.00055998134)
(0.0020325047 0.011537559 -0.00071442376)
(0.0023404655 0.00025611014 -0.0004771151)
(-0.00085475615 0.0032928729 0.0034666347)
(0.00013932577 0.0077694856 0.00028826987)
(0.0011806733 0.009529069 -0.0017063909)
(0.0030457223 0.012234047 -0.0032759484)
(-0.0040050282 0.0082945486 0.0017356802)
(0.0013230366 0.0018027749 0.0023724775)
(0.0018982997 -0.0023073915 0.00010865161)
(0.0044406114 -0.0072852156 0.00040748732)
(0.0056035285 -0.0099348353 0.00060268484)
(0.0054096212 -0.010595039 -8.2269685e-05)
(-0.0007023682 -0.0098154299 -0.0021124015)
(-0.0049062767 -0.006299884 -0.0039647822)
(-0.0023617167 -0.0040561193 -0.0031387837)
(-0.00053640497 -0.0071390973 -0.0022151444)
(0.00063834093 -0.0049262686 0.00023963183)
(0.0020853639 -0.010547088 -0.00079589639)
(0.0035687797 -0.011173435 -0.0016369918)
(0.0039326874 -0.010761241 0.00037519206)
(0.0030765328 -0.011046846 0.0027221208)
(-0.0024078204 -0.009106159 0.00066848683)
(-9.1344778e-05 -0.0017736488 -0.0026276818)
(0.00083781511 0.00016187562 -0.0023971055)
(0.0050038907 -0.0081482692 -0.0025123559)
(0.0024663187 -0.01071872 -0.0029189364)
(-0.0010388961 -0.0086565584 -0.001517778)
(0.0017228871 -0.0059766982 0.0011063698)
(0.0023626292 -0.0088769001 0.0026095523)
(0.0033833122 -0.008548493 0.0035257907)
(0.0044306877 -0.0087998548 0.0038041779)
(0.0033656025 -0.010473541 0.00347717)
(-0.0042713465 -0.0077218756 0.0035240227)
(-0.0026021834 -6.579361e-05 0.0027593328)
(-0.00066293386 0.0027680033 -0.00052181074)
(0.0033943674 -0.0010719414 -0.00076128568)
(0.004286831 -0.008554498 -0.0012866095)
(0.0029988387 -0.010472189 -0.0032177123)
(-0.00064862292 -0.014513235 -0.00010522976)
(-0.0033307402 -0.013937463 0.0003454218)
(-0.0041296102 -0.014281835 0.00086008404)
(-0.0015787605 -0.011201505 9.3046933e-05)
(0.0018705096 -0.015951918 0.0014523834)
(0.00053760318 -0.016263624 0.00075390467)
(0.00035084124 -0.018115705 -0.00052162757)
(-0.0018126083 -0.017481936 -0.00099924941)
(-0.00034689452 -0.010856418 -0.00080705967)
(0.0024623236 -0.013859238 -0.00033543043)
(0.0019518461 -0.016915972 0.0010160537)
(0.0011890985 -0.016216325 0.0026368098)
(-0.00040543743 -0.016462879 0.00059206876)
(-0.0014894886 -0.016920658 0.00051335948)
(-0.0021472124 -0.016827243 0.00026616111)
(-0.0024873643 -0.016744243 0.00081003627)
(-0.0027215779 -0.016590306 0.0004778878)
(-0.0046259288 -0.015101264 0.0002530562)
(-0.0021862649 -0.013209809 -0.0015248366)
(-0.00058854127 -0.017636691 -0.00026129377)
(-0.0037407087 -0.014840468 0.00052367272)
(-0.0055534569 -0.014004678 0.0017294736)
(-0.0049180944 -0.012683075 0.00079664054)
(-0.00214793 -0.012750089 -0.00041096977)
(0.0009900326 -0.012526652 -0.0014502679)
(0.0031250451 -0.011856664 -0.0010655209)
(0.0043227364 -0.015207765 -0.00032123161)
(0.0033276736 -0.016567625 0.0010492926)
(0.002795705 -0.017306758 0.0013357191)
(0.00064363569 -0.018770627 -0.0003544466)
(-0.0026285536 0.016614935 0.0011326773)
(-0.0054162586 0.016291674 0.0021563634)
(-0.0048415963 0.013308361 0.0023841848)
(-0.00072432477 -0.00026881974 0.0016197454)
(0.0058898793 0.014984174 0.0039136391)
(0.0054618916 0.017305381 0.0041620359)
(0.0010108273 0.019361799 0.0021019747)
(-0.0055275982 0.017015208 -0.001708655)
(-0.00050838849 0.00016419329 -0.0010073664)
(-0.00016345537 0.0086530078 -0.0021819955)
(0.0034121565 0.018032429 0.0010730691)
(0.0033048174 0.017638826 0.0033397311)
(0.0024555049 0.017862498 0.0022591241)
(0.00050223812 0.018074461 0.00093624699)
(-0.00023549842 0.018248274 0.0025587124)
(-0.00088730253 0.018420376 0.0018613871)
(-0.0025009311 0.018702584 1.3298184e-05)
(-0.004524843 0.016765223 -0.0013554678)
(0.0021233502 0.00301065 0.00020238969)
(0.00068056923 0.018280221 -0.00024967421)
(-0.0058354376 0.01753474 0.0013471596)
(-0.006192858 0.015284286 0.0022417506)
(-0.0027785545 0.0060773724 0.0012447339)
(-0.00025558378 2.2803517e-06 -0.00063780414)
(0.0021347803 0.00019880188 -0.0015093041)
(0.0031309374 0.0020894709 -0.00028475885)
(0.0057188142 0.014392576 -0.0014631623)
(0.0041710601 0.018307263 0.00079949263)
(0.00015369532 0.018762686 0.0014316449)
(-0.0011881644 0.020081283 -0.00027973451)
(0.00051068806 0.0029862701 -0.000384948)
(-0.00019084847 -0.00080298402 0.00082273816)
(0.0045642269 -0.01409128 -0.00081101773)
(-0.0021850328 -0.015388802 0.0014716271)
(-0.0041928635 -0.014070258 -0.00072127587)
(0.004270849 0.00091618045 0.0027080561)
(0.00061780111 0.0070166603 0.00099869142)
(0.0025445659 -0.0098767162 -0.0020071794)
(0.0011629501 -0.013734853 0.0013665921)
(-0.0046685567 -0.016578882 -0.0007439888)
(-0.0039324661 -0.015614815 -0.0025269306)
(-0.0025134553 -0.0072113341 -0.001373201)
(-0.0018020663 -0.0043895425 -0.00059147684)
(0.0017685636 -0.005544413 -0.0022246389)
(0.0029964323 -0.0034841769 -0.0006420646)
(0.0028589161 -0.0029845446 -0.00023086172)
(0.0017947895 -0.003737885 -0.00046628547)
(0.0063722878 -0.015841241 0.0014620306)
(0.0017913154 -0.016072488 0.0034467253)
(-0.00077379051 -0.0024358919 -0.0022499614)
(0.00032063772 -0.00021485197 -0.00043129567)
(0.0024109251 -0.013853202 -0.0033323256)
(0.0014486572 -0.01421031 -0.0018511315)
(0.00060766011 -0.01456478 0.00061786886)
(1.9155277e-05 -0.01453503 0.00090582748)
(-0.00099506304 -0.014607675 0.0030898173)
(-0.0049485291 -0.015297429 0.0015585084)
(-0.0012221084 -0.00044443439 -0.00013927748)
(-0.002868373 -0.00320633 -0.0025039057)
(-0.00087131934 -0.015851071 -0.0015416201)
(0.0014237042 0.0083761067 -0.00023264195)
(0.0038061193 0.0067724045 -0.00096214661)
(0.0034229081 0.010198644 0.00043364831)
(0.00078810937 0.0095336652 0.0014654716)
(-0.0004946061 0.0012190032 0.00022435147)
(0.00041563754 0.0066247821 -8.9562178e-05)
(0.0013373502 0.00978839 -0.00097604443)
(0.0040922628 0.010292593 -0.00016793453)
(0.0032999384 0.0048906438 0.0015560523)
(0.0044890388 0.010365437 0.0030708248)
(-0.00018842038 0.012751131 0.0023945685)
(-0.0033545047 0.0094016157 0.00059501837)
(0.00083628068 0.0047558891 -0.00086863212)
(0.0013076419 0.0022773862 -0.00060617962)
(0.0043946891 0.0078706397 -0.0020161293)
(0.0034494769 0.0086308277 -0.0022082566)
(0.0034682265 0.0069810159 -0.0025293908)
(0.0051281857 0.013018313 0.0011147653)
(-0.00088223502 0.010981195 0.002986869)
(-0.002543579 0.0090708893 -0.00072803679)
(0.0016287863 0.0071821662 -0.0016641848)
(0.0025651573 0.0072896701 -0.00025262694)
(0.0010451832 -9.9959166e-05 0.00057287527)
(0.0012087112 -0.0039875244 0.0013423113)
(0.00014737903 -0.0021905682 0.0013058555)
(0.002081332 0.0026505942 0.0023768961)
(-0.0012071052 0.012104334 0.0029931209)
(-0.00070633408 0.0058981841 -0.0029947762)
(0.0027044917 0.0091405917 -0.0019663148)
(0.0039153815 0.012892357 0.0014282823)
(0.0020214032 0.00048085054 -0.00090279022)
(0.0034788456 -0.0037995459 -0.0010947119)
(0.0037978654 -0.0063865417 -0.0015876414)
(0.0053799603 -0.0086272706 -0.0021591585)
(0.0016289097 -0.0093983318 -0.0016951595)
(-0.003912122 -0.00089374299 -0.0023034344)
(0.0006682998 0.0034302188 -0.0015222355)
(0.0027712509 -0.011047001 -0.001071301)
(-0.0026963037 -0.011015358 0.00091436306)
(-0.0020655617 -0.0034228947 -0.00012918399)
(0.0012638641 0.0010855223 -0.0012206878)
(0.0045425845 -0.0033131764 -0.0020028492)
(0.0052011765 -0.008558041 -0.0011804568)
(0.0013824956 -0.010852106 0.00020861322)
(-0.0031676842 -0.0082473772 0.0029437555)
(0.0016629366 -0.001087535 0.00037122881)
(0.00015013239 -0.010083792 -0.00047314989)
(-0.0026051952 -0.0073319915 -0.0018428702)
(0.00029088457 -0.00081851176 0.00019626336)
(0.0030248255 -0.0022254412 -0.0011423086)
(0.0050578967 -0.0062151612 3.048312e-05)
(0.0058600751 -0.009429543 0.0015506298)
(0.0052625969 -0.0097380917 0.0030068242)
(0.002419959 -0.0098607413 0.0028316199)
(-0.0033812009 -0.0090192553 0.0032161719)
(-0.0042733683 -0.0077184901 0.0034082528)
(-0.0027274717 -0.0079208805 0.0023622399)
(-0.0016209598 -0.008763679 0.0018620849)
(-0.0042570936 -0.0056747317 -0.00063427714)
(-0.00022922977 -0.0010354099 -0.0011129681)
)
;

boundaryField
{
    minX
    {
        type            fixedValue;
        value           uniform (0 0 0);
    }
    maxX
    {
        type            fixedValue;
        value           uniform (0 0 0);
    }
    minY
    {
        type            fixedValue;
        value           uniform (0 0.001 0);
    }
    minZ
    {
        type            fixedValue;
        value           uniform (0 0 0);
    }
    maxZ
    {
        type            fixedValue;
        value           uniform (0 0 0);
    }
    bottomWater_to_rightSolid
    {
        type            fixedValue;
        value           uniform (0 0 0);
    }
    bottomWater_to_leftSolid
    {
        type            fixedValue;
        value           uniform (0 0 0);
    }
    bottomWater_to_heater
    {
        type            fixedValue;
        value           uniform (0 0 0);
    }
}


// ************************************************************************* //
