/*--------------------------------*- C++ -*----------------------------------*\
| =========                 |                                                 |
| \\      /  F ield         | OpenFOAM: The Open Source CFD Toolbox           |
|  \\    /   O peration     | Version:  v2012                                 |
|   \\  /    A nd           | Website:  www.openfoam.com                      |
|    \\/     M anipulation  |                                                 |
\*---------------------------------------------------------------------------*/
FoamFile
{
    version     2.0;
    format      ascii;
    class       volVectorField;
    location    "760/topAir";
    object      U;
}
// * * * * * * * * * * * * * * * * * * * * * * * * * * * * * * * * * * * * * //

dimensions      [0 1 -1 0 0 0 0];


internalField   nonuniform List<vector> 
1200
(
(0.10473427 -0.0024868518 0.00087685786)
(0.11872346 -0.0025533513 0.0013166278)
(0.13073347 -0.0023203364 0.0013945684)
(0.14010861 -0.0017466335 0.0012500258)
(0.14829861 -0.00089636463 0.00089622191)
(0.15595903 5.4579593e-05 0.00029169228)
(0.16336166 0.0009983006 -0.00059768026)
(0.17076213 0.001873526 -0.0019370703)
(0.17836333 0.0027828955 -0.0040002474)
(0.18648857 0.0039150132 -0.0071153671)
(0.19530356 0.0056117495 -0.011702525)
(0.20445318 0.0082655865 -0.018185576)
(0.21232142 0.012286947 -0.026814238)
(0.2172488 0.017012237 -0.037364825)
(0.21933537 0.02227533 -0.048947504)
(0.21923889 0.027336415 -0.060288362)
(0.21719432 0.031602905 -0.070212058)
(0.21343117 0.034783672 -0.078048778)
(0.20852516 0.036767693 -0.083661568)
(0.20337467 0.037564534 -0.087250819)
(0.19889807 0.037359109 -0.089145659)
(0.19570694 0.03644945 -0.089677181)
(0.19399247 0.035124866 -0.089119234)
(0.19360638 0.033609224 -0.087684294)
(0.19418864 0.032077354 -0.085512275)
(0.19516854 0.030756828 -0.082603226)
(0.19552423 0.030056615 -0.078724034)
(0.1932888 0.030812117 -0.073316386)
(0.18498011 0.03497745 -0.065412725)
(0.14267987 0.048539736 -0.052980535)
(0.098684132 -0.0039362784 0.00084884019)
(0.098458565 -0.0047434542 0.0012822329)
(0.098909861 -0.0047809041 0.0014649824)
(0.09983452 -0.0042983509 0.001547358)
(0.10130888 -0.0034887088 0.001555512)
(0.1033646 -0.0026065715 0.0014735672)
(0.1059822 -0.0018261746 0.0012747975)
(0.10934338 -0.0011888186 0.00089827702)
(0.11394399 -0.00037552964 0.00021451795)
(0.1203037 0.0009979591 -0.0009571861)
(0.12943205 0.003798019 -0.0029387701)
(0.14162187 0.0090922051 -0.006124819)
(0.15652904 0.017732721 -0.011034036)
(0.17218646 0.028551884 -0.017720724)
(0.18643791 0.04092476 -0.025654831)
(0.19754357 0.053475016 -0.033835542)
(0.20443983 0.06510631 -0.041347551)
(0.20694639 0.074886554 -0.047734314)
(0.20585396 0.082048681 -0.052875517)
(0.20264818 0.086204556 -0.056777627)
(0.19889236 0.087643433 -0.059455084)
(0.19563074 0.087098417 -0.060921507)
(0.19328424 0.085324682 -0.061253715)
(0.19187004 0.082870083 -0.060586937)
(0.19122468 0.080047353 -0.059029867)
(0.19103655 0.077224059 -0.056506224)
(0.19063448 0.07514001 -0.052611137)
(0.18869014 0.07536643 -0.046436836)
(0.18381152 0.081182162 -0.036035832)
(0.15530975 0.097170327 -0.016634945)
(0.098812322 -0.0029346804 0.00087601628)
(0.097942875 -0.0042440007 0.0013305843)
(0.096282709 -0.0046522906 0.0015350091)
(0.094207457 -0.0047423155 0.0016589303)
(0.092183106 -0.0047057383 0.0017544139)
(0.090389228 -0.0046322057 0.0018335336)
(0.088809148 -0.0046301082 0.0019145254)
(0.087377871 -0.0047300413 0.0020408617)
(0.086158186 -0.0047695475 0.0022793858)
(0.085482308 -0.0046586633 0.0026608674)
(0.085903312 -0.0041353797 0.0031171534)
(0.089654531 -0.0015855498 0.0032043313)
(0.10022127 0.0061545123 0.0022173849)
(0.11649688 0.019952467 4.0452704e-05)
(0.1353964 0.037652711 -0.0030447662)
(0.15339241 0.05629349 -0.0061450101)
(0.16768553 0.073072905 -0.0087172841)
(0.17718041 0.086893192 -0.010674859)
(0.18234755 0.09722933 -0.012317772)
(0.18463927 0.10390245 -0.013936255)
(0.18558859 0.10709568 -0.015632108)
(0.18607452 0.10734264 -0.017043987)
(0.18631506 0.105366 -0.017813004)
(0.18618761 0.1018403 -0.017883427)
(0.18557209 0.097276659 -0.017304177)
(0.18444204 0.092126406 -0.015976522)
(0.18265529 0.087142563 -0.013543156)
(0.1798532 0.083959226 -0.0093740812)
(0.17643925 0.086201732 -0.0024152204)
(0.15877586 0.099967383 0.010289433)
(0.096855566 -0.0015589485 0.00084130745)
(0.094621565 -0.0023040178 0.0012575272)
(0.090882484 -0.0025309712 0.0014229638)
(0.08630597 -0.0025621331 0.0015058578)
(0.081711631 -0.0025004401 0.0015621929)
(0.077342224 -0.0023782301 0.0016082864)
(0.073156826 -0.0022370085 0.0016685189)
(0.069053289 -0.002115162 0.0017893957)
(0.064896838 -0.0020574542 0.0020484652)
(0.060463625 -0.0022551451 0.0025602862)
(0.055311788 -0.0032520163 0.0035581654)
(0.049001133 -0.0050726611 0.0054994372)
(0.040823612 -0.0056166259 0.0090905437)
(0.036935553 0.0017705604 0.014031032)
(0.044797508 0.018225542 0.019668079)
(0.060496594 0.035954121 0.025696404)
(0.077022051 0.050814698 0.031500959)
(0.091605087 0.062778181 0.036805876)
(0.10403977 0.071917774 0.04107186)
(0.11500761 0.078196095 0.043957066)
(0.12498835 0.081569702 0.045672145)
(0.13395928 0.082208754 0.046421594)
(0.14157981 0.080580191 0.046438201)
(0.14745798 0.077262261 0.045968849)
(0.15138723 0.072836886 0.045238372)
(0.15348024 0.067787751 0.044500231)
(0.15417854 0.062764302 0.044039011)
(0.15448869 0.059000725 0.043909241)
(0.15829261 0.059247768 0.04372957)
(0.17575771 0.069157246 0.043380946)
(0.10599754 -0.0024882468 0.0010058233)
(0.12084088 -0.0025661441 0.0014024255)
(0.13409817 -0.0024251556 0.0013965058)
(0.1448052 -0.0020405031 0.0011565946)
(0.15413167 -0.0014827231 0.00070052855)
(0.16266559 -0.00093571656 -1.6251279e-05)
(0.1704242 -0.00054842922 -0.001057369)
(0.17732113 -0.00039284819 -0.0025965489)
(0.18332721 -0.00053631044 -0.0048920441)
(0.18841905 -0.0010607155 -0.0082428431)
(0.19253 -0.0021010421 -0.013002537)
(0.1955654 -0.003805768 -0.019439891)
(0.19690693 -0.006318026 -0.027504919)
(0.19627334 -0.010332181 -0.036419444)
(0.19542731 -0.014951278 -0.044909051)
(0.19567927 -0.019176601 -0.051944031)
(0.19672404 -0.022008782 -0.057332896)
(0.19750183 -0.023202234 -0.061414453)
(0.19729875 -0.023297525 -0.064483323)
(0.19616674 -0.023072652 -0.066642061)
(0.19469527 -0.022951773 -0.067949938)
(0.19351818 -0.022944639 -0.068451091)
(0.19299754 -0.022946926 -0.068177071)
(0.19319606 -0.022900214 -0.067168308)
(0.1940635 -0.022788886 -0.065454169)
(0.19557506 -0.022472568 -0.062976902)
(0.19763483 -0.021499405 -0.059453175)
(0.19989603 -0.018688976 -0.054308616)
(0.2015793 -0.010570716 -0.046785871)
(0.19151717 0.012954546 -0.036531297)
(0.09997406 -0.0039481785 0.0010636024)
(0.10068864 -0.0047924171 0.0016169288)
(0.10251907 -0.0049703487 0.0018212811)
(0.10499234 -0.0047481351 0.0018701096)
(0.10792154 -0.0043220407 0.0018038432)
(0.11124571 -0.003946953 0.0015980723)
(0.11487261 -0.0038227681 0.0012058205)
(0.11872408 -0.0040662466 0.00054836345)
(0.12278913 -0.0048045078 -0.00050058981)
(0.12704081 -0.0062258907 -0.0020985535)
(0.13150248 -0.0085918404 -0.0044093724)
(0.13627422 -0.012187034 -0.0076123577)
(0.1415231 -0.01732792 -0.011745716)
(0.14720748 -0.024632424 -0.016162772)
(0.15325534 -0.032397684 -0.019745039)
(0.15932383 -0.038290932 -0.021756111)
(0.16474367 -0.040368739 -0.022568062)
(0.16849507 -0.038646549 -0.023376497)
(0.1700918 -0.034769846 -0.024877529)
(0.16997166 -0.030713139 -0.027012682)
(0.16912924 -0.02754702 -0.029319916)
(0.16834428 -0.025217173 -0.03132186)
(0.16780525 -0.02338618 -0.032572)
(0.16745188 -0.021974318 -0.032729177)
(0.16739188 -0.0212346 -0.031507045)
(0.16816331 -0.021325635 -0.028617696)
(0.17084223 -0.022075459 -0.023548313)
(0.1776563 -0.022694608 -0.015336567)
(0.194342 -0.021319155 -0.0024104582)
(0.25099884 -0.011172237 0.013245448)
(0.10011316 -0.0029630188 0.0010844801)
(0.10020006 -0.0042973279 0.0016655244)
(0.09998599 -0.004749255 0.0019189091)
(0.09961421 -0.00491711 0.0020470919)
(0.099299368 -0.0049968458 0.0021089894)
(0.099156691 -0.0050767801 0.0021041449)
(0.099199735 -0.0052464532 0.0020286511)
(0.099408875 -0.0056070826 0.0018925625)
(0.099774906 -0.0063013683 0.0017150216)
(0.10033766 -0.0075922707 0.0014688587)
(0.10121313 -0.0098361265 0.00099758631)
(0.10260196 -0.01354111 5.933944e-05)
(0.1047277 -0.019457301 -0.0012542159)
(0.10765471 -0.028018029 -0.0020389034)
(0.11132661 -0.037145652 -0.00069938405)
(0.11543762 -0.043416973 0.0046203287)
(0.12100859 -0.043404407 0.013497434)
(0.12671439 -0.038384765 0.022001541)
(0.1311273 -0.031624266 0.028059788)
(0.13382401 -0.026394143 0.031006533)
(0.13498439 -0.022644624 0.032767056)
(0.13628187 -0.020079506 0.034617744)
(0.13848174 -0.018706447 0.036820416)
(0.14138398 -0.018176668 0.039616958)
(0.1438188 -0.018924171 0.042010006)
(0.14521713 -0.020653066 0.043927892)
(0.14639548 -0.023094135 0.045454724)
(0.14860588 -0.026388236 0.047173032)
(0.15581663 -0.030476045 0.051054999)
(0.18429038 -0.035018226 0.05637355)
(0.098100272 -0.0015860234 0.0010593498)
(0.096764492 -0.0023605739 0.0016214878)
(0.094399943 -0.0026207725 0.0018605367)
(0.091447878 -0.0026981082 0.0019711287)
(0.088483842 -0.0026987509 0.0020119399)
(0.085698352 -0.0026573923 0.0019863668)
(0.083089553 -0.0026181629 0.0018963401)
(0.080624426 -0.0026393739 0.0017550087)
(0.078253572 -0.0028062356 0.0015924654)
(0.075929746 -0.0032745927 0.0014541853)
(0.073563463 -0.0043305963 0.0013927165)
(0.070937524 -0.006493399 0.0014936173)
(0.067658233 -0.010500539 0.0016715736)
(0.063471409 -0.016478377 0.0019121539)
(0.058525834 -0.021263965 0.0051267127)
(0.055170567 -0.019479014 0.018244187)
(0.057868472 -0.0093378541 0.044230506)
(0.06148243 0.0047104918 0.067988991)
(0.06568556 0.018205406 0.08554538)
(0.071858114 0.028595011 0.097550746)
(0.080386093 0.034993828 0.10448388)
(0.089490294 0.037225726 0.10747707)
(0.097648895 0.036388519 0.10812388)
(0.10431573 0.033581282 0.10708189)
(0.10921117 0.029710986 0.10458384)
(0.11285542 0.024618326 0.099893)
(0.1154935 0.018814389 0.093338803)
(0.11773855 0.012619104 0.085826761)
(0.12434865 0.0067054233 0.079299557)
(0.1546372 0.0030041577 0.072768392)
(0.10586964 -0.0025086733 0.0003564704)
(0.12050964 -0.0025847304 0.00058310459)
(0.13367268 -0.0024170608 0.00067108554)
(0.1443952 -0.001983968 0.0006630026)
(0.15378167 -0.001366741 0.00058307567)
(0.16233174 -0.00075741537 0.00043159266)
(0.17006639 -0.00026808386 0.00017542695)
(0.17696976 6.7488989e-05 -0.00020515881)
(0.18305197 0.00022085579 -0.00072873812)
(0.18829036 0.00014246253 -0.001415107)
(0.19262846 -0.00025639751 -0.0022722981)
(0.19597599 -0.001130876 -0.0032471494)
(0.19767311 -0.002728254 -0.0041227042)
(0.19739938 -0.0058993156 -0.0044760997)
(0.19676945 -0.0095976993 -0.0039477512)
(0.19637969 -0.013101715 -0.002959984)
(0.19536859 -0.016400417 -0.0025559359)
(0.19316763 -0.019784075 -0.0034788729)
(0.19003263 -0.023241654 -0.0057412327)
(0.18653086 -0.026694092 -0.0088644712)
(0.18322366 -0.030055765 -0.012245191)
(0.18055388 -0.033109723 -0.015313318)
(0.17865685 -0.035563383 -0.017645182)
(0.17734122 -0.037235994 -0.019071429)
(0.17635419 -0.038178757 -0.0195561)
(0.17564284 -0.038681185 -0.018982303)
(0.17564602 -0.039006006 -0.017245693)
(0.17753615 -0.038564098 -0.015234817)
(0.18256504 -0.033572314 -0.016045064)
(0.18764006 -0.015186981 -0.020999114)
(0.099850706 -0.0039608651 0.00035721263)
(0.10033157 -0.004792794 0.00061006412)
(0.10203267 -0.0049280974 0.00072630557)
(0.10449006 -0.0046364289 0.00074086013)
(0.107433 -0.0041240343 0.00066556614)
(0.11073823 -0.003648858 0.00048191336)
(0.11428443 -0.0033573862 0.00015421567)
(0.11797834 -0.0033120671 -0.00036218344)
(0.12176924 -0.0036002695 -0.0011196657)
(0.12564693 -0.0043608567 -0.0022030002)
(0.129661 -0.00585103 -0.0036769007)
(0.13396975 -0.0085140856 -0.0055334064)
(0.13889323 -0.012994912 -0.0075464242)
(0.14438028 -0.019878077 -0.0091416779)
(0.14979697 -0.026211031 -0.010195173)
(0.15386957 -0.030092974 -0.012045926)
(0.15534281 -0.032259029 -0.015978268)
(0.15434031 -0.03417644 -0.021725028)
(0.15191977 -0.035880191 -0.028357413)
(0.14881288 -0.037417598 -0.034851532)
(0.14539808 -0.039034496 -0.040333466)
(0.14195282 -0.040673616 -0.044207225)
(0.13851033 -0.04198254 -0.046174401)
(0.13484372 -0.042742544 -0.046266517)
(0.13084283 -0.043238532 -0.044416052)
(0.12661523 -0.044433863 -0.040271787)
(0.12388167 -0.047173828 -0.033568709)
(0.12752944 -0.050567884 -0.027133555)
(0.1444155 -0.047817781 -0.031839906)
(0.19556945 -0.029009029 -0.051610966)
(0.099994413 -0.0029580498 0.00036221158)
(0.099859215 -0.0042858602 0.00062205776)
(0.099523705 -0.0047172969 0.0007542319)
(0.099147293 -0.004852357 0.00079010168)
(0.098872765 -0.004886389 0.00073863805)
(0.098765325 -0.0048999599 0.00057966157)
(0.098811535 -0.0049646922 0.00027577914)
(0.098967264 -0.0051624934 -0.00022829275)
(0.09920733 -0.0056217789 -0.001007075)
(0.099513398 -0.0065490826 -0.0021543219)
(0.099860811 -0.0083525531 -0.0038018771)
(0.10030872 -0.011782839 -0.0060838587)
(0.10115665 -0.018043827 -0.0089157312)
(0.10232207 -0.027108267 -0.011605683)
(0.10280505 -0.033635252 -0.013631199)
(0.10135945 -0.034703869 -0.016392023)
(0.096946672 -0.032719219 -0.020827322)
(0.091848129 -0.031646451 -0.024507447)
(0.087317408 -0.031403945 -0.029045977)
(0.082854067 -0.032222823 -0.034482069)
(0.07768498 -0.03424945 -0.038836887)
(0.072176049 -0.036910931 -0.040707087)
(0.06706343 -0.03938943 -0.039656215)
(0.06274966 -0.041451564 -0.035816117)
(0.060215048 -0.043389086 -0.028442522)
(0.059171315 -0.046377777 -0.017713647)
(0.061182529 -0.051418399 -0.0052730334)
(0.07102942 -0.058329027 0.0015159583)
(0.086534501 -0.060534553 -0.017199109)
(0.12548577 -0.050843171 -0.058915368)
(0.097984088 -0.0015810554 0.00035297057)
(0.096430093 -0.0023504201 0.00060133612)
(0.093946292 -0.0026023437 0.00072346269)
(0.090988951 -0.0026692497 0.00075023729)
(0.088063157 -0.0026566049 0.00069037963)
(0.085308026 -0.002596733 0.00052304398)
(0.082691801 -0.0025301124 0.00020771262)
(0.080151924 -0.0025093155 -0.00032059525)
(0.077629058 -0.0026095937 -0.0011540941)
(0.074989619 -0.002965292 -0.0024265624)
(0.071938553 -0.0038824228 -0.004414554)
(0.067934513 -0.0060767751 -0.0076486616)
(0.062057467 -0.011265728 -0.013246025)
(0.05222061 -0.020055588 -0.022524158)
(0.03664546 -0.023243979 -0.032949062)
(0.021120006 -0.017350904 -0.037532929)
(0.011154638 -0.010315324 -0.026967243)
(0.023236633 -0.0067565291 0.013166006)
(0.026336902 0.0022736917 0.046634262)
(0.032098313 0.01088914 0.066895598)
(0.039827464 0.016629068 0.077943549)
(0.047697626 0.01899704 0.08313624)
(0.054425728 0.018520469 0.084632896)
(0.059167524 0.015713391 0.083395466)
(0.061010146 0.010846282 0.079701976)
(0.059702411 0.0036284933 0.073242255)
(0.057181158 -0.0058789542 0.063907241)
(0.058757735 -0.017645007 0.048907302)
(0.056012538 -0.020656674 -0.00072127846)
(0.091315689 -0.0049535892 -0.071237783)
(0.10583821 -0.0025100357 0.00019140087)
(0.12039559 -0.0025817165 0.0003431588)
(0.13346865 -0.0024000479 0.000431516)
(0.14412109 -0.0019372556 0.00045802479)
(0.15346546 -0.0012643878 0.00042847075)
(0.162017 -0.00055999767 0.0003436169)
(0.16982858 7.6776436e-05 0.00020444503)
(0.17690018 0.00062310224 1.5239727e-05)
(0.18329758 0.0010845653 -0.00022746864)
(0.18912244 0.0014492341 -0.00050864563)
(0.19451032 0.0016664532 -0.00076421586)
(0.1996957 0.0016147693 -0.00080628703)
(0.20446362 0.0011440378 -0.00016422474)
(0.20882843 0.00011687366 0.001895283)
(0.21389113 0.00043378241 0.0054112043)
(0.21897999 0.0016614934 0.0096625663)
(0.22275424 0.0026959767 0.014083013)
(0.22484836 0.0029531857 0.018532635)
(0.22572272 0.0022914305 0.023017917)
(0.22588855 0.0007443023 0.027502946)
(0.22570967 -0.0014902681 0.03193453)
(0.22532171 -0.0040785006 0.036320731)
(0.2245208 -0.0067113852 0.040659165)
(0.2229784 -0.0092852937 0.04473743)
(0.22070747 -0.011694269 0.048110183)
(0.21818544 -0.013259751 0.050233414)
(0.21575581 -0.012602413 0.050385063)
(0.21241054 -0.0081684753 0.047688762)
(0.2032316 0.0023489735 0.039135854)
(0.14388901 0.030592058 0.018670804)
(0.099820393 -0.0039623583 0.0001968657)
(0.10020073 -0.0047883969 0.00036722984)
(0.10177027 -0.0049030826 0.00047225339)
(0.10410069 -0.0045676847 0.00050603583)
(0.10692067 -0.0039750602 0.00046961412)
(0.11009534 -0.0033647977 0.00035573863)
(0.11349546 -0.0028639175 0.00014866081)
(0.11702373 -0.0025179012 -0.00017392927)
(0.12064942 -0.0023682006 -0.00064451226)
(0.12442336 -0.0025399957 -0.0012845232)
(0.12853961 -0.0033291959 -0.0020646174)
(0.13346949 -0.0053160363 -0.0027964655)
(0.14000039 -0.0091466044 -0.0029237827)
(0.14830405 -0.013164371 -0.0015507247)
(0.15721137 -0.012335146 0.00053886399)
(0.16420865 -0.0087840001 0.0017508763)
(0.16835585 -0.0059000489 0.0013900548)
(0.17009368 -0.0051633074 -0.00039335709)
(0.17007641 -0.0066106019 -0.0034341763)
(0.168748 -0.0095327605 -0.0074529556)
(0.16657475 -0.013169478 -0.011765439)
(0.16379967 -0.016782533 -0.015348444)
(0.16027497 -0.019742648 -0.017374344)
(0.15561171 -0.02212215 -0.017565548)
(0.1498277 -0.024547047 -0.016137121)
(0.14449772 -0.026627886 -0.014630662)
(0.14362064 -0.025388206 -0.017031124)
(0.1492038 -0.015732881 -0.025019778)
(0.16344633 0.0073633407 -0.037797293)
(0.17035245 0.047107998 -0.053752186)
(0.099965279 -0.0029554573 0.00019812268)
(0.099732621 -0.0042803888 0.00036932496)
(0.099262963 -0.0047029881 0.00047860859)
(0.098746932 -0.0048199389 0.00051692902)
(0.098325088 -0.0048225831 0.00048060152)
(0.098045308 -0.0047839297 0.000356166)
(0.097873293 -0.0047653858 0.00011831971)
(0.097744473 -0.0048399754 -0.00026946158)
(0.097600397 -0.0051267499 -0.00086434014)
(0.097391462 -0.0058806129 -0.0017515373)
(0.097146031 -0.0076669504 -0.003010737)
(0.097235224 -0.011670445 -0.0046045643)
(0.098489452 -0.019747359 -0.0060025499)
(0.10032997 -0.027552304 -0.0056008032)
(0.10332845 -0.025443585 -0.0031813828)
(0.10361839 -0.019486713 -0.0013898757)
(0.0983368 -0.014240607 -0.0028300121)
(0.090243931 -0.01153997 -0.0073371892)
(0.080859496 -0.012889153 -0.013843217)
(0.071537563 -0.017047281 -0.020453234)
(0.062438245 -0.022307061 -0.025175155)
(0.053404583 -0.027225474 -0.026470773)
(0.044762639 -0.030817974 -0.023452006)
(0.037571052 -0.033727858 -0.016526732)
(0.031786176 -0.037532499 -0.0076194358)
(0.029408483 -0.041741152 -0.005385109)
(0.038461112 -0.04001993 -0.021106747)
(0.059163288 -0.027719392 -0.043492396)
(0.085248278 -0.0051507718 -0.064987791)
(0.10425928 0.031532828 -0.08757098)
(0.097955459 -0.0015827418 0.00019278691)
(0.096306424 -0.0023542947 0.00035652904)
(0.093691093 -0.0026060982 0.00045795734)
(0.09059451 -0.0026692988 0.00048769261)
(0.087518437 -0.0026480932 0.00044074133)
(0.084579581 -0.0025723446 0.00030099912)
(0.081709965 -0.0024803312 3.6781228e-05)
(0.078802094 -0.0024273102 -0.00040401623)
(0.075701094 -0.0024988132 -0.0011188361)
(0.072100303 -0.0028796842 -0.0022990813)
(0.067399231 -0.0040411507 -0.0042850527)
(0.060341321 -0.0073088579 -0.0077733791)
(0.049241101 -0.016091943 -0.014381978)
(0.027879074 -0.024029128 -0.025045742)
(-0.0023391679 -0.011183061 -0.031210988)
(-0.025392752 0.0025446425 -0.026775172)
(-0.039549601 0.0044553962 -0.020015919)
(-0.042952528 0.0027691631 -0.0081330227)
(-0.030061238 6.6803836e-05 0.013501314)
(-0.02104874 0.00067493837 0.029953217)
(-0.010742146 0.0013102668 0.039397532)
(-0.0021689219 0.00073326494 0.044156149)
(0.0037933663 -0.0015807696 0.045753044)
(0.0060371827 -0.0058118691 0.044934493)
(0.0051018131 -0.012298811 0.042300182)
(-0.004619502 -0.023504452 0.02770441)
(-0.018303007 -0.026589775 -0.011104231)
(-0.021563272 -0.0082644412 -0.060143054)
(0.0016145753 0.019696747 -0.093879187)
(0.04791035 0.046659638 -0.11802657)
(0.10581969 -0.002513551 5.2716551e-05)
(0.12033168 -0.0025883825 9.2816443e-05)
(0.13335097 -0.0024087924 0.00011238376)
(0.14395365 -0.0019463485 0.00011124057)
(0.15325404 -0.0012713242 9.1269055e-05)
(0.1617624 -0.00056299988 5.2905426e-05)
(0.16952548 7.7397013e-05 -5.6080488e-06)
(0.17654427 0.00062547806 -8.7407495e-05)
(0.18287881 0.0010731091 -0.00019313033)
(0.18863767 0.0013887164 -0.00032361871)
(0.19402064 0.0014833509 -0.00046073876)
(0.19946929 0.0011902263 -0.0005287785)
(0.20515114 0.00053373575 -0.00031468027)
(0.2112375 0.00028635111 0.00047905757)
(0.21774527 0.0012656101 0.0016870798)
(0.22379013 0.0025590771 0.0029538672)
(0.22853642 0.0038702573 0.0042339367)
(0.23238459 0.005477018 0.0058398315)
(0.23602877 0.0073467513 0.0081172743)
(0.24003501 0.0092627031 0.011338663)
(0.2447487 0.011094736 0.015685486)
(0.25000342 0.013075192 0.021197507)
(0.25491542 0.015411263 0.027702661)
(0.25824773 0.017999545 0.034800462)
(0.25894234 0.020660914 0.041807365)
(0.25606555 0.023578141 0.047644108)
(0.24819201 0.02739737 0.05084045)
(0.23258159 0.033499795 0.049603363)
(0.20579885 0.044191762 0.041386232)
(0.11423676 0.068688316 0.024176838)
(0.09980234 -0.003966119 5.6801486e-05)
(0.10012922 -0.0047953244 0.00010638168)
(0.10162663 -0.0049108251 0.00013582293)
(0.10388366 -0.0045729186 0.00014184846)
(0.10662978 -0.0039739276 0.00012431655)
(0.10972133 -0.0033549506 8.1079131e-05)
(0.11302282 -0.0028467691 7.6854436e-06)
(0.11643044 -0.0024989943 -0.00010240709)
(0.11991125 -0.0023823065 -0.00025791692)
(0.12355156 -0.0026794509 -0.00046133325)
(0.12767732 -0.0038136806 -0.00068515887)
(0.13310085 -0.0065454883 -0.00081842864)
(0.14087719 -0.010961906 -0.0005820015)
(0.15095684 -0.010892338 0.00050541594)
(0.16033483 -0.0067798382 0.0015251142)
(0.16732405 -0.0026299871 0.0017691994)
(0.17313199 0.00022637964 0.0014940476)
(0.17887941 0.0020236703 0.0012176373)
(0.18435868 0.0030429182 0.0010745353)
(0.19024856 0.0037773814 0.0011076827)
(0.19652313 0.0049870818 0.0012927118)
(0.20426613 0.0079044123 0.0019551975)
(0.21403384 0.013875693 0.0035306995)
(0.22338731 0.022604697 0.0060796699)
(0.2313056 0.032913297 0.0094387901)
(0.2365202 0.043925749 0.012673823)
(0.2367457 0.055953368 0.014161409)
(0.22839234 0.07031983 0.011837212)
(0.20998938 0.08935471 0.0031794426)
(0.14366629 0.11944371 -0.014102063)
(0.099947114 -0.0029558711 5.6760056e-05)
(0.099660903 -0.0042820555 0.0001059845)
(0.09911561 -0.0047045332 0.0001359889)
(0.098516134 -0.0048194226 0.00014241153)
(0.098001637 -0.0048187207 0.00012305506)
(0.097607613 -0.0047769052 7.2900628e-05)
(0.097288165 -0.0047586436 -1.5934119e-05)
(0.096953978 -0.004844426 -0.0001570497)
(0.096505021 -0.0051887152 -0.00037505269)
(0.095866642 -0.0061395723 -0.00070189988)
(0.095141239 -0.0085069124 -0.0011677478)
(0.095224786 -0.014059681 -0.0017700498)
(0.096652748 -0.025117169 -0.0024573774)
(0.10007811 -0.024266619 -0.0016080832)
(0.10457435 -0.017394691 0.00022315412)
(0.10348845 -0.010940398 4.3149074e-05)
(0.099440529 -0.0052890593 -0.0014804893)
(0.092252127 -0.0010277639 -0.0036864522)
(0.084770872 0.00042402919 -0.0064436217)
(0.075057054 -0.0015726822 -0.010020304)
(0.063449601 -0.0056804188 -0.013536446)
(0.051634064 -0.0091987546 -0.015478858)
(0.044492925 -0.0092533725 -0.015005626)
(0.054098384 -0.0040773685 -0.01280814)
(0.075741881 0.0054255658 -0.011701885)
(0.10735934 0.020840937 -0.01241811)
(0.13009559 0.037565385 -0.01452506)
(0.14269937 0.057114266 -0.020258242)
(0.14645948 0.082711978 -0.03095612)
(0.11860106 0.11868999 -0.045487164)
(0.097937335 -0.0015826876 5.5049305e-05)
(0.096234993 -0.0023543093 0.00010168342)
(0.093543399 -0.0026055738 0.00012862891)
(0.09035976 -0.0026676157 0.0001311513)
(0.087182506 -0.0026451678 0.0001060506)
(0.084112006 -0.0025690986 4.6524246e-05)
(0.081061219 -0.002479688 -5.8085234e-05)
(0.077869716 -0.00243682 -0.00023006127)
(0.074270581 -0.0025499441 -0.00051766)
(0.069760933 -0.0030771649 -0.0010117375)
(0.063278853 -0.0047317885 -0.0019029483)
(0.05239176 -0.0097526188 -0.0036881314)
(0.035230694 -0.023467827 -0.0080074173)
(-0.012269421 -0.012674687 -0.017042296)
(-0.04318919 0.0046534288 -0.014645844)
(-0.062856667 0.0075018705 -0.012069568)
(-0.076744208 0.0074171449 -0.0092752833)
(-0.083776084 0.0045324182 -0.0049145779)
(-0.084691024 -7.5412924e-05 0.00065495888)
(-0.077485222 -0.004946706 0.00656739)
(-0.068096664 -0.0092804592 0.0099380932)
(-0.059596797 -0.013579181 0.011054537)
(-0.052684715 -0.018505906 0.010336412)
(-0.046173571 -0.022598228 0.0078955065)
(-0.038911221 -0.022419936 0.0030532759)
(-0.032273923 -0.013066667 -0.0075731667)
(-0.0062259401 0.0130857 -0.024181211)
(0.011562599 0.039412203 -0.041303032)
(0.029022789 0.065596685 -0.059075488)
(0.061241946 0.0990583 -0.074786553)
(0.10581814 -0.0025132718 -4.9630199e-05)
(0.12032722 -0.0025883292 -8.6106501e-05)
(0.13334406 -0.0024091052 -0.00010158528)
(0.14394483 -0.0019472328 -9.6119089e-05)
(0.15324376 -0.0012730251 -7.2083542e-05)
(0.16175147 -0.0005656582 -3.0121609e-05)
(0.16951577 7.4661986e-05 3.1903925e-05)
(0.17653711 0.00062223526 0.00011802952)
(0.18287666 0.0010697176 0.00023146777)
(0.18864538 0.0013870516 0.00037695426)
(0.19404361 0.0014859782 0.00054153472)
(0.1995095 0.001197509 0.0006576285)
(0.20519779 0.00053753273 0.0005244443)
(0.21127867 0.0002165463 -0.00015410701)
(0.21783651 0.0011481852 -0.0012220677)
(0.22402253 0.0024190243 -0.0022891792)
(0.22909128 0.0037201821 -0.0032428385)
(0.23344552 0.0053687842 -0.0043030335)
(0.23782204 0.0073780057 -0.0057189586)
(0.2427561 0.0097000026 -0.0076978326)
(0.24840666 0.01235594 -0.010471561)
(0.25432395 0.015484859 -0.01430488)
(0.25948433 0.019062082 -0.019354548)
(0.26272572 0.022867964 -0.025457569)
(0.26310211 0.026677352 -0.032013901)
(0.25974401 0.030532894 -0.037954198)
(0.25111182 0.035109863 -0.041784597)
(0.23421213 0.041476806 -0.041774084)
(0.20552421 0.0516156 -0.035528636)
(0.10958877 0.073995939 -0.021005611)
(0.099802458 -0.0039656625 -4.3790189e-05)
(0.10012968 -0.0047950051 -7.3537969e-05)
(0.10162776 -0.0049107969 -7.7010181e-05)
(0.10388614 -0.0045733552 -5.2150344e-05)
(0.10663495 -0.0039750277 2.7988998e-07)
(0.10973244 -0.0033566722 8.2388238e-05)
(0.11304269 -0.0028469798 0.00019957546)
(0.11646138 -0.0024980908 0.00035874281)
(0.11995904 -0.002378464 0.00057405596)
(0.12362528 -0.0026667066 0.00085378192)
(0.12778638 -0.003779977 0.0011787215)
(0.13324325 -0.0064690589 0.0014507171)
(0.14102755 -0.010810439 0.0014005994)
(0.1511418 -0.010967902 0.00049371482)
(0.16063857 -0.0070138849 -0.00038917228)
(0.16778516 -0.0028779834 -0.00046701058)
(0.17383903 3.3085809e-05 5.9780245e-05)
(0.18003345 0.0020266016 0.00072708237)
(0.18619148 0.0035813478 0.0014622079)
(0.1931245 0.0054628266 0.0022412674)
(0.20151666 0.0087603339 0.0028413091)
(0.21138097 0.014479864 0.0026974433)
(0.22189559 0.022885892 0.001281706)
(0.23189547 0.03332602 -0.0015574331)
(0.24014733 0.04469453 -0.0054376039)
(0.24516602 0.056568437 -0.0094361555)
(0.24419997 0.069659885 -0.011990152)
(0.23283916 0.084393475 -0.011434702)
(0.20909983 0.10239927 -0.0055121219)
(0.12618243 0.12977248 0.0090740559)
(0.099947262 -0.002955635 -4.2804792e-05)
(0.099661705 -0.0042817204 -7.1087481e-05)
(0.099117829 -0.0047041146 -7.2686749e-05)
(0.098520885 -0.0048188724 -4.3785218e-05)
(0.098010967 -0.0048179509 1.7369645e-05)
(0.097627166 -0.0047755122 0.00011612115)
(0.097322101 -0.0047542759 0.00026171143)
(0.097006206 -0.0048369928 0.00047073856)
(0.096589201 -0.0051750665 0.00077509306)
(0.096007153 -0.0061098107 0.0012175588)
(0.09537379 -0.008434711 0.0018454079)
(0.095577543 -0.013871045 0.0026836078)
(0.09708352 -0.024602921 0.0036978106)
(0.10072018 -0.024235821 0.0031286181)
(0.10543625 -0.017520681 0.0013590315)
(0.10443173 -0.011117054 0.0016736375)
(0.10143733 -0.0055414273 0.0035405328)
(0.095730334 -0.0011353656 0.0064201131)
(0.090739422 0.00097010719 0.010102786)
(0.085162848 0.00033738153 0.014484217)
(0.079064493 -0.0015733725 0.018273103)
(0.077104289 -0.0022694202 0.019723562)
(0.083264214 0.00049387106 0.018016236)
(0.098747809 0.0079177916 0.014513068)
(0.12205401 0.020527294 0.010961612)
(0.14289347 0.036263945 0.0073530251)
(0.1583476 0.05341309 0.005817143)
(0.16290278 0.072790964 0.007867826)
(0.15663879 0.097433367 0.014777835)
(0.10302068 0.13257216 0.026815282)
(0.09793745 -0.001582602 -4.1366274e-05)
(0.096235729 -0.0023541494 -6.7716021e-05)
(0.093545626 -0.0026053415 -6.7033801e-05)
(0.090364789 -0.0026673099 -3.4893682e-05)
(0.087192929 -0.0026447964 3.164333e-05)
(0.084135494 -0.0025684043 0.00013997867)
(0.081102208 -0.0024773756 0.00030269072)
(0.077932818 -0.0024331346 0.00054713346)
(0.07437919 -0.0025436019 0.00093107618)
(0.069963152 -0.0030629588 0.001561272)
(0.063676538 -0.0046930165 0.0026576012)
(0.053215504 -0.0096168003 0.0047728221)
(0.036551985 -0.022932456 0.0096526761)
(-0.0075751971 -0.013740241 0.01942159)
(-0.039316823 0.0036367562 0.016630621)
(-0.058917388 0.0060885922 0.013491883)
(-0.073803692 0.0058451052 0.010990169)
(-0.080715654 0.0026889708 0.0068764408)
(-0.081483918 -0.0022361701 0.00081689137)
(-0.073540301 -0.007328491 -0.0067021371)
(-0.064067839 -0.011755869 -0.012587145)
(-0.055059255 -0.015703023 -0.01679888)
(-0.046803153 -0.018626633 -0.019563952)
(-0.038162352 -0.019015184 -0.020858067)
(-0.026686766 -0.014222468 -0.019977624)
(-0.0046065667 0.0031212057 -0.011038171)
(0.020042999 0.030201087 -0.0026351854)
(0.026110881 0.05003819 0.007758964)
(0.034740096 0.077164415 0.023435391)
(0.040493428 0.11382117 0.038528131)
(0.10583413 -0.0025089046 -0.00018899261)
(0.12038413 -0.002580788 -0.00033801041)
(0.13345165 -0.0023994321 -0.00042338481)
(0.14410051 -0.0019370985 -0.00044701613)
(0.15344255 -0.0012647858 -0.0004154582)
(0.16199273 -0.00056103658 -0.00033023563)
(0.16980368 7.440199e-05 -0.00019279825)
(0.17687811 0.00061851612 -6.5115351e-06)
(0.18328463 0.0010788785 0.00023359435)
(0.18912531 0.001443431 0.00051407557)
(0.19453723 0.0016605112 0.00077394912)
(0.19976185 0.001605639 0.00083260945)
(0.20460767 0.0011317162 0.00023654477)
(0.20910833 0.00014030376 -0.0017117256)
(0.2143171 0.00043104777 -0.0050673769)
(0.21961323 0.0016477996 -0.0091538546)
(0.22370729 0.0027402398 -0.013446871)
(0.22627349 0.003139619 -0.017856026)
(0.22776379 0.0027215141 -0.022465327)
(0.22859648 0.0015047009 -0.027368699)
(0.22896051 -0.000355064 -0.032652569)
(0.22885172 -0.002634446 -0.038350311)
(0.22810421 -0.0051697891 -0.044284431)
(0.22658139 -0.0078765266 -0.049967203)
(0.22447478 -0.010535767 -0.054686796)
(0.22227391 -0.012433572 -0.057686823)
(0.22017285 -0.012192236 -0.058270495)
(0.21700248 -0.0083191773 -0.055558111)
(0.20789969 0.0016322549 -0.046236754)
(0.14884613 0.029981529 -0.024294095)
(0.099821069 -0.0039605893 -0.00018545909)
(0.10020337 -0.0047863743 -0.00033846158)
(0.10177629 -0.0049008567 -0.00042086494)
(0.10411231 -0.0045651769 -0.00042800224)
(0.10694065 -0.0039721277 -0.00036212242)
(0.11012595 -0.0033614184 -0.00021697169)
(0.11353796 -0.0028616212 2.207379e-05)
(0.11708665 -0.0025155621 0.00038093841)
(0.12074364 -0.002363479 0.00089151382)
(0.12455885 -0.0025303385 0.0015752575)
(0.12873083 -0.0033128113 0.0024036815)
(0.13374095 -0.0052910148 0.0031947504)
(0.14037402 -0.009079517 0.0034142375)
(0.14880054 -0.012898371 0.0022001751)
(0.1578483 -0.012104314 0.00026398241)
(0.16513834 -0.0086385798 -0.00084268897)
(0.16972285 -0.0057591096 -0.0004460216)
(0.17213328 -0.0048509722 0.0012723848)
(0.17305465 -0.0059705888 0.0041090252)
(0.17291567 -0.0083784457 0.0076696009)
(0.17211537 -0.011299369 0.011227912)
(0.17077973 -0.014152609 0.013882878)
(0.16871293 -0.01672109 0.015070746)
(0.16557354 -0.019308368 0.014789567)
(0.16165037 -0.022238767 0.013601305)
(0.15823281 -0.024748276 0.012937489)
(0.15822701 -0.02360908 0.015533218)
(0.16354705 -0.014208417 0.023531766)
(0.17599129 0.0079113802 0.036964234)
(0.17991757 0.046735538 0.054217549)
(0.099966114 -0.0029545595 -0.00018589597)
(0.09973648 -0.0042788265 -0.00033874813)
(0.099272642 -0.0047006182 -0.00042323844)
(0.09876581 -0.0048164162 -0.00043097556)
(0.098356963 -0.004817607 -0.00035911664)
(0.098092362 -0.0047775611 -0.00019504151)
(0.097941032 -0.0047595209 8.4858942e-05)
(0.097847998 -0.0048307984 0.00052056991)
(0.097754848 -0.0051118642 0.0011688851)
(0.097614558 -0.0058572738 0.0021168703)
(0.097466398 -0.0076309807 0.0034349738)
(0.097699189 -0.011610726 0.0050855244)
(0.099095513 -0.019583129 0.0065670413)
(0.10126986 -0.02685863 0.0063530443)
(0.10462443 -0.02491681 0.0041884299)
(0.10553555 -0.019102095 0.0024823402)
(0.10115398 -0.014028768 0.0037872435)
(0.094257645 -0.011313827 0.0078901199)
(0.08631248 -0.012434448 0.013777569)
(0.078799596 -0.016125292 0.019746486)
(0.071739461 -0.020725542 0.023904307)
(0.064873463 -0.025072337 0.024650259)
(0.058431225 -0.028515283 0.021834664)
(0.052177026 -0.031504465 0.016739921)
(0.047138905 -0.034492678 0.011898063)
(0.044327934 -0.037811936 0.012039756)
(0.049177976 -0.036870329 0.024667002)
(0.066472901 -0.02548316 0.044750653)
(0.089983553 -0.0037583924 0.066340031)
(0.10093226 0.030811332 0.090014542)
(0.09795626 -0.001582446 -0.00018083313)
(0.096310301 -0.0023536788 -0.00032682928)
(0.093701196 -0.0026050907 -0.00040419083)
(0.090614667 -0.0026677732 -0.00040399645)
(0.087552798 -0.0026459334 -0.00032197092)
(0.084629711 -0.0025697215 -0.00014275694)
(0.081785297 -0.0024784954 0.00016310773)
(0.078923273 -0.0024244163 0.00065291298)
(0.075884918 -0.002493645 0.0014238492)
(0.072369442 -0.0028719472 0.0026647885)
(0.067790935 -0.0040319994 0.0046974203)
(0.060916617 -0.0073032148 0.0081902666)
(0.050068575 -0.016009817 0.014729447)
(0.02911578 -0.023215415 0.025588211)
(0.0011391095 -0.011620641 0.032167665)
(-0.02170162 0.001935013 0.027584459)
(-0.035976756 0.0037077503 0.020581765)
(-0.040855331 0.0022321128 0.0089758927)
(-0.028724176 -0.00061308996 -0.012700993)
(-0.020388301 -5.3211473e-06 -0.030234417)
(-0.010806887 0.00079730987 -0.040944978)
(-0.0030708725 0.00038312877 -0.046613163)
(0.0020251449 -0.0013301971 -0.048980852)
(0.003345761 -0.0046528139 -0.049035276)
(0.000417612 -0.010392529 -0.04649036)
(-0.01079963 -0.020674752 -0.029929938)
(-0.026177075 -0.024871892 0.011208509)
(-0.031021367 -0.0054879123 0.057408252)
(-0.013941924 0.020525652 0.086344955)
(0.018774568 0.049720764 0.11334328)
(0.1058628 -0.0025072652 -0.00035474987)
(0.12049013 -0.0025841166 -0.00057956499)
(0.13364276 -0.0024175823 -0.00066575543)
(0.14435696 -0.0019861684 -0.00065618841)
(0.15373567 -0.0013713522 -0.00057579327)
(0.16227803 -0.00076545156 -0.00042560346)
(0.17000701 -0.00028093487 -0.00017287893)
(0.17690926 5.0669108e-05 0.0002019382)
(0.18299629 0.00019936544 0.00071662396)
(0.18824957 0.00011591352 0.0013900466)
(0.19261963 -0.00028887757 0.0022290972)
(0.19602959 -0.0011716152 0.0031766739)
(0.19785074 -0.0027796257 0.0040057242)
(0.19780205 -0.0059249713 0.0042768855)
(0.19747586 -0.0095495199 0.0036355812)
(0.197418 -0.012963521 0.0024890654)
(0.19675615 -0.016185008 0.0018685551)
(0.19492709 -0.019510034 0.0025291078)
(0.19215338 -0.022909161 0.0044863815)
(0.18889518 -0.026308832 0.0072496497)
(0.18557476 -0.029675617 0.010222121)
(0.18256175 -0.032882609 0.012914932)
(0.18006588 -0.035714341 0.01501818)
(0.17810685 -0.03798525 0.016414401)
(0.17667747 -0.039642029 0.017063689)
(0.1759268 -0.040819505 0.016867089)
(0.17637792 -0.041672607 0.015780512)
(0.17919739 -0.041656423 0.014745758)
(0.18570152 -0.037040725 0.016898229)
(0.19367703 -0.019368622 0.023273498)
(0.09985136 -0.0039585887 -0.00034805275)
(0.10033417 -0.0047907634 -0.00058713568)
(0.10203885 -0.0049266201 -0.00068569919)
(0.10450241 -0.0046357879 -0.00067977358)
(0.10745459 -0.0041247002 -0.00058239908)
(0.11077252 -0.0036516337 -0.00037602125)
(0.11433991 -0.0033632428 -2.5103537e-05)
(0.11806186 -0.003320563 0.00051440658)
(0.12188648 -0.0036113237 0.0012909816)
(0.1258088 -0.0043678298 0.0023854658)
(0.1298842 -0.0058518795 0.0038590255)
(0.13428315 -0.008507228 0.0056949335)
(0.13933946 -0.012965163 0.0076501398)
(0.14501566 -0.019702681 0.0091381566)
(0.15068685 -0.025817536 0.010083545)
(0.15506926 -0.029556024 0.011770672)
(0.15691346 -0.031682285 0.015517526)
(0.15633906 -0.033652803 0.021129249)
(0.15439409 -0.035427031 0.027630031)
(0.15171494 -0.037001085 0.033971227)
(0.14854761 -0.038652309 0.039269433)
(0.14507596 -0.040466799 0.042994518)
(0.14138226 -0.042259226 0.044963449)
(0.13737536 -0.043844891 0.045241049)
(0.13310287 -0.045311546 0.043786473)
(0.12889816 -0.047234537 0.040259177)
(0.12635162 -0.050268082 0.034504346)
(0.13009123 -0.053884096 0.029316296)
(0.14731321 -0.051258019 0.035986781)
(0.19841476 -0.032659182 0.057022138)
(0.099995282 -0.0029568876 -0.00035238456)
(0.099863573 -0.0042839875 -0.00059763063)
(0.099535219 -0.0047146342 -0.00071030337)
(0.099170362 -0.004848548 -0.0007223879)
(0.098912465 -0.0048810887 -0.00064365161)
(0.098827703 -0.0048928449 -0.00045440822)
(0.098906978 -0.004955115 -0.00011626094)
(0.099105957 -0.0051509722 0.00042346316)
(0.099406538 -0.0056060937 0.0012344769)
(0.099785882 -0.0065228726 0.0023982018)
(0.10022084 -0.0083125178 0.0040482737)
(0.10079581 -0.011726342 0.0063036276)
(0.10181816 -0.017947917 0.0090524616)
(0.10321364 -0.026734515 0.011601854)
(0.10407419 -0.032962742 0.013499638)
(0.10306453 -0.0339845 0.016071709)
(0.099023133 -0.032085201 0.020536067)
(0.094185917 -0.031201605 0.024354138)
(0.090116692 -0.031116137 0.028557989)
(0.086269701 -0.031954296 0.03349938)
(0.081588053 -0.033897512 0.037474251)
(0.076139125 -0.036551144 0.039077159)
(0.070592048 -0.039277694 0.038110274)
(0.065155061 -0.041800042 0.034935747)
(0.060658736 -0.044174759 0.029073186)
(0.057765951 -0.047451444 0.019852015)
(0.0582273 -0.052803816 0.0085265794)
(0.066713924 -0.060610053 0.0023296527)
(0.081255507 -0.063437244 0.025102663)
(0.11797927 -0.053871904 0.069827312)
(0.097984881 -0.0015806798 -0.00034337256)
(0.096434344 -0.0023496658 -0.00057761176)
(0.09395811 -0.002601179 -0.00068079831)
(0.091013431 -0.0026675879 -0.00068427289)
(0.088106345 -0.0026543741 -0.0005973801)
(0.08537769 -0.0025938521 -0.00039940201)
(0.082800071 -0.0025261246 -4.7616069e-05)
(0.080313039 -0.0025038831 0.000518013)
(0.077862716 -0.0026006967 0.0013849896)
(0.075311159 -0.0029531484 0.0026780163)
(0.072360195 -0.0038661709 0.0046781388)
(0.068474441 -0.0060642788 0.0079046886)
(0.062730646 -0.011263814 0.01344887)
(0.052973243 -0.019693369 0.022672493)
(0.037979612 -0.022618318 0.033125918)
(0.022930318 -0.016881377 0.038039031)
(0.012253866 -0.010177529 0.030117037)
(0.023703613 -0.0076905764 -0.0081602097)
(0.026473653 0.00085362756 -0.043369542)
(0.031403039 0.0096621557 -0.065388463)
(0.038231303 0.01588772 -0.077988657)
(0.045311413 0.018741998 -0.084272459)
(0.051218915 0.018789195 -0.086552626)
(0.055025957 0.016475312 -0.085799818)
(0.05579964 0.012044347 -0.082237066)
(0.053447987 0.0049537444 -0.075403891)
(0.049358544 -0.0051743603 -0.064846713)
(0.049011498 -0.018748997 -0.047898254)
(0.040138661 -0.023407391 0.0090250124)
(0.061999561 -0.0052439431 0.090060282)
(0.1059889 -0.0024862731 -0.0010048634)
(0.12081647 -0.0025649064 -0.0014005328)
(0.13406132 -0.0024248215 -0.0013936905)
(0.14475914 -0.002041458 -0.0011531678)
(0.15407754 -0.0014854552 -0.00069735981)
(0.1626036 -0.00094068653 1.7592667e-05)
(0.17035461 -0.00055626037 0.0010541593)
(0.1772463 -0.00040387116 0.002582963)
(0.18325194 -0.00054986505 0.0048607041)
(0.18834907 -0.0010764045 0.0081818481)
(0.19247266 -0.0021153468 0.012889462)
(0.19552824 -0.0038143958 0.019236736)
(0.19690069 -0.0063226929 0.027161543)
(0.19630929 -0.010344907 0.035893589)
(0.19550052 -0.01501893 0.044194616)
(0.19579572 -0.01937548 0.051078716)
(0.19694665 -0.022410973 0.056360888)
(0.19794714 -0.023782113 0.060365683)
(0.1980397 -0.02393151 0.063377508)
(0.19714314 -0.023621355 0.06549383)
(0.1957211 -0.023361764 0.066775906)
(0.19436057 -0.023237308 0.067297288)
(0.19346249 -0.023195699 0.067119617)
(0.19321617 -0.023210354 0.066280359)
(0.19373376 -0.023262473 0.06476792)
(0.19512586 -0.023202484 0.062469832)
(0.19739839 -0.022585973 0.059063045)
(0.20030285 -0.020262224 0.053953545)
(0.20322255 -0.01276181 0.046375079)
(0.1968224 0.010074962 0.03623023)
(0.099974848 -0.00394501 -0.0010576481)
(0.100692 -0.004789149 -0.001602117)
(0.10252753 -0.0049670411 -0.0017952306)
(0.10500972 -0.004744766 -0.0018313093)
(0.10795211 -0.0043186263 -0.0017516803)
(0.11129385 -0.0039434629 -0.0015327943)
(0.11494242 -0.0038193064 -0.001128838)
(0.11881902 -0.0040617584 -0.0004652173)
(0.12290776 -0.0047951368 0.00058094522)
(0.12718515 -0.0062108337 0.0021617104)
(0.13167743 -0.008560204 0.004429879)
(0.13648087 -0.012127993 0.0075484207)
(0.14175634 -0.017238812 0.011532887)
(0.14744816 -0.024529422 0.015750102)
(0.15347501 -0.03237262 0.019169499)
(0.15951799 -0.038501086 0.021143228)
(0.16497177 -0.040991341 0.021962163)
(0.168905 -0.039652559 0.02273323)
(0.17079079 -0.035925962 0.024137816)
(0.17090415 -0.031741388 0.026165928)
(0.17011755 -0.028327419 0.028404103)
(0.16920645 -0.025807683 0.030418331)
(0.16841943 -0.023960882 0.031813265)
(0.16776368 -0.022745955 0.032227507)
(0.16742801 -0.022329479 0.031307742)
(0.16798814 -0.022786614 0.028686799)
(0.17051509 -0.023933353 0.02383656)
(0.17729575 -0.025055261 0.015863467)
(0.19432973 -0.024431399 0.00338351)
(0.25328968 -0.015814555 -0.011815675)
(0.10011428 -0.0029613952 -0.0010780879)
(0.10020586 -0.0042945443 -0.0016496891)
(0.10000174 -0.0047450505 -0.0018905553)
(0.099646319 -0.0049108159 -0.0020037102)
(0.099355105 -0.0049876752 -0.0020487695)
(0.099244038 -0.0050638566 -0.0020259695)
(0.099327115 -0.0052286947 -0.001932354)
(0.099583437 -0.0055827187 -0.0017813129)
(0.099996209 -0.0062678279 -0.0015956221)
(0.10061479 -0.0075431058 -0.0013533112)
(0.10155838 -0.0097548307 -0.00090829496)
(0.10300708 -0.0134043 -4.1951133e-05)
(0.10518343 -0.019226784 0.0011432165)
(0.10811659 -0.027722713 0.0017865073)
(0.11171379 -0.036878345 0.00050017064)
(0.11565937 -0.043316726 -0.0043740502)
(0.12099858 -0.043807338 -0.012905775)
(0.12663477 -0.039247025 -0.021368563)
(0.13119635 -0.032573636 -0.027692992)
(0.13410108 -0.026941814 -0.031183556)
(0.1354711 -0.023010221 -0.033112023)
(0.13639424 -0.020038419 -0.03519747)
(0.137968 -0.018196657 -0.037500713)
(0.14002148 -0.017475175 -0.039935697)
(0.14183771 -0.018287221 -0.041767615)
(0.1428749 -0.020423054 -0.043070203)
(0.14373476 -0.023390473 -0.044242363)
(0.14571744 -0.027344149 -0.045629417)
(0.15329246 -0.032499445 -0.048937426)
(0.18410882 -0.039165663 -0.050381631)
(0.098101351 -0.0015854948 -0.0010530947)
(0.096770338 -0.0023594608 -0.0016060419)
(0.094416408 -0.0026189827 -0.0018328374)
(0.091482331 -0.0026954683 -0.0019285676)
(0.08854482 -0.0026950579 -0.0019524924)
(0.085795579 -0.0026523937 -0.0019085706)
(0.083233809 -0.0026114126 -0.0017996698)
(0.080825757 -0.0026299724 -0.0016418185)
(0.078520125 -0.002792441 -0.0014666644)
(0.076283744 -0.0032472574 -0.0013174617)
(0.074040184 -0.0042742445 -0.001242818)
(0.071565773 -0.0063807375 -0.0013155169)
(0.06849481 -0.010319636 -0.0014189676)
(0.064512194 -0.016330909 -0.0014059753)
(0.059703755 -0.021410289 -0.0038774628)
(0.056058509 -0.020346502 -0.015513663)
(0.058438621 -0.0111194 -0.041062802)
(0.061695123 0.0025520599 -0.065232932)
(0.06553602 0.016176739 -0.083472485)
(0.070951199 0.026986165 -0.096189837)
(0.078489483 0.033955334 -0.1039844)
(0.086999151 0.036588799 -0.10743884)
(0.094625103 0.036159668 -0.10834685)
(0.10085284 0.033632325 -0.10734174)
(0.1054147 0.029905088 -0.10470174)
(0.10873363 0.024884019 -0.099753571)
(0.11108429 0.01891083 -0.092623874)
(0.11297423 0.012260605 -0.083972325)
(0.12000352 0.005505872 -0.075475502)
(0.15308002 0.00058220193 -0.060427084)
(0.10472462 -0.002485025 -0.00087682512)
(0.11869589 -0.002552762 -0.0013166608)
(0.13069114 -0.0023212809 -0.0013948721)
(0.14005414 -0.0017496145 -0.0012510867)
(0.14823212 -0.00090209443 -0.00089889726)
(0.1558792 4.5354165e-05 -0.00029729534)
(0.16326572 0.00098535646 0.00058711242)
(0.17065037 0.0018557987 0.0019177321)
(0.17823318 0.0027591824 0.0039673655)
(0.18632591 0.003888503 0.007060589)
(0.19508263 0.005579235 0.011608427)
(0.20415897 0.0082034952 0.018021936)
(0.21199257 0.012147561 0.026543817)
(0.21698375 0.016760683 0.036961745)
(0.21924031 0.02190784 0.048418253)
(0.21938742 0.026873991 0.059675447)
(0.21762348 0.031077004 0.069573584)
(0.21414025 0.034236881 0.077423006)
(0.20945338 0.036258964 0.083053529)
(0.20438303 0.037153818 0.086647606)
(0.19979525 0.037075849 0.088541447)
(0.19630825 0.036290954 0.089088337)
(0.19417835 0.035056095 0.088590707)
(0.19337234 0.033567632 0.087275747)
(0.1936637 0.031991451 0.085272698)
(0.1945949 0.030555705 0.082557233)
(0.19522581 0.029670043 0.078872429)
(0.19364454 0.03017127 0.073638534)
(0.18635265 0.034021876 0.065861432)
(0.14625927 0.047214406 0.053502847)
(0.098685081 -0.0039332588 -0.00084725918)
(0.098462164 -0.0047408988 -0.001278123)
(0.098918019 -0.004779003 -0.001457574)
(0.09985019 -0.0042971463 -0.0015363443)
(0.10133519 -0.0034884038 -0.0015410805)
(0.10340389 -0.0026072035 -0.0014564967)
(0.10603579 -0.0018266615 -0.0012567691)
(0.10940334 -0.0011918027 -0.00088229294)
(0.11400728 -0.00037918968 -0.00020662463)
(0.12035485 0.0010036869 0.00094950226)
(0.12942645 0.0038041276 0.0028966687)
(0.14147065 0.0090220454 0.0060110725)
(0.15620792 0.01745415 0.010794169)
(0.17178808 0.027975175 0.017313488)
(0.18612711 0.040057151 0.025090213)
(0.19747912 0.052408065 0.033176971)
(0.20472481 0.063936875 0.040670712)
(0.2076016 0.073724097 0.047073042)
(0.20679486 0.081030765 0.052221323)
(0.20368528 0.085454006 0.056111852)
(0.19980044 0.087192349 0.058786653)
(0.19623369 0.086908517 0.060282554)
(0.19349373 0.085296742 0.060690283)
(0.19170699 0.082860481 0.060146494)
(0.1908133 0.079926875 0.058748048)
(0.19056934 0.076889866 0.056413376)
(0.19034878 0.074498847 0.052748647)
(0.18887369 0.074318317 0.046855735)
(0.18478579 0.079637918 0.036728203)
(0.15825824 0.095318015 0.017435892)
(0.098813664 -0.0029330744 -0.00087436083)
(0.097949279 -0.0042413181 -0.0013262915)
(0.096299175 -0.0046482895 -0.0015270787)
(0.094239819 -0.0047362891 -0.0016466898)
(0.092237791 -0.0046968523 -0.0017376195)
(0.090472935 -0.0046193659 -0.0018124463)
(0.088928656 -0.0046113126 -0.0018900407)
(0.087537508 -0.0047055454 -0.0020145715)
(0.086357391 -0.0047303582 -0.0022543126)
(0.085713865 -0.0045857987 -0.0026391565)
(0.086141413 -0.0040114872 -0.0031155816)
(0.089828401 -0.0014737914 -0.0032614991)
(0.099981894 0.0059332802 -0.0024262512)
(0.1158719 0.019153172 -0.00047117691)
(0.13467736 0.036304324 0.002433508)
(0.15283434 0.054554326 0.0054949071)
(0.16745501 0.071221753 0.0081544887)
(0.1773243 0.08511128 0.010208245)
(0.18278113 0.095644836 0.011860036)
(0.18513748 0.10261623 0.013404259)
(0.18589921 0.10616391 0.014978611)
(0.18602866 0.10675446 0.016359568)
(0.18583675 0.10506016 0.017225406)
(0.18532877 0.10171439 0.017474297)
(0.18449711 0.097209056 0.017085858)
(0.18335041 0.091982598 0.015939227)
(0.18173937 0.086762555 0.01373307)
(0.17930212 0.0831551 0.0098665631)
(0.17645195 0.084785562 0.0033011084)
(0.16127427 0.097857487 -0.0091271882)
(0.09685687 -0.0015584629 -0.00083972695)
(0.094628018 -0.002303036 -0.0012534311)
(0.090899728 -0.0025294652 -0.0014153883)
(0.086340928 -0.0025599826 -0.0014941445)
(0.081772225 -0.002497462 -0.0015460832)
(0.077437336 -0.002374098 -0.0015879628)
(0.07329644 -0.0022309552 -0.0016446415)
(0.0692487 -0.0021055164 -0.0017629249)
(0.065162948 -0.002038043 -0.0020190659)
(0.060826789 -0.0022082398 -0.0025233195)
(0.05582274 -0.003135372 -0.0035105018)
(0.049745511 -0.0048448512 -0.0054217492)
(0.042073151 -0.0054938694 -0.0089103402)
(0.037941793 0.00086235139 -0.01380125)
(0.044845212 0.016173817 -0.019493558)
(0.060062728 0.03358446 -0.02555581)
(0.076474 0.048568864 -0.031318046)
(0.091021412 0.060787399 -0.036532302)
(0.10335771 0.070216558 -0.040852519)
(0.11408091 0.076803632 -0.04388879)
(0.12367884 0.080519226 -0.045745089)
(0.13221226 0.081483711 -0.046620562)
(0.13943555 0.080138627 -0.046697665)
(0.14503231 0.077049971 -0.046184993)
(0.14883888 0.072770584 -0.045328633)
(0.15094857 0.067757714 -0.04439973)
(0.15177405 0.062624676 -0.043676283)
(0.15235214 0.058595877 -0.043164729)
(0.15665295 0.058448365 -0.042385617)
(0.17734112 0.067924037 -0.041577924)
)
;

boundaryField
{
    maxY
    {
        type            fixedValue;
        value           uniform (0 0 0);
    }
    minX
    {
        type            fixedValue;
        value           uniform (0.1 0 0);
    }
    maxX
    {
        type            inletOutlet;
        inletValue      uniform (0 0 0);
        value           nonuniform List<vector> 
40
(
(0.14267987 0.048539736 -0.052980535)
(0.15530975 0.097170327 -0.016634945)
(0.15877586 0.099967383 0.010289433)
(0.17575771 0.069157246 0.043380946)
(0.19151717 0.012954546 -0.036531297)
(0.25099884 -0.011172237 0.013245448)
(0.18429038 -0.035018226 0.05637355)
(0.1546372 0.0030041577 0.072768392)
(0.18764006 -0.015186981 -0.020999114)
(0.19556945 -0.029009029 -0.051610966)
(0.12548577 -0.050843171 -0.058915368)
(0.091315689 -0.0049535892 -0.071237783)
(0.14388901 0.030592058 0.018670804)
(0.17035245 0.047107998 -0.053752186)
(0.10425928 0.031532828 -0.08757098)
(0.04791035 0.046659638 -0.11802657)
(0.11423676 0.068688316 0.024176838)
(0.14366629 0.11944371 -0.014102063)
(0.11860106 0.11868999 -0.045487164)
(0.061241946 0.0990583 -0.074786553)
(0.10958877 0.073995939 -0.021005611)
(0.12618243 0.12977248 0.0090740559)
(0.10302068 0.13257216 0.026815282)
(0.040493428 0.11382117 0.038528131)
(0.14884613 0.029981529 -0.024294095)
(0.17991757 0.046735538 0.054217549)
(0.10093226 0.030811332 0.090014542)
(0.018774568 0.049720764 0.11334328)
(0.19367703 -0.019368622 0.023273498)
(0.19841476 -0.032659182 0.057022138)
(0.11797927 -0.053871904 0.069827312)
(0.061999561 -0.0052439431 0.090060282)
(0.1968224 0.010074962 0.03623023)
(0.25328968 -0.015814555 -0.011815675)
(0.18410882 -0.039165663 -0.050381631)
(0.15308002 0.00058220193 -0.060427084)
(0.14625927 0.047214406 0.053502847)
(0.15825824 0.095318015 0.017435892)
(0.16127427 0.097857487 -0.0091271882)
(0.17734112 0.067924037 -0.041577924)
)
;
    }
    minZ
    {
        type            fixedValue;
        value           uniform (0 0 0);
    }
    maxZ
    {
        type            fixedValue;
        value           uniform (0 0 0);
    }
    topAir_to_rightSolid
    {
        type            fixedValue;
        value           uniform (0 0 0);
    }
    topAir_to_heater
    {
        type            fixedValue;
        value           uniform (0 0 0);
    }
    topAir_to_leftSolid
    {
        type            fixedValue;
        value           uniform (0 0 0);
    }
}


// ************************************************************************* //
