/*--------------------------------*- C++ -*----------------------------------*\
  =========                 |
  \\      /  F ield         | OpenFOAM: The Open Source CFD Toolbox
   \\    /   O peration     | Website:  https://openfoam.org
    \\  /    A nd           | Version:  dev
     \\/     M anipulation  |
\*---------------------------------------------------------------------------*/
FoamFile
{
    format      ascii;
    class       labelList;
    location    "constant/solid/polyMesh";
    object      pointProcAddressing;
}
// * * * * * * * * * * * * * * * * * * * * * * * * * * * * * * * * * * * * * //


14319
(
204
221
238
255
272
328
330
332
334
336
392
394
396
398
400
456
458
460
462
464
520
522
524
526
528
584
586
588
590
592
648
650
652
654
656
712
714
716
718
720
776
778
780
782
784
1002
1015
1016
1017
1029
1030
1031
1042
1043
1044
1053
1054
1055
1088
1089
1176
1179
1182
1185
1188
1189
1192
1193
1257
1258
1261
1262
1320
1321
1324
1325
1376
1378
1379
1380
1381
1382
1385
1386
1428
1429
1430
1431
1432
1433
1434
1435
1436
1439
1440
1528
1532
1533
1536
1537
1540
1541
1544
1545
1548
1549
1625
1627
1629
1631
1633
1634
1637
1638
1695
1697
1699
1701
1703
1705
1777
1781
1785
1789
1792
1846
1848
1850
1852
1854
1855
1888
1889
1909
1910
1932
1933
1951
1952
1953
1954
1970
1971
1972
1973
1974
2018
2020
2022
2024
2026
2027
2048
2049
2088
2090
2092
2094
2096
2135
2231
2234
2235
2238
2239
2242
2243
2246
2247
2250
2251
2252
2288
2289
2295
2296
2302
2303
2309
2310
2316
2317
2323
2324
2330
2331
2337
2338
2408
2410
2411
2413
2414
2416
2417
2419
2420
2422
2423
2818
2834
2835
2836
2837
2838
2839
2854
2855
2856
2857
2858
2859
2874
2875
2876
2877
2878
2879
2894
2895
2896
2897
2898
2899
2912
2913
2914
2915
2916
2917
2920
3162
3163
3164
3165
3170
3171
3172
3173
3178
3179
3180
3181
3185
3186
3187
3191
3192
3193
3194
3195
3196
3198
3322
3327
3332
3334
3336
3337
3338
3339
3340
3341
3429
3431
3433
3434
3435
3436
3437
3438
3517
3518
3519
3520
3521
3522
3523
3524
3525
3526
3527
3633
3634
3635
3638
3639
3640
3641
3644
3645
3646
3649
3650
3651
3652
3653
3654
3817
3818
3819
3823
3824
3825
3829
3830
3831
3832
3836
3837
3838
3839
3843
3844
3845
3846
3847
3848
3850
3947
3949
3951
3953
3954
3955
3956
3957
3958
4138
4139
4140
4141
4146
4147
4148
4149
4154
4155
4156
4157
4162
4163
4164
4165
4170
4171
4172
4173
4174
4175
4176
4585
4586
4587
4588
4589
4604
4605
4606
4607
4608
4609
4610
4611
4624
4625
4626
4627
4628
4629
4630
4631
4644
4645
4646
4647
4648
4649
4650
4651
4664
4665
4666
4667
4668
4669
4670
4671
4672
4712
4713
4714
4715
4716
4717
4718
4719
4724
4880
4884
4889
4894
4896
4897
4900
4901
4902
4903
4904
4905
4983
4984
4987
4988
4989
4990
4991
4992
5059
5060
5063
5064
5065
5066
5067
5068
5126
5129
5130
5131
5132
5133
5136
5137
5138
5139
5140
5141
5196
5197
5198
5199
5200
5201
5202
5203
5204
5205
5206
5207
5208
5211
5212
5213
5214
5215
5216
5218
5356
5362
5363
5364
5368
5369
5370
5374
5375
5376
5377
5381
5382
5383
5384
5389
5390
5391
5392
5393
5394
5397
5462
5463
5466
5467
5468
5469
5470
5471
5558
5559
5562
5563
5566
5567
5570
5571
5574
5575
5576
5580
5581
5582
5919
5920
5921
5922
5923
5939
5940
5941
5942
5943
5959
5960
5961
5962
5963
5979
5980
5981
5982
5983
6010
6011
6012
6013
6014
6015
6016
6334
6335
6337
6344
6345
6346
6347
6348
6349
6356
6357
6358
6359
6360
6361
6368
6369
6370
6371
6372
6373
6380
6381
6382
6383
6384
6385
6386
6387
6396
6397
6398
6399
6400
6401
6402
6403
6554
6557
6561
6563
6565
6566
6567
6568
6583
6584
6585
6586
6649
6650
6651
6652
6661
6662
6663
6664
6720
6721
6722
6723
6724
6731
6732
6733
6734
6788
6789
6790
6791
6792
6793
6794
6795
6796
6797
6805
6806
6807
6808
6880
6882
6884
6885
6887
6888
6889
6891
6892
6893
6894
6895
6911
6912
6913
6914
6915
7017
7020
7021
7024
7025
7028
7029
7032
7033
7034
7035
7036
7042
7043
7044
7045
7046
7208
7210
7214
7215
7216
7220
7221
7222
7226
7227
7228
7232
7233
7234
7235
7236
7237
7258
7259
7260
7261
7262
7263
7364
7368
7372
7376
7380
7381
7382
7512
7513
7516
7517
7520
7521
7524
7525
7528
7529
7532
7533
7534
7570
7571
7576
7577
7582
7583
7588
7589
7594
7595
7600
7601
7606
7607
7612
7613
7708
7709
7710
7712
7713
7714
7716
7717
7718
7720
7721
7722
7724
7725
7726
7727
7785
7804
7809
7814
7820
7826
7845
7862
7970
7971
7977
7978
7984
7985
7991
7992
7998
7999
8000
8176
8178
8182
8183
8184
8185
8189
8190
8191
8192
8196
8197
8198
8199
8203
8204
8205
8206
8210
8211
8212
8286
8287
8290
8327
8328
8331
8368
8369
8372
8404
8405
8406
8407
8408
8409
8412
8441
8442
8443
8444
8445
8446
8447
8448
8449
8452
8453
8532
8534
8535
8537
8538
8540
8541
8543
8544
8545
8548
8549
8575
8576
8579
8616
8617
8812
8814
8815
8820
8821
8822
8823
8828
8829
8830
8831
8836
8837
8838
8839
8844
8845
8846
8847
8852
8853
8854
8855
8856
8857
8858
8859
8932
8933
8934
8935
8946
8947
8948
8949
8960
8961
8962
8963
8974
8975
8976
8977
8988
8989
8990
8991
9002
9003
9004
9005
9016
9017
9018
9019
9030
9031
9032
9033
9174
9176
9177
9180
9181
9182
9183
9186
9187
9188
9189
9192
9193
9194
9195
9198
9199
9200
9201
9204
9205
9206
9207
9208
9209
9502
9503
9504
9505
9518
9519
9520
9521
9534
9535
9536
9537
9550
9551
9552
9553
9564
9565
9566
9568
9821
9822
9823
9824
9825
9830
9831
9832
9833
9834
9840
9841
9842
9843
9844
9850
9851
9852
9853
9854
9860
9861
9862
9863
9867
9995
9996
9997
9998
10075
10076
10077
10078
10079
10080
10159
10160
10161
10162
10163
10164
10222
10223
10224
10225
10226
10227
10228
10229
10230
10231
10232
10233
10234
10235
10236
10445
10446
10447
10448
10449
10455
10456
10457
10458
10459
10465
10466
10467
10468
10474
10475
10476
10477
10478
10484
10485
10486
10487
10490
10574
10575
10576
10577
10590
10591
10592
10593
10635
10637
10639
10641
11014
11015
11016
11017
11037
11038
11039
11040
11041
11042
11061
11062
11063
11064
11065
11066
11085
11086
11087
11088
11089
11090
11111
11112
11113
11114
11115
11116
11146
11147
11148
11149
11150
11151
11152
11153
11466
11467
11468
11469
11470
11477
11478
11479
11480
11481
11491
11492
11493
11494
11495
11504
11505
11506
11507
11508
11516
11517
11518
11519
11520
11521
11528
11529
11530
11531
11532
11533
11534
11535
11541
11711
11713
11714
11715
11716
11717
11821
11823
11824
11825
11826
11827
11926
11927
11931
11932
11933
11934
11935
11936
11937
11938
11940
11941
11942
11943
11944
12032
12033
12034
12035
12036
12037
12038
12039
12040
12041
12042
12043
12044
12045
12046
12047
12048
12049
12050
12051
12052
12053
12057
12058
12059
12060
12061
12319
12320
12321
12322
12323
12331
12332
12333
12334
12335
12336
12343
12344
12345
12346
12347
12348
12355
12356
12357
12358
12359
12366
12367
12368
12369
12370
12371
12377
12378
12379
12380
12381
12382
12383
12384
12385
12490
12492
12493
12494
12495
12496
12541
12543
12545
12547
12549
12693
12694
12702
12703
12711
12712
12720
12721
12729
12730
12731
12815
12817
12819
12821
12827
12828
12887
12888
12926
12927
12971
12972
13008
13009
13010
13011
13012
13013
13014
13015
13016
13017
13051
13052
13053
13054
13055
13056
13057
13058
13059
13060
13061
13111
13113
13115
13117
13119
13120
13141
13142
13183
13185
13187
13189
13191
13192
13324
13325
13332
13333
13340
13341
13348
13349
13356
13357
13485
13486
13487
13488
13874
13875
13876
13877
13878
13887
13888
13889
13890
13891
13892
13893
13894
13903
13904
13905
13906
13907
13908
13909
13910
13919
13920
13921
13922
13923
13924
13925
13926
13935
13936
13937
13938
13939
13940
13941
13942
13951
13952
13953
13954
13955
13956
13957
13958
13959
13960
13961
13962
13963
13964
14107
14108
14109
14110
14111
14112
14113
14114
14135
14136
14137
14138
14139
14140
14141
14142
14163
14164
14165
14166
14167
14168
14169
14170
14191
14192
14193
14194
14195
14196
14197
14198
14219
14220
14221
14222
14223
14224
14225
14226
14247
14248
14249
14250
14251
14252
14253
14254
14275
14276
14277
14278
14279
14280
14281
14282
14303
14304
14305
14306
14307
14308
14309
14310
14589
14591
14592
14593
14594
14599
14600
14601
14602
14603
14604
14605
14606
14611
14612
14613
14614
14615
14616
14617
14618
14623
14624
14625
14626
14627
14628
14629
14630
14635
14636
14637
14638
14639
14640
14641
14642
14647
14648
14649
14650
14651
14652
14653
14654
14655
14656
15145
15161
15162
15163
15164
15165
15166
15167
15168
15181
15182
15183
15184
15185
15186
15187
15188
15201
15202
15203
15204
15205
15206
15207
15208
15221
15222
15223
15224
15225
15226
15227
15228
15243
15244
15245
15246
15247
15248
15249
15251
15252
15255
15591
15592
15593
15594
15595
15596
15602
15603
15604
15605
15606
15607
15616
15617
15618
15619
15620
15621
15626
15627
15628
15629
15634
15635
15636
15637
15638
15639
15640
15641
15642
15644
15780
15781
15782
15783
15784
15785
15786
15787
15856
15857
15858
15859
15860
15861
15862
15863
15931
15932
15933
15934
15935
15936
15937
15938
15939
16053
16054
16055
16058
16059
16060
16061
16062
16063
16066
16067
16068
16071
16072
16073
16074
16075
16076
16077
16078
16291
16292
16293
16294
16299
16300
16301
16302
16307
16308
16309
16310
16315
16316
16317
16318
16319
16320
16321
16322
16327
16328
16329
16330
16331
16332
16333
16334
16335
16337
16338
16341
16423
16424
16425
16426
16427
16428
16429
16430
16529
16530
16533
16534
16537
16538
16541
16542
16545
16546
16547
16548
16549
16550
16551
16552
16554
16667
16668
16671
16672
16675
16676
16679
16680
16683
16684
16687
16688
16723
16724
16731
16732
16739
16740
16747
16748
16755
16756
16763
16764
16771
16772
16779
16780
16859
16860
16863
16864
16867
16868
16871
16872
16875
16876
16879
16880
16952
16954
16956
16958
16960
16961
17252
17253
17254
17255
17267
17268
17269
17270
17271
17283
17284
17285
17286
17287
17299
17300
17301
17302
17303
17316
17317
17318
17319
17320
17334
17335
17336
17337
17338
17339
17340
17341
17342
17343
17344
17345
17537
17538
17542
17543
17551
17552
17557
17558
17561
17562
17565
17566
17567
17568
17569
17570
17571
17572
17659
17660
17661
17662
17663
17664
17726
17727
17728
17729
17730
17731
17788
17789
17791
17792
17793
17794
17795
17796
17797
17798
17799
17849
17850
17851
17852
17853
17854
17855
17856
17857
17858
17859
17860
17861
17862
17863
17864
17977
17978
17981
17982
17985
17986
17989
17990
17991
17992
17995
17996
17997
17998
18001
18002
18003
18004
18005
18006
18007
18008
18009
18010
18061
18062
18063
18064
18065
18066
18306
18307
18317
18318
18319
18320
18321
18322
18329
18330
18331
18332
18333
18334
18341
18342
18343
18344
18345
18346
18353
18354
18355
18356
18357
18358
18365
18366
18367
18368
18369
18370
18371
18372
18373
18374
18378
18605
18618
18631
18642
18649
18776
18777
18784
18785
18792
18793
18800
18801
18810
18811
18812
18813
18814
19015
19016
19020
19021
19022
19023
19030
19031
19032
19033
19040
19041
19042
19043
19048
19052
19053
19054
19055
19056
19171
19172
19173
19174
19175
19241
19242
19246
19247
19248
19249
19250
19318
19319
19320
19321
19322
19323
19324
19327
19328
19329
19330
19331
19491
19493
19495
19500
19505
19515
19516
19517
19518
19519
19672
19678
19684
19690
19697
19698
19699
19700
19701
19702
19790
19791
19792
19793
19794
19799
19986
19987
19989
19997
19998
19999
20000
20008
20009
20010
20011
20019
20020
20021
20022
20031
20032
20033
20034
20035
20036
20037
20038
20149
20150
20151
20152
20185
20186
20187
20223
20224
20225
20251
20252
20253
20254
20286
20287
20288
20289
20290
20291
20292
20293
20294
20295
20296
20297
20353
20355
20357
20359
20361
20362
20363
20364
20388
20389
20390
20396
20786
20787
20788
20789
20790
20791
20792
20811
20812
20813
20814
20815
20816
20817
20836
20837
20838
20839
20840
20841
20842
20861
20862
20863
20864
20865
20866
20867
20890
20891
20892
20893
20894
20895
20896
20897
20898
20900
21409
21411
21412
21413
21414
21415
21416
21417
21418
21426
21427
21428
21429
21430
21431
21432
21433
21434
21435
21443
21444
21445
21446
21447
21448
21449
21450
21451
21452
21460
21461
21462
21463
21464
21465
21466
21467
21468
21469
21481
21482
21483
21484
21485
21486
21487
21488
21489
21490
21491
21492
21501
21502
21503
21504
21505
21507
21508
21707
21708
21709
21710
21711
21712
21718
21719
21837
21838
21839
21840
21841
21842
21848
21849
21969
21970
21971
21972
21973
21974
21980
21981
22078
22081
22082
22083
22084
22085
22086
22087
22088
22089
22090
22091
22092
22093
22094
22095
22096
22097
22098
22099
22100
22101
22102
22103
22109
22110
22211
22212
22213
22214
22215
22216
22217
22218
22219
22220
22221
22222
22223
22224
22225
22226
22227
22228
22229
22230
22231
22232
22233
22234
22235
22236
22237
22238
22239
22240
22241
22242
22243
22244
22245
22246
22247
22248
22254
22255
22256
22257
22259
22260
22483
22485
22486
22487
22488
22491
22492
22493
22494
22495
22496
22499
22500
22501
22502
22503
22504
22507
22508
22509
22510
22511
22512
22515
22516
22517
22518
22519
22520
22521
22522
22523
22530
22531
22532
22533
22592
22593
22594
22595
22596
22601
22602
22768
22778
22779
22789
22790
22800
22801
22811
22812
22822
22823
22824
22825
22826
22827
22828
22829
22830
23458
23459
23460
23463
23464
23465
23466
23467
23468
23481
23482
23483
23484
23485
23486
23487
23488
23489
23490
23491
23492
23505
23506
23507
23508
23509
23510
23511
23512
23513
23514
23515
23516
23529
23530
23531
23532
23533
23534
23535
23536
23537
23538
23539
23540
23553
23554
23555
23556
23557
23558
23559
23560
23561
23562
23563
23564
23577
23578
23579
23580
23581
23582
23583
23584
23585
23586
23587
23588
23589
23590
23591
23592
23593
23594
23595
23596
23597
23598
23813
23814
23815
23816
23817
23818
23819
23820
23821
23822
23823
23824
23854
23855
23856
23857
23858
23859
23860
23861
23862
23863
23864
23865
23895
23896
23897
23898
23899
23900
23901
23902
23903
23904
23905
23906
23936
23937
23938
23939
23940
23941
23942
23943
23944
23945
23946
23947
23977
23978
23979
23980
23981
23982
23983
23984
23985
23986
23987
23988
24018
24019
24020
24021
24022
24023
24024
24025
24026
24027
24028
24029
24059
24060
24061
24062
24063
24064
24065
24066
24067
24068
24069
24070
24100
24101
24102
24103
24104
24105
24106
24107
24108
24109
24110
24111
24592
24594
24595
24598
24599
24600
24601
24602
24603
24604
24605
24613
24614
24615
24616
24617
24618
24619
24620
24621
24622
24623
24624
24625
24626
24634
24635
24636
24637
24638
24639
24640
24641
24642
24643
24644
24645
24646
24647
24655
24656
24657
24658
24659
24660
24661
24662
24663
24664
24665
24666
24667
24668
24676
24677
24678
24679
24680
24681
24682
24683
24684
24685
24686
24687
24688
24689
24690
24691
24729
24730
24731
24732
24733
24734
24735
24736
24737
24738
24739
24740
24741
24742
25111
25137
25155
25172
25197
25230
25263
25296
25392
25395
25396
25399
25400
25403
25404
25407
25408
25411
25412
25413
25449
25450
25456
25457
25463
25464
25470
25471
25477
25478
25484
25485
25491
25492
25498
25499
25569
25571
25572
25574
25575
25577
25578
25580
25581
25583
25584
25675
25678
25679
25682
25683
25686
25687
25690
25691
25692
25801
25804
25805
25808
25809
25812
25813
25816
25817
25820
25821
25912
25913
25914
25915
25919
25920
25921
25986
25987
25988
25989
25993
25994
25995
26068
26069
26070
26071
26075
26076
26077
26135
26137
26138
26139
26140
26141
26142
26143
26144
26145
26149
26150
26151
26201
26202
26203
26204
26205
26206
26207
26208
26209
26210
26211
26212
26213
26214
26215
26216
26220
26221
26222
26378
26380
26384
26385
26386
26387
26391
26392
26393
26394
26398
26399
26400
26401
26405
26406
26407
26408
26412
26413
26414
26603
26605
26609
26610
26611
26612
26616
26617
26618
26619
26623
26624
26625
26626
26630
26631
26632
26633
26637
26638
26639
26734
26735
26736
27014
27015
27016
27017
27018
27025
27026
27027
27028
27029
27030
27037
27038
27039
27040
27041
27042
27049
27050
27051
27052
27053
27054
27061
27062
27063
27064
27065
27066
27073
27074
27075
27076
27077
27078
27079
27175
27176
27182
27183
27189
27190
27196
27197
27203
27204
27210
27211
27217
27218
27224
27225
27424
27426
27427
27428
27429
27433
27434
27435
27436
27437
27438
27442
27443
27444
27445
27446
27447
27451
27452
27453
27454
27455
27456
27460
27461
27462
27463
27464
27465
27469
27470
27471
27472
27613
27615
27616
27617
27618
27619
27623
27624
27625
27626
27630
27631
27632
27633
27637
27638
27639
27726
27727
27728
27772
27774
27775
27776
27777
27824
27825
27826
27827
27828
27829
27830
27831
27832
27833
27834
27965
27967
27980
27981
27982
28070
28071
28072
28121
28122
28123
28200
28201
28204
28205
28208
28209
28212
28213
28216
28217
28218
28219
28328
28329
28332
28333
28336
28337
28340
28341
28344
28345
28348
28349
28458
28459
28460
28461
28462
28463
28470
28471
28472
28575
28576
28577
28578
28579
28580
28587
28588
28589
28692
28693
28694
28695
28696
28697
28704
28705
28706
28791
28793
28794
28795
28796
28797
28798
28799
28800
28801
28802
28803
28804
28805
28806
28807
28808
28809
28810
28811
28818
28819
28820
28899
28900
28901
28902
28903
28904
28905
28906
28907
28908
28909
28910
28911
28912
28913
28914
28915
28916
28917
28918
28919
28920
28921
28922
28923
28924
28925
28932
28933
28934
28935
28936
28937
29163
29165
29166
29167
29168
29172
29173
29174
29175
29176
29177
29181
29182
29183
29184
29185
29186
29190
29191
29192
29193
29194
29195
29199
29200
29201
29202
29203
29204
29205
29206
29207
29214
29215
29216
29217
29218
29219
29289
29290
29291
29292
29293
29294
29301
29302
29303
29880
29881
29884
29917
29918
29921
29954
29955
29958
29989
29990
29992
30036
30037
30038
30148
30149
30152
30153
30155
30156
30159
30160
30163
30164
30367
30368
30369
30370
30371
30377
30378
30379
30380
30381
30387
30388
30389
30390
30391
30397
30398
30399
30400
30401
30407
30408
30410
30626
30627
30628
30629
30635
30636
30637
30643
30644
30647
30648
30649
30650
30655
30656
30659
30862
30863
30864
30865
30866
30869
30870
30871
30872
30873
30876
30877
30878
30879
30882
30883
30884
30885
30886
30891
30892
30894
31118
31119
31120
31121
31122
31127
31132
31133
31134
31135
31136
31141
31142
31143
31144
31145
31151
31152
31154
31296
31297
31300
31301
31304
31305
31308
31311
31312
31533
31534
31535
31536
31537
31543
31544
31545
31546
31547
31553
31554
31555
31556
31557
31563
31564
31565
31566
31567
31573
31574
31576
31841
31842
31843
31844
31845
31851
31852
31853
31854
31855
31861
31862
31863
31864
31865
31871
31872
31873
31874
31875
31881
31882
31884
31999
32001
32003
32005
32007
32254
32255
32259
32268
32269
32270
32271
32272
32273
32282
32283
32284
32285
32286
32287
32296
32297
32298
32299
32300
32301
32305
32306
32307
32308
32309
32327
32328
32329
32330
32334
32539
32540
32548
32549
32553
32554
32559
32560
32567
32568
32569
32570
32571
32572
32579
32580
32581
32582
32587
32767
32768
32769
32770
32771
32772
32779
32780
32781
32782
32783
32784
32785
32976
32977
32978
32979
32980
32981
32988
32989
32990
32991
32992
32993
32994
33155
33156
33157
33158
33159
33163
33164
33165
33166
33167
33168
33169
33170
33171
33172
33173
33174
33175
33176
33177
33178
33179
33186
33187
33188
33189
33190
33191
33192
33331
33332
33333
33334
33335
33336
33337
33338
33339
33340
33341
33342
33343
33344
33345
33346
33347
33348
33349
33350
33351
33352
33353
33354
33355
33356
33357
33358
33359
33360
33361
33362
33363
33372
33373
33374
33375
33376
33377
33383
33638
33639
33650
33651
33652
33653
33654
33655
33662
33663
33664
33665
33666
33667
33674
33675
33676
33677
33678
33679
33686
33687
33688
33689
33690
33697
33698
33699
33703
33926
33927
33928
33932
33933
33934
33938
33939
33940
33944
33945
33946
33950
33951
33952
33953
33954
33955
33956
33964
33965
33966
33967
33968
33969
33973
34214
34215
34216
34217
34218
34224
34225
34226
34227
34228
34234
34235
34236
34237
34238
34244
34245
34246
34247
34248
34254
34255
34256
34257
34258
34264
34265
34266
34267
34268
34382
34384
34386
34388
34390
34391
34514
34515
34516
34520
34521
34522
34526
34527
34528
34532
34533
34534
34535
34536
34537
34538
34539
34540
34643
34644
34645
34646
34647
34648
34649
34650
34651
34652
34725
34726
34727
34728
34729
34730
34731
34732
34804
34805
34806
34807
34808
34809
34810
34811
34868
34869
34870
34871
34872
34873
34874
34875
34876
34877
34878
34879
34934
34935
34936
34937
34938
34939
34940
34941
34942
34943
34944
34945
34946
34947
34948
34949
34950
34951
34952
35128
35129
35130
35131
35136
35137
35138
35139
35144
35145
35146
35147
35152
35153
35154
35155
35160
35161
35162
35163
35164
35165
35166
35167
35168
35169
35252
35253
35254
35255
35256
35257
35258
35259
35316
35318
35320
35322
35372
35373
35558
35559
35564
35565
35566
35567
35572
35573
35574
35575
35580
35581
35582
35583
35588
35589
35590
35591
35596
35597
35598
35599
35668
35669
35670
35671
35682
35683
35684
35685
35696
35697
35698
35699
35710
35711
35712
35713
35724
35725
35726
35727
35738
35739
35740
35741
35752
35753
35754
35755
35766
35767
35768
35769
35904
35905
35908
35909
35910
35911
35914
35915
35916
35917
35920
35921
35922
35923
35926
35927
35928
35929
35932
35933
36446
36462
36463
36464
36465
36466
36467
36468
36469
36470
36471
36472
36473
36488
36489
36490
36491
36492
36493
36494
36495
36496
36497
36498
36499
36514
36515
36516
36517
36518
36519
36520
36521
36522
36523
36524
36525
36540
36541
36542
36543
36544
36545
36546
36547
36548
36549
36550
36551
36564
36565
36566
36567
36568
36569
36570
36571
36572
36573
36574
36575
36576
36577
36578
36579
36580
36581
36582
36587
36588
36591
37079
37080
37081
37082
37083
37084
37085
37086
37087
37095
37096
37097
37098
37099
37100
37101
37102
37103
37108
37109
37110
37111
37112
37113
37114
37115
37116
37122
37123
37124
37125
37126
37132
37133
37134
37135
37136
37137
37138
37139
37140
37141
37142
37143
37144
37145
37147
37148
37402
37403
37410
37411
37420
37421
37424
37425
37428
37429
37430
37431
37432
37433
37434
37435
37436
37437
37438
37439
37440
37441
37618
37619
37622
37623
37624
37627
37628
37629
37630
37631
37632
37633
37634
37635
37636
37637
37638
37639
37640
37805
37806
37807
37808
37809
37810
37811
37812
37813
37814
37815
37816
37817
37818
37819
37820
37821
37822
37823
37824
37825
37826
37827
37828
37829
37830
37831
38102
38103
38104
38105
38106
38113
38114
38115
38116
38117
38118
38125
38126
38127
38128
38129
38136
38137
38138
38139
38140
38141
38142
38143
38144
38145
38146
38147
38148
38149
38457
38458
38459
38460
38461
38467
38468
38469
38470
38471
38477
38478
38479
38480
38481
38482
38483
38484
38490
38491
38492
38493
38499
38500
38501
38502
38503
38504
38505
38506
38507
38508
38509
38510
38511
38512
38514
38731
38732
38733
38737
38738
38739
38743
38744
38745
38749
38750
38751
38752
38753
38754
38755
38756
38757
38758
38759
38760
38761
38762
39140
39141
39142
39143
39144
39145
39146
39147
39156
39157
39158
39159
39160
39161
39162
39163
39172
39173
39174
39175
39176
39177
39178
39179
39188
39189
39190
39191
39192
39193
39194
39195
39204
39205
39206
39207
39208
39209
39210
39211
39212
39213
39214
39215
39216
39217
39218
39219
39222
39427
39430
39431
39434
39435
39438
39439
39442
39443
39446
39447
39448
39862
39863
39864
39865
39866
39867
39868
39869
39882
39883
39884
39885
39886
39887
39888
39889
39890
39891
39902
39903
39904
39905
39906
39907
39908
39909
39910
39911
39922
39923
39924
39925
39926
39927
39928
39929
39930
39931
39941
39942
39943
39944
39945
39946
39947
39948
39949
39950
39960
39961
39962
39963
39964
39965
39966
39967
39968
39969
39970
39971
39972
39973
39982
40228
40235
40241
40249
40251
40252
40253
40254
40259
40260
40261
40262
40263
40264
40265
40266
40267
40268
40269
40270
40271
40272
40415
40416
40417
40418
40423
40424
40425
40426
40427
40428
40429
40430
40431
40432
40433
40434
40435
40436
40568
40569
40570
40571
40576
40577
40578
40579
40580
40581
40582
40583
40584
40585
40586
40587
40588
40589
40698
40703
40704
40705
40706
40707
40708
40709
40710
40711
40716
40717
40718
40719
40720
40721
40722
40723
40724
40725
40726
40727
40728
40729
40840
40841
40842
40843
40844
40845
40846
40847
40848
40849
40850
40851
40852
40853
40854
40855
40856
40857
40858
40859
40860
40861
40862
40863
40864
40865
40870
40871
40872
40873
40874
40875
40876
40877
40878
40879
40880
40881
40882
40883
40886
40887
41128
41138
41139
41140
41141
41142
41148
41149
41150
41151
41152
41158
41159
41160
41161
41162
41163
41169
41170
41171
41172
41173
41174
41183
41184
41185
41186
41187
41188
41189
41190
41191
41192
41193
41194
41197
41198
41320
41321
41322
41323
41328
41329
41330
41331
41332
41333
41334
41335
41336
41337
41338
41339
41340
41341
41520
41521
41522
41523
41528
41529
41530
41531
41536
41537
41538
41539
41544
41545
41546
41547
41552
41553
41554
41555
41556
41557
41558
41566
41567
41568
41569
41570
41571
41572
41786
41787
41788
41789
41794
41795
41796
41797
41802
41803
41804
41805
41810
41811
41812
41813
41818
41819
41820
41821
41822
41823
41824
41969
41972
41973
41976
41977
41980
41981
41984
41985
41986
41990
41991
41992
42155
42156
42157
42158
42161
42162
42163
42164
42168
42169
42170
42171
42173
42174
42175
42176
42181
42182
42183
42184
42229
42230
42231
42232
42305
42306
42307
42308
42321
42322
42323
42324
42382
42383
42384
42385
42386
42387
42388
42397
42398
42399
42400
42464
42465
42466
42467
42468
42469
42470
42471
42472
42473
42474
42475
42476
42489
42490
42491
42492
42646
42647
42648
42649
42654
42659
42660
42665
42666
42667
42672
42673
42674
42675
42676
42725
42726
42727
42728
42729
42829
42832
42833
42836
42837
42840
42841
42844
42845
42846
42847
42848
42854
42855
42856
42857
42858
42912
42913
42914
42915
42916
42922
42923
42924
42925
42926
42943
42944
42945
42961
42962
42963
42979
42980
42981
43001
43002
43003
43023
43024
43025
43097
43098
43099
43163
43164
43165
43315
43316
43317
43322
43323
43324
43325
43330
43331
43332
43333
43338
43339
43340
43341
43346
43347
43348
43349
43350
43351
43640
43641
43642
43643
43650
43651
43652
43653
43654
43655
43662
43663
43664
43665
43666
43667
43674
43675
43676
43677
43678
43679
43686
43687
43688
43689
43690
43696
43697
43698
43699
43700
43887
43888
43889
43890
43891
43892
43899
43900
43901
44029
44030
44031
44032
44033
44034
44041
44042
44043
44171
44172
44173
44174
44175
44176
44183
44184
44185
44291
44293
44294
44295
44296
44297
44298
44299
44300
44301
44302
44303
44304
44305
44306
44307
44308
44309
44310
44311
44312
44313
44314
44321
44322
44323
44419
44420
44421
44422
44423
44424
44425
44426
44427
44428
44429
44430
44431
44432
44433
44434
44435
44436
44437
44438
44439
44440
44441
44442
44443
44444
44445
44446
44447
44448
44449
44450
44451
44452
44459
44460
44461
44462
44463
44464
44465
44759
44761
44762
44763
44764
44769
44770
44771
44772
44773
44774
44775
44776
44781
44782
44783
44784
44785
44786
44787
44788
44793
44794
44795
44796
44797
44798
44799
44800
44805
44806
44807
44808
44809
44810
44811
44812
44813
44814
44821
44822
44823
44824
44825
44826
44827
44907
44908
44909
44910
44911
44917
44918
45105
45106
45107
45108
45109
45114
45115
45116
45117
45118
45123
45124
45125
45126
45127
45133
45134
45135
45136
45137
45144
45147
45339
45340
45414
45415
45416
45470
45471
45472
45473
45474
45475
45476
45477
45478
45479
45480
45481
45482
45483
45681
45682
45683
45684
45685
45691
45692
45693
45694
45695
45701
45702
45703
45704
45710
45711
45712
45713
45722
46015
46016
46017
46018
46019
46028
46029
46030
46031
46032
46041
46042
46043
46044
46045
46053
46054
46055
46056
46057
46065
46066
46067
46068
46069
46070
46077
46078
46079
46080
46086
46262
46263
46264
46268
46269
46270
46393
46394
46395
46399
46400
46401
46513
46514
46515
46516
46520
46521
46522
46523
46524
46525
46526
46527
46528
46529
46530
46534
46535
46536
46636
46637
46638
46639
46640
46641
46642
46643
46644
46645
46646
46647
46648
46649
46650
46651
46652
46653
46654
46655
46656
46657
46658
46659
46660
46661
46662
46663
46664
46670
46671
46672
46676
46993
46994
46995
46996
46997
47009
47010
47011
47012
47013
47014
47015
47016
47025
47026
47027
47028
47029
47030
47031
47032
47041
47042
47043
47044
47045
47046
47047
47056
47057
47058
47059
47060
47061
47062
47070
47071
47072
47073
47080
47204
47205
47206
47210
47211
47212
47261
47262
47263
47264
47265
47266
47326
47327
47328
47329
47330
47331
47393
47394
47395
47396
47397
47398
47451
47452
47453
47454
47455
47456
47457
47458
47459
47460
47461
47462
47463
47512
47513
47514
47515
47516
47517
47518
47519
47520
47521
47522
47523
47524
47525
47526
47527
47528
47662
47663
47664
47668
47669
47670
47674
47675
47676
47680
47681
47682
47686
47687
47688
47689
47690
47691
47692
47693
47756
47757
47758
47759
47760
47761
47810
47811
47812
47813
47814
47815
47834
48407
48408
48559
48566
48572
48582
48593
48594
48595
48596
48597
48855
48857
48859
48870
48871
48872
48879
48880
48881
48887
48888
48889
48890
48891
48897
48910
48911
48912
48913
48914
49127
49128
49129
49130
49131
49132
49133
49134
49138
49139
49140
49142
49143
49144
49145
49146
49150
49162
49163
49164
49165
49166
49387
49391
49395
49401
49414
49415
49416
49417
49418
49581
49590
49595
49602
49603
49604
49605
49606
49768
49769
49770
49771
49772
49940
49946
49952
49958
49965
49966
49967
49968
49969
50149
50156
50163
50170
50177
50178
50179
50180
50181
50701
50702
50703
50704
50705
50706
50717
50718
50719
50720
50721
50722
50723
50724
50725
50726
50727
50738
50739
50740
50741
50742
50743
50744
50745
50746
50747
50748
50759
50760
50761
50762
50763
50764
50765
50766
50767
50768
50769
50780
50781
50782
50783
50784
50785
50786
50787
50788
50789
50790
50801
50802
50803
50804
50805
50806
50807
50808
50809
50811
50812
50813
50814
50815
51067
51068
51072
51073
51077
51078
51082
51083
51084
51098
51099
51100
51101
51102
51103
51104
51105
51106
51107
51168
51169
51170
51182
51183
51184
51185
51186
51187
51188
51189
51190
51191
51243
51244
51245
51254
51255
51256
51257
51258
51259
51260
51261
51262
51263
51324
51325
51326
51338
51339
51340
51341
51342
51343
51344
51345
51346
51347
51397
51399
51400
51401
51402
51403
51404
51414
51415
51416
51417
51418
51419
51420
51421
51422
51423
51469
51470
51471
51472
51473
51474
51475
51476
51486
51487
51488
51489
51490
51491
51492
51493
51494
51495
51595
51598
51599
51602
51603
51606
51607
51610
51611
51642
51643
51644
51645
51646
51647
51648
51649
51650
51651
51685
51686
51687
51690
51691
51692
51693
51694
51695
51696
51697
51698
51699
52041
52042
52043
52044
52045
52046
52052
52053
52054
52055
52056
52057
52058
52059
52060
52061
52067
52068
52069
52070
52071
52072
52073
52074
52075
52076
52082
52083
52084
52085
52086
52087
52088
52089
52090
52091
52097
52098
52099
52100
52101
52102
52103
52104
52105
52106
52125
52126
52127
52128
52129
52130
52131
52453
52454
52455
52456
52457
52465
52466
52467
52468
52469
52470
52471
52479
52480
52481
52482
52483
52484
52485
52493
52494
52495
52496
52497
52498
52499
52507
52508
52509
52510
52511
52512
52514
52515
52516
52976
52977
52978
52979
52980
52991
52992
52993
52994
52995
52996
52997
52998
52999
53010
53011
53012
53013
53014
53015
53016
53017
53018
53029
53030
53031
53032
53033
53034
53035
53036
53037
53048
53049
53050
53051
53052
53053
53054
53055
53063
53064
53065
53067
53068
53069
53070
53537
53539
53555
53556
53557
53573
53574
53575
53587
53588
53589
53593
53594
53595
53596
53597
53598
53599
53600
53601
53602
53603
53604
53605
53606
53607
53608
53609
53610
53611
53652
53653
53654
53655
53656
53657
53658
53659
53660
53661
53662
53664
53665
53996
53997
53998
53999
54000
54001
54002
54003
54004
54005
54006
54007
54008
54030
54031
54032
54033
54034
54035
54036
54037
54038
54376
54378
54379
54380
54381
54382
54383
54384
54385
54386
54387
54388
54389
54390
54391
54407
54408
54409
54410
54411
54412
54413
54414
54415
54685
54686
54687
54688
54689
54692
54693
54695
54696
54697
54698
54699
54700
54701
54702
54703
54704
54705
54706
54707
54708
54709
54710
54711
54712
54713
54714
54715
54716
54717
54718
54719
54720
54721
54722
54723
54724
54725
54726
54727
54728
54729
54730
54731
54732
54733
54734
54735
54736
54737
54738
54739
54740
54741
54742
54743
54762
54763
54764
54765
54766
54767
54768
54770
54771
55110
55112
55116
55117
55118
55119
55120
55121
55122
55123
55124
55125
55126
55127
55128
55129
55130
55131
55132
55133
55134
55135
55136
55137
55138
55139
55140
55141
55142
55146
55147
55148
55149
55150
55151
55152
55153
55154
55155
55156
55157
55158
55159
55160
55161
55162
55163
55164
55165
55166
55167
55168
55169
55170
55171
55172
55173
55177
55178
55179
55180
55181
55182
55183
55184
55185
55186
55187
55188
55189
55190
55191
55192
55193
55194
55195
55196
55197
55198
55199
55203
55204
55205
55206
55207
55208
55209
55210
55211
55212
55213
55214
55215
55216
55217
55265
55266
55267
55268
55269
55270
55271
55273
55274
55275
55276
55974
55975
55976
55977
55978
55979
55982
55983
55984
55985
55986
55988
56000
56001
56002
56003
56004
56005
56006
56007
56008
56009
56010
56011
56012
56013
56014
56015
56016
56028
56029
56030
56031
56032
56033
56034
56035
56036
56037
56038
56039
56040
56041
56042
56043
56044
56056
56057
56058
56059
56060
56061
56062
56063
56064
56065
56066
56067
56068
56069
56070
56071
56072
56084
56085
56086
56087
56088
56089
56090
56091
56092
56093
56094
56095
56096
56097
56098
56099
56100
56112
56113
56114
56115
56116
56117
56119
56120
56121
56122
56123
56689
56691
56692
56693
56694
56696
56697
56698
56699
56708
56709
56710
56711
56712
56713
56714
56715
56716
56717
56718
56727
56728
56729
56730
56731
56732
56733
56734
56735
56736
56737
56746
56747
56748
56749
56750
56751
56752
56753
56754
56755
56756
56765
56766
56767
56768
56769
56770
56771
56772
56773
56774
56775
56776
56828
56829
56830
56831
56832
56833
56835
56836
56837
57027
57035
57043
57051
57059
57067
57068
57069
57070
57071
57072
57073
57074
57833
57834
57835
57836
57837
57838
57839
57840
57841
57842
57843
57844
57845
57846
57847
57865
57866
57867
57868
57869
57870
57871
57872
57873
57874
57875
57876
57877
57878
57879
57880
57881
57899
57900
57901
57902
57903
57904
57905
57906
57907
57908
57909
57910
57911
57912
57913
57914
57915
57933
57934
57935
57936
57937
57938
57939
57940
57941
57942
57943
57944
57945
57946
57947
57948
57949
57967
57968
57969
57970
57971
57972
57973
57974
57975
57976
57977
57978
57979
57980
57981
57982
57983
58001
58002
58003
58004
58005
58006
58007
58008
58009
58010
58011
58013
58014
58015
58016
58017
58018
58435
58436
58437
58442
58443
58444
58445
58450
58451
58452
58453
58458
58459
58460
58461
58463
58464
58465
58466
58467
58468
58528
58529
58530
58531
58532
58533
58534
58535
58536
58602
58603
58604
58605
58606
58607
58608
58609
58629
58630
58631
58632
58633
58634
58635
58636
58637
58696
58697
58698
58699
58700
58701
58702
58703
58722
58723
58724
58725
58726
58727
58728
58729
58730
58792
58793
58794
58795
58796
58797
58798
58799
58819
58820
58821
58822
58823
58824
58825
58826
58827
58881
58882
58883
58884
58885
58886
58887
58888
58889
58890
58891
58892
58893
58912
58913
58914
58915
58916
58917
58918
58919
58920
58972
58973
58974
58975
58976
58977
58978
58979
58980
58981
58982
58983
58984
58985
58986
58987
59005
59006
59007
59008
59009
59010
59011
59012
59013
59140
59141
59146
59147
59152
59153
59158
59159
59164
59165
59166
59167
59168
59169
59170
59171
59238
59239
59240
59241
59242
59243
59244
59245
59246
59281
59282
59283
59284
59285
59286
59287
59288
59297
59298
59299
59300
59301
59302
59303
59304
59305
59629
59630
59631
59633
59634
59635
59636
59637
59638
59643
59644
59645
59646
59647
59648
59649
59650
59651
59652
59657
59658
59659
59660
59661
59662
59663
59664
59665
59666
59671
59672
59673
59674
59675
59676
59677
59678
59679
59680
59685
59686
59687
59688
59689
59690
59691
59692
59693
59694
59695
59696
59717
59718
59719
60067
60069
60071
60072
60073
60074
60075
60076
60077
60078
60079
60080
60081
60082
60083
60084
60085
60086
60087
60088
60089
60090
60091
60092
60093
60094
60105
60106
60107
60108
60109
60110
60111
60112
60113
60114
60115
60116
60117
60118
60126
60127
60128
60129
60130
60131
60132
60133
60134
60135
60136
60137
60144
60145
60146
60147
60148
60149
60150
60151
60342
60343
60344
60345
60346
60347
60348
60349
60430
60432
60433
60435
60436
60437
60438
60439
60440
60441
60442
60443
60444
60445
60446
60560
60561
60562
60563
60564
60565
60566
60567
60568
60569
60570
60571
60572
60573
60574
60575
60576
60577
60578
60579
60580
60581
60582
60583
60584
60585
60586
60587
61017
61019
61020
61021
61022
61024
61025
61026
61027
61028
61029
61073
61074
61075
61076
61077
61078
61079
61080
61347
61348
61349
61350
61351
61352
61353
61354
61355
61356
61486
61487
61488
61489
61490
61491
61492
61493
61684
61685
61686
61687
61688
61694
61695
61696
61697
61698
61704
61705
61706
61707
61708
61714
61715
61716
61717
61718
61724
61725
61726
61727
61728
61729
61730
61731
61732
61733
62013
62014
62015
62016
62017
62023
62024
62025
62026
62027
62034
62035
62036
62037
62038
62044
62045
62046
62047
62048
62054
62055
62056
62057
62058
62059
62066
62067
62068
62069
62070
62312
62313
62314
62315
62316
62317
62318
62319
62320
62321
62322
62323
62324
62338
62339
62340
62341
62342
62559
62560
62561
62562
62563
62564
62565
62566
62567
62568
62569
62570
62571
62585
62586
62587
62588
62589
62805
62806
62807
62808
62809
62810
62811
62812
62813
62814
62815
62816
62817
62831
62832
62833
62834
62835
63011
63012
63013
63016
63017
63018
63019
63020
63021
63022
63023
63024
63025
63026
63027
63028
63029
63030
63031
63032
63033
63034
63035
63036
63037
63038
63039
63040
63041
63042
63043
63044
63045
63046
63047
63048
63049
63050
63051
63052
63053
63054
63055
63056
63070
63071
63072
63073
63074
63243
63244
63245
63246
63247
63248
63249
63250
63251
63252
63253
63254
63255
63256
63257
63258
63259
63260
63261
63262
63263
63264
63265
63266
63267
63268
63269
63270
63271
63272
63273
63274
63275
63276
63277
63278
63279
63280
63281
63282
63283
63284
63285
63286
63287
63288
63289
63290
63291
63292
63293
63294
63295
63296
63297
63298
63299
63300
63301
63302
63303
63304
63318
63319
63320
63321
63322
63323
63324
63325
63326
63328
63329
63330
63331
63804
63805
63806
63809
63810
63811
63812
63813
63814
63815
63816
63822
63823
63824
63825
63826
63827
63828
63829
63830
63831
63832
63833
63834
63840
63841
63842
63843
63844
63845
63846
63847
63848
63849
63850
63851
63852
63858
63859
63860
63861
63862
63863
63864
63865
63866
63867
63868
63869
63870
63876
63877
63878
63879
63880
63881
63882
63883
63884
63885
63886
63887
63888
63889
63890
63891
63892
63893
63894
63895
63909
63910
63911
63912
63913
63914
63915
63916
63917
63918
64043
64044
64045
64046
64047
64048
64049
64050
64051
64052
64053
64054
64067
64068
64069
64070
64071
64279
64280
64282
64283
64313
64314
64316
64317
64355
64356
64358
64359
64388
64389
64390
64391
64393
64394
64417
64418
64419
64420
64421
64422
64423
64425
64505
64508
64509
64512
64513
64516
64517
64520
64522
64687
64689
64693
64694
64695
64696
64700
64701
64702
64703
64707
64708
64709
64710
64714
64715
64717
64718
64854
64856
64857
64858
64859
64860
64861
64862
64863
64864
64865
64866
64867
64868
64977
64979
65011
65012
65013
65014
65015
65016
65017
65018
65134
65136
65328
65330
65334
65335
65336
65337
65341
65342
65343
65344
65348
65349
65350
65351
65479
65480
65481
65482
65486
65487
65488
65489
65493
65494
65495
65496
65951
65952
65953
65954
65955
65956
65960
65961
65962
65963
65964
65965
66053
66054
66055
66056
66057
66058
66062
66063
66064
66065
66066
66067
66179
66180
66181
66182
66183
66184
66188
66189
66190
66191
66192
66193
66276
66277
66278
66279
66280
66281
66282
66283
66284
66285
66286
66287
66288
66289
66293
66294
66295
66296
66297
66298
66365
66366
66367
66368
66369
66370
66371
66372
66373
66374
66375
66376
66377
66378
66379
66380
66381
66382
66383
66384
66385
66389
66390
66391
66627
66628
66629
66630
66631
66638
66639
66640
66641
66642
66643
66650
66651
66652
66653
66654
66655
66662
66663
66664
66665
66666
66667
66674
66675
66676
66680
66681
66682
67172
67174
67175
67176
67177
67178
67180
67181
67182
67183
67193
67194
67195
67196
67197
67198
67199
67200
67201
67202
67203
67204
67214
67215
67216
67217
67218
67219
67220
67221
67222
67223
67224
67225
67235
67236
67237
67238
67239
67240
67241
67242
67243
67244
67245
67246
67256
67257
67258
67259
67260
67261
67265
67266
67267
67268
67269
67270
67673
67675
67676
67677
67678
67680
67681
67682
67683
67684
67685
67686
67687
67688
67689
67690
67691
67692
67693
67694
67695
67696
67697
67698
67699
67700
67701
67702
67703
67704
67705
67706
67707
67708
67709
67710
67711
67712
67713
67714
67715
67716
67717
67718
67719
67720
68043
68044
68045
68046
68047
68049
68050
68051
68052
68053
68147
68148
68149
68150
68151
68152
68153
68154
68155
68156
68157
68158
68159
68160
68161
68162
68163
68164
68165
68166
68167
68168
68169
68170
68513
68515
68516
68517
68518
68519
68521
68522
68523
68524
69322
69323
69324
69325
69326
69328
69329
69330
69331
69332
69336
69337
69338
69339
69340
69346
69347
69348
69349
69350
69357
69537
69538
69539
69540
69541
69547
69548
69549
69550
69551
69557
69558
69559
69560
69561
69567
69568
69569
69570
69571
69579
69761
69767
69768
69769
69770
69771
69777
69778
69779
69780
69781
69787
69788
69789
69790
69791
69798
70012
70013
70014
70021
70261
70262
70263
70264
70265
70271
70272
70273
70274
70275
70281
70282
70283
70284
70285
70291
70292
70293
70294
70295
70302
70413
70415
70417
70419
70525
70526
70596
70597
70598
70599
70600
70601
70608
70611
70701
70702
70703
70704
70705
70706
70713
70716
70796
70797
70798
70799
70800
70801
70802
70803
70804
70805
70812
70815
70865
70866
70867
70868
70872
70921
70923
70925
70927
71138
71139
71140
71141
71142
71148
71149
71150
71151
71152
71158
71159
71160
71161
71162
71168
71169
71170
71171
71172
71178
71179
71180
71181
71182
71183
71190
71198
71306
71308
71310
71312
71336
71337
71350
71351
71363
71364
71402
71404
71406
71408
71428
71429
71498
71499
71500
71501
71502
71503
71672
71673
71674
71675
71676
71677
71678
71679
71680
71681
71689
71690
71691
71692
71693
71699
71700
71701
71702
71703
71839
71840
71841
71842
71843
71849
71850
71851
71852
71853
71949
71950
71951
71952
71953
71954
71955
71956
71957
71958
71959
71960
71961
71962
72166
72181
72421
72422
72423
72424
72425
72431
72432
72433
72434
72435
72441
72442
72443
72444
72445
72627
72628
72629
72633
72634
72635
72639
72640
72641
72645
72646
72647
72651
72714
72715
72718
72719
72738
72739
72742
72743
72764
72765
72766
72769
72770
72786
72787
72788
72791
72792
72793
72870
72871
72874
72875
72878
72879
72882
72883
72886
72924
72925
72928
72929
72970
72972
72974
72976
72978
72980
73046
73047
73048
73049
73050
73051
73052
73053
73161
73162
73163
73195
73196
73197
73198
73199
73200
73201
73268
73269
73542
73543
73544
73545
73546
73548
73556
73557
73558
73559
73560
73561
73562
73570
73571
73572
73573
73574
73575
73576
73584
73585
73586
73587
73588
73589
73590
73598
73670
73766
73767
73768
73769
73770
73771
73774
73775
73927
73928
73929
73930
73931
73932
73933
73934
73935
73936
74032
74033
74034
74035
74092
74093
74094
74095
74096
74097
74098
74099
74100
74101
74105
74182
74183
74186
74187
74317
74318
74322
74323
74324
74325
74327
74328
74335
74336
74337
74338
74345
74346
74442
74444
74516
74518
74584
74585
74586
74588
74589
74590
74591
74592
74593
74594
74596
74650
74651
74652
74653
74654
74655
74656
74657
74658
74659
74660
74661
74667
74783
74784
74789
74790
74791
74795
74796
74797
74801
74805
74852
74854
74875
74876
74894
74895
74919
74920
74937
74938
74939
74952
74953
74954
74994
74996
74998
75000
75020
75021
75108
75109
75110
75111
75112
75113
75114
75115
75116
75117
75118
75119
75156
75157
75435
75436
75440
75441
75442
75443
75445
75446
75447
75448
75451
75452
75453
75454
75459
75463
75556
75622
75623
75624
75625
75626
75627
75639
75697
75698
75699
75700
75701
75702
75703
75710
75848
75850
75852
75857
75871
75962
75980
76028
76029
76030
76031
76032
76057
76058
76094
76095
76097
76131
76132
76134
76171
76172
76174
76203
76204
76205
76206
76207
76208
76209
76211
76242
76243
76244
76245
76246
76247
76248
76249
76250
76251
76252
76253
76254
76256
76329
76331
76332
76334
76335
76337
76338
76340
76341
76343
76344
76367
76368
76370
76477
76480
76485
76487
76556
76558
77014
77015
77016
77017
77018
77019
77024
77025
77026
77027
77028
77029
77123
77124
77125
77126
77127
77128
77129
77130
77135
77136
77137
77138
77139
77140
77141
77142
77268
77269
77270
77271
77272
77273
77274
77275
77280
77281
77282
77283
77284
77285
77286
77287
77384
77385
77386
77387
77388
77389
77390
77391
77392
77393
77394
77395
77396
77397
77402
77403
77404
77405
77406
77407
77408
77409
77466
77467
77468
77469
77470
77471
77472
77473
77474
77475
77476
77477
77478
77479
77480
77483
77484
77485
77784
77786
77787
77788
77789
77798
77799
77800
77801
77802
77803
77804
77805
77814
77815
77816
77817
77818
77819
77820
77821
77830
77831
77832
77833
77834
77835
77836
77837
77846
77847
77848
77852
77853
77854
78563
78565
78566
78567
78568
78569
78572
78574
78575
78576
78577
78591
78592
78593
78594
78595
78596
78597
78598
78599
78600
78601
78602
78603
78604
78605
78606
78607
78608
78622
78623
78624
78625
78626
78627
78628
78629
78630
78631
78632
78633
78634
78635
78636
78637
78638
78639
78653
78654
78655
78656
78657
78658
78659
78660
78661
78662
78663
78664
78665
78666
78667
78668
78669
78670
78684
78685
78686
78687
78688
78689
78690
78694
78695
78696
78697
78698
78699
78700
79257
79259
79260
79261
79266
79267
79268
79269
79270
79271
79272
79273
79274
79275
79276
79277
79278
79279
79280
79281
79282
79283
79284
79285
79286
79287
79288
79289
79290
79291
79292
79293
79294
79295
79296
79297
79298
79299
79300
79301
79302
79303
79304
79305
79306
79307
79308
79309
79310
79311
79312
79313
79314
79315
79316
79317
79318
79319
79792
79794
79795
79796
79797
79798
79801
79802
79803
79804
79805
79936
79937
79938
79939
79940
79941
79942
79943
79944
79945
79946
79947
79948
79949
79950
79951
79952
79953
79954
79955
79956
79957
79958
79959
79960
79961
79962
79963
79964
79965
79966
79967
79968
79969
80423
80425
80426
80427
80428
80431
80432
80433
80434
81508
81509
81510
81511
81512
81513
81514
81515
81516
81517
81518
81519
81520
81524
81525
81526
81527
81528
81529
81530
81531
81532
81533
81534
81535
81536
81545
81546
81547
81548
81549
81550
81551
81552
81553
81554
81555
81556
81557
81571
81572
81573
81574
81575
81576
81577
81578
81579
81580
81581
81582
81583
81584
81599
81602
81603
81604
81606
81611
82004
82005
82006
82007
82008
82009
82010
82011
82025
82026
82027
82028
82029
82042
82043
82044
82045
82046
82047
82054
82055
82056
82057
82058
82059
82060
82061
82062
82063
82078
82079
82080
82081
82083
82086
82437
82438
82439
82446
82447
82448
82449
82450
82451
82452
82453
82454
82455
82456
82457
82464
82465
82466
82467
82468
82469
82470
82471
82472
82473
82480
82481
82482
82483
82484
82485
82486
82487
82488
82489
82490
82491
82492
82493
82505
82506
82507
82508
82511
82517
83002
83003
83004
83005
83006
83007
83008
83009
83010
83011
83026
83029
83030
83031
83034
83756
83757
83758
83759
83760
83761
83762
83763
83764
83765
83766
83767
83768
83769
83770
83771
83788
83789
83790
83791
83792
83793
83794
83795
83796
83797
83798
83799
83800
83801
83802
83803
83820
83821
83822
83823
83824
83825
83826
83827
83828
83829
83830
83831
83832
83833
83834
83835
83852
83853
83854
83855
83856
83857
83858
83859
83860
83861
83862
83863
83864
83865
83866
83867
83884
83887
83888
83889
83895
83899
84235
84236
84237
84241
84242
84243
84247
84248
84249
84253
84254
84255
84259
84344
84345
84346
84347
84354
84449
84450
84451
84452
84453
84454
84461
84462
84463
84466
84600
84601
84602
84603
84604
84605
84612
84613
84614
84617
84727
84728
84729
84730
84731
84732
84733
84734
84735
84736
84737
84738
84739
84740
84741
84748
84749
84750
84756
84838
84839
84840
84841
84842
84843
84844
84845
84846
84847
85256
85257
85258
85259
85260
85261
85262
85263
85264
85265
85276
85277
85278
85279
85280
85281
85282
85283
85284
85285
85296
85297
85298
85299
85300
85301
85302
85303
85304
85305
85316
85317
85318
85319
85320
85321
85322
85323
85324
85325
85336
85337
85338
85339
85340
85341
85342
85343
85344
85345
85366
85367
85368
85374
85618
85619
85620
85624
85625
85626
85630
85631
85632
85636
85637
85638
85820
85821
85822
85823
85828
85829
85830
85831
85836
85837
85838
85839
85844
85845
85846
85847
85992
85993
85994
85995
85996
85997
85998
85999
86000
86001
86002
86003
86254
86255
86256
86257
86258
86259
86260
86261
86262
86263
86264
86265
86276
86277
86278
86279
86280
86281
86288
86289
86290
86291
86292
86293
86464
86465
86466
86467
86468
86469
86476
86477
86478
86479
86480
86481
86482
86483
86604
86605
86606
86607
86608
86609
86610
86611
86612
86613
86614
86615
86616
86617
86618
86619
86620
86621
86622
87386
87387
87388
87389
87390
87391
87392
87393
87394
87395
87406
87407
87408
87409
87410
87411
87412
87413
87414
87415
87426
87427
87428
87429
87430
87431
87432
87433
87434
87435
87676
87677
87678
87679
87680
87681
87682
87683
87684
87685
87686
87687
87688
87689
87690
87691
87820
87821
87822
87823
87860
87861
87862
87863
87864
87865
87866
87867
87992
87993
87994
87995
88070
88071
88072
88073
88433
88439
88447
88454
88619
88626
88632
88638
88803
88809
88815
88989
89233
89235
89242
89243
89244
89245
89252
89253
89254
89255
89262
89263
89264
89265
89272
89273
89274
89275
89382
89383
89400
89401
89402
89422
89423
89424
89444
89445
89446
89447
89455
89529
89532
89533
89536
89537
89540
89541
89544
89545
89604
89605
89606
89607
89608
89609
89610
89611
89612
89613
89614
89615
89795
89799
89800
89806
89807
89819
89820
89823
89824
89825
89826
89827
89828
89829
89830
89831
89856
89857
89858
89859
89861
89862
89863
90018
90019
90020
90021
90022
90023
90024
90025
90026
90042
90043
90044
90045
90047
90048
90049
90221
90222
90223
90224
90225
90226
90227
90228
90229
90230
90231
90241
90242
90243
90244
90246
90247
90248
90384
90385
90386
90387
90388
90389
90390
90391
90392
90393
90394
90395
90396
90397
90398
90399
90400
90401
90402
90403
90404
90405
90417
90418
90419
90420
90422
90423
90424
90536
90538
90539
90540
90541
90542
90543
90544
90545
90546
90547
90548
90549
90551
90552
90553
90554
90555
90556
90558
90559
90560
90561
90562
90564
90565
90566
90582
90583
90584
90925
90926
90927
90928
90929
90938
90939
90940
90941
90942
90943
90944
90945
90946
90955
90956
90957
90958
90959
90960
90961
90962
90963
90972
90973
90974
90975
90976
90977
90978
90979
90980
90989
90990
90991
90992
90997
90998
90999
91000
92022
92023
92024
92025
92026
92031
92032
92033
92034
92035
92036
92037
92038
92039
92041
92042
92043
92044
92070
92071
92072
92073
92074
92075
92076
92077
92078
92079
92080
92081
92082
92083
92084
92085
92086
92087
92088
92089
92090
92091
92092
92093
92094
92095
92121
92122
92123
92124
92125
92126
92127
92128
92129
92130
92131
92132
92133
92134
92135
92136
92137
92138
92139
92140
92141
92142
92143
92144
92145
92146
92172
92173
92174
92175
92176
92177
92178
92179
92180
92181
92182
92183
92184
92185
92186
92187
92188
92189
92190
92191
92192
92193
92194
92195
92196
92197
92223
92224
92225
92226
92227
92228
92442
92443
92444
92446
92447
92448
92933
92934
92935
92936
92941
92942
92943
92944
92945
92946
92947
92948
92949
92950
92951
92952
92953
92954
92955
92956
92957
92958
92959
92960
92961
92962
92963
92964
92965
92966
92967
92968
92969
92970
92971
92972
92973
92974
92975
92976
92977
92978
92979
92980
92981
92982
92983
92984
92985
92986
92987
92988
92989
92990
92991
93401
93402
93403
93404
93405
93409
93410
93411
93412
93413
93414
93415
93547
93548
93549
93550
93551
93552
93553
93554
93555
93556
93557
93558
93559
93560
93561
93562
93563
93564
93565
93566
93567
93568
93569
93570
93571
93572
93573
93574
93575
93576
94013
94014
94015
94019
94020
94021
95157
95159
95160
95161
95162
95163
95164
95166
95167
95168
95169
95179
95180
95181
95182
95183
95184
95185
95186
95187
95188
95189
95190
95191
95205
95206
95207
95208
95209
95210
95211
95212
95213
95214
95215
95216
95217
95227
95228
95229
95230
95231
95232
95233
95234
95235
95236
95237
95238
95239
95249
95250
95251
95703
95704
95713
95714
95715
95716
95717
95718
95719
95720
95721
95722
95723
95724
95725
95726
95727
95728
95729
95730
95731
95732
95733
95734
95743
95744
95745
95746
95747
95748
95749
95750
95751
95752
95753
95761
95762
95763
95764
95765
95766
95767
95768
95769
95770
95771
95780
95781
95782
96257
96258
96259
96268
96269
96270
96280
96281
96282
96592
96594
96647
96648
96649
97182
97183
97184
97185
97186
97187
97236
97237
97238
97239
97240
97241
97242
97243
97244
97302
97303
97304
97305
97306
97307
97308
97309
97310
97368
97369
97370
97371
97372
97373
97374
97375
97376
97377
97378
97379
97401
97402
97403
97621
97622
97623
97624
97625
97632
97633
97634
97635
97636
97637
97644
97645
97646
97647
97648
97649
97656
97657
97658
97659
97660
97661
97668
97669
97670
97671
97672
97673
98109
98110
98111
98112
98113
98119
98120
98121
98122
98123
98124
98132
98133
98134
98135
98136
98137
98158
98159
98160
98161
98162
98163
98170
98171
98172
98173
98174
98175
98176
98177
98178
98179
98180
98181
98182
98183
98184
98251
98252
98253
98254
98255
98256
98257
98258
98259
98261
98262
98263
98264
98548
98549
98550
98551
98552
98553
98554
98555
98556
98557
98558
98559
98560
98599
98600
98601
98602
98603
98604
98605
98606
98607
98608
98609
98610
98611
98895
98896
98897
98898
98899
98900
98901
98902
98903
98904
98905
98906
98907
98908
98909
98910
98911
98912
98913
98934
98935
98936
98937
98938
98939
98940
98941
98942
98943
98944
98945
98946
99175
99176
99177
99178
99179
99180
99181
99182
99183
99184
99185
99186
99187
99188
99189
99190
99191
99192
99193
99194
99195
99196
99197
99198
99199
99200
99201
99202
99203
99204
99205
99206
99207
99208
99209
99210
99211
99212
99213
99214
99215
99216
99217
99218
99245
99246
99247
99248
99249
99250
99251
99252
99253
99255
99256
99257
99258
99486
99487
99488
99492
99493
99494
99495
99496
99497
99498
99499
99500
99501
99502
99503
99504
99505
99506
99507
99508
99509
99510
99511
99512
99513
99517
99518
99519
99520
99521
99522
99523
99524
99525
99526
99527
99528
99532
99533
99534
99535
99536
99537
99538
99542
99543
99544
99545
99546
99586
99587
99588
99589
99590
100159
100160
100161
100162
100163
100164
100165
100166
100167
100168
100169
100170
100171
100186
100187
100188
100189
100190
100191
100192
100193
100194
100195
100196
100197
100198
100199
100200
100215
100216
100217
100218
100219
100220
100221
100222
100223
100224
100225
100226
100227
100228
100229
100244
100245
100246
100247
100248
100249
100250
100251
100252
100253
100254
100255
100256
100257
100258
100273
100274
100275
100276
100277
100278
100284
100285
100287
100288
100289
100290
101465
101466
101467
101468
101472
101473
101474
101475
101476
101477
101478
101479
101480
101481
101482
101483
101484
101485
101488
101489
101490
101491
101492
101493
101494
101515
101516
101517
101518
101519
101520
101521
101522
101523
101524
101525
101526
101527
101528
101529
101530
101531
101532
101533
101534
101535
101536
101537
101538
101539
101540
101541
101542
101543
101544
101565
101566
101567
101568
101569
101570
101571
101572
101573
101574
101575
101576
101577
101578
101579
101580
101581
101582
101583
101584
101585
101586
101587
101588
101589
101590
101591
101592
101593
101594
101615
101616
101617
101618
101619
101620
101621
101622
101623
101624
101625
101626
101627
101628
101629
101630
101631
101632
101633
101634
101635
101636
101637
101638
101639
101640
101641
101642
101643
101644
101665
101666
101667
101668
101669
101670
101671
101672
101673
101674
101675
101676
101682
101683
101684
101685
101686
101687
101688
101689
101690
101692
101693
101694
102643
102644
102645
102649
102650
102651
102652
102653
102654
102655
102656
102657
102658
102659
102662
102663
102664
102665
102666
102667
102668
102669
102670
102671
102672
102673
102674
102675
102676
102677
102678
102679
102680
102681
102682
102683
102684
102685
102686
102687
102688
102689
102690
102691
102692
102693
102694
102695
102696
102697
102698
102699
102700
102701
102702
102703
102704
102705
102706
102707
102708
102709
102710
102711
102712
102713
102714
102715
102716
102717
102718
102719
102720
102721
102722
102723
102724
102725
102726
102727
102728
102729
102730
102731
102732
102733
102734
102735
102736
102737
102738
102739
102740
102741
102742
102743
102744
102745
102746
102747
102748
102749
102750
102751
102752
102753
102754
102755
102756
102757
102758
102759
102760
103493
103494
103495
103496
103497
103498
103499
103500
103501
103502
103503
103504
103505
103508
103509
103510
103511
103512
103513
103514
103515
103516
103517
103733
103734
103735
103736
103737
103738
103739
103740
103741
103742
103743
103744
103745
103746
103747
103748
103749
103750
103751
103752
103753
103754
103755
103756
103757
103758
103759
103760
103761
103762
103763
103764
103765
103766
103767
103768
103769
103770
103771
103772
103773
103774
103775
103776
103777
103778
103779
103780
103781
103782
103783
103784
103785
103786
103787
103788
103789
103790
104618
104619
104620
104624
104625
104626
104627
104628
104629
104630
104631
104632
104633
104634
104635
104636
104639
104640
104641
104642
104643
104644
104645
105046
105048
105049
105050
105051
105052
105053
105054
105055
105056
105060
105061
105062
105063
105155
105156
105157
105158
105162
105163
105164
105165
105169
105170
105171
105172
105615
105617
105618
105619
105620
105621
105623
105624
105625
105626
105627
105628
105629
105630
105631
105632
105633
105634
105635
105636
105637
105638
105639
105640
105641
105642
105643
105644
105645
105646
105647
105648
105649
105650
105660
105661
105662
105663
105664
105665
105666
105667
105668
105669
105670
105671
105945
105946
105947
105948
105949
105950
105951
105952
105953
105954
105955
105956
105966
105967
105968
105969
105970
105971
105972
105973
105974
105975
105976
105977
105987
105988
105989
105990
105991
105992
105993
105994
105995
105996
105997
105998
106427
106428
106429
106477
106479
106480
106481
106484
106485
106486
106487
106488
106494
106575
106635
106647
106678
106679
106680
106682
106698
106711
106712
106758
106759
106760
106761
106789
106902
106903
106904
106905
106906
106907
106908
106909
106910
106911
106912
106913
106914
106915
106916
106917
106920
106921
106922
106923
106924
106925
106926
106927
106936
106937
107139
107140
107141
107142
107143
107152
107153
107154
107155
107156
107157
107158
107159
107160
107175
107176
107177
107178
107179
107180
107181
107182
107183
107184
107195
107196
107197
107474
107475
107476
107477
107488
107489
107490
107501
107502
107687
107705
107727
107728
107754
107755
107756
107758
107784
107786
107787
107809
107810
107859
107860
108005
108006
108007
108008
108009
108011
108013
108014
108015
108016
108017
108018
108019
108020
108021
108022
108023
108024
108025
108026
108027
108037
108038
108039
108040
108041
108042
108043
108044
108045
108247
108248
108249
108250
108251
108252
108253
108254
108262
108263
108264
108265
108266
108267
108268
108274
108275
108276
108277
108278
108279
108280
108281
108282
109021
109023
109024
109025
109026
109029
109031
109032
109033
109034
109035
109036
109037
109038
109039
109040
109041
109042
109043
109044
109045
109046
109047
109048
109049
109050
109051
109052
109053
109054
109055
109056
109057
109058
109059
109060
109061
109062
109063
109064
109065
109066
109067
109068
109069
109070
109084
109085
109086
109087
109088
109089
109090
109091
109092
109093
109094
109095
109096
109097
109098
109099
109475
109476
109477
109478
109479
109480
109481
109482
109483
109484
109485
109486
109501
109502
109503
109504
109505
109506
109507
109508
109509
109510
109511
109512
109513
109514
109515
109516
109517
109518
109534
109535
109536
109537
109538
109539
109540
109541
109542
109543
109544
109545
109546
109547
109548
109549
110145
110146
110147
110148
110149
110150
110151
110152
110153
110301
110302
110303
110307
110308
110309
110310
110311
110312
110313
110314
110315
110316
110323
110324
110325
110326
110327
110328
110329
110330
110331
110332
110333
110334
110335
110336
110337
110338
110355
110356
110357
110612
110613
110614
110797
110798
110799
110833
110834
110835
110926
110927
110928
110929
110930
110931
110932
110933
110934
110938
110939
110940
110986
110987
110988
111025
111026
111027
111028
111029
111030
111173
111174
111175
111176
111177
111178
111179
111180
111181
111182
111183
111184
111185
111186
111284
111285
111286
111287
111372
111373
111374
111375
111376
111377
111378
111379
111380
111381
111382
111383
111388
111389
111390
111391
111480
111481
111482
111483
111488
111489
111490
111491
111742
111743
111744
111745
111746
111747
111748
111749
111750
111751
111752
111753
111754
111755
111756
111757
111758
111759
111760
111761
111762
111763
111764
111765
111766
111767
111768
111769
111770
111771
112002
112003
112004
112005
112006
112007
112008
112009
112010
112011
112032
112033
112034
112035
112036
112037
112038
112039
112040
112041
112042
112043
112044
112045
112046
112047
112048
112049
112050
112051
112587
112588
112593
112671
112678
113074
113075
113076
113077
113078
113083
113084
113085
113086
113087
113088
113089
113090
113091
113092
113093
113094
113095
113096
113097
113098
113099
113100
113101
113102
113103
113104
113105
113106
113107
113108
113109
113110
113111
113112
113113
113114
113115
113116
113117
113118
113119
113120
113121
113122
113123
113124
113125
113140
113141
113142
113143
113144
113145
113146
113147
113148
113149
113150
113151
113152
113153
113154
113155
113156
113550
113551
113552
113553
113554
113555
113556
113557
113558
113559
113560
113561
113562
113563
113578
113579
113580
113581
113582
113583
113584
113585
113586
113587
113588
113589
113590
113591
113592
113593
113594
113609
113610
113611
113612
113613
113614
113615
113616
113617
113618
113619
113620
113621
113622
113623
114294
114296
114297
114298
114299
114300
114301
114302
114315
114316
114317
114523
114524
114525
114540
114541
114542
115455
115456
115457
115458
115462
115463
115464
115465
115466
115467
115468
115469
115470
115471
115472
115473
115474
115475
115476
115477
115478
115479
115483
115484
115485
115486
115487
115488
115489
115490
115491
115492
115493
115494
115495
115496
115497
115498
115499
115500
115501
115502
115503
115504
115505
115506
115507
115508
115509
115510
115511
115512
115513
115514
115515
115516
115517
115518
115519
115520
115521
115522
115523
115524
115525
115526
115527
115528
115529
115530
115531
115532
115533
115534
115535
115536
115537
115538
115539
115540
115541
115542
115543
115544
115545
115546
115547
115548
115549
115550
115551
115552
115553
115554
115555
115556
115557
115558
115559
115560
115561
115562
115563
115564
115565
115566
115567
115568
115569
115570
115571
115572
115573
115574
115575
115606
115607
115608
115609
115610
115611
115612
115613
115614
115615
115616
115617
115618
115619
115620
115621
115622
115623
115624
115625
115626
115627
115628
115629
115630
115631
115632
115633
115634
115635
115636
115637
115638
115639
115640
115641
115642
115643
115644
116502
116503
116504
116505
116506
116507
116508
116509
116510
116511
116512
116513
116514
116515
116516
116517
116518
116519
116520
116521
116522
116523
116524
116525
116526
116527
116528
116529
116530
116531
116562
116563
116564
116565
116566
116567
116568
116569
116570
116571
116572
116573
116574
116575
116576
116577
116578
116579
116580
116581
116582
116583
116584
116585
116586
116587
116588
116589
116590
116591
116592
116593
116594
116595
116596
116597
116598
116599
116600
116631
116632
116633
116634
116635
116636
116637
116638
116639
116640
116641
116642
116643
116644
116645
116646
116647
116648
116649
116650
116651
116652
116653
116654
116655
116656
116657
116658
116659
116660
116661
116662
116663
116664
116665
116666
116667
117976
118096
118097
118103
118104
118110
118111
118117
118118
118124
118220
118222
118223
118225
118226
118228
118229
118231
118232
118234
118314
118315
118505
118506
118507
118512
118513
118514
118515
118520
118521
118522
118523
118528
118529
118530
118531
118536
118537
118538
118539
118544
118545
118546
118547
118548
118549
118628
118629
118630
118631
118632
118633
118634
118635
118656
118657
118658
118659
118660
118661
118662
118663
118684
118685
118686
118687
118688
118689
118690
118691
118712
118713
118714
118715
118716
118717
118718
118719
118740
118741
118742
118743
118744
118745
118746
118747
118768
118769
118770
118771
118772
118773
118774
118775
118796
118797
118798
118799
118800
118801
118802
118803
118824
118825
118826
118827
118828
118829
118830
118831
118971
118972
118973
118976
118977
118978
118979
118982
118983
118984
118985
118988
118989
118990
118991
118994
118995
118996
118997
119000
119001
119002
119003
119246
119247
119248
119249
119250
119251
119252
119370
119371
119372
119373
119390
119391
119392
119393
119410
119411
119412
119413
119434
119435
119436
119437
119458
119459
119460
119461
119534
119535
119536
119537
119602
119603
119604
119605
120100
120101
120102
120103
120104
120105
120132
120133
120134
120135
120136
120137
120138
120139
120166
120167
120168
120169
120170
120171
120172
120173
120200
120201
120202
120203
120204
120205
120206
120207
120234
120235
120236
120237
120238
120239
120240
120241
120242
120244
120245
121295
121297
121298
121299
121301
121302
121303
121304
121305
121306
121307
121309
121310
121313
121314
121315
121316
121317
121318
121319
121339
121340
121341
121342
121343
121344
121345
121346
121347
121348
121349
121350
121351
121352
121353
121354
121355
121356
121357
121358
121359
121360
121361
121362
121363
121364
121384
121385
121386
121387
121388
121389
121390
121391
121392
121393
121394
121395
121396
121397
121398
121399
121400
121401
121402
121403
121404
121405
121406
121407
121408
121409
121429
121430
121431
121432
121433
121434
121435
121436
121437
121438
121439
121440
121441
121442
121443
121444
121445
121446
121447
121448
121449
121450
121451
121452
121453
121454
121474
121475
121476
121477
121478
121479
121480
121481
121482
121483
121484
121485
121486
121487
121488
121489
121490
121491
121492
121493
121494
121495
121496
121497
121498
121499
121519
121520
121521
121522
121523
121524
121525
121526
121527
121528
121529
121530
121531
121532
121533
121534
121535
121536
121537
121927
121928
121929
121930
121931
121932
121933
121934
121943
121944
121945
121946
122083
122084
122085
122086
122087
122088
122089
122090
122099
122100
122101
122102
122239
122240
122241
122242
122243
122244
122245
122246
122255
122256
122257
122258
122371
122373
122375
122376
122377
122378
122379
122380
122381
122382
122383
122384
122385
122386
122387
122388
122389
122390
122391
122392
122393
122394
122395
122396
122397
122398
122407
122408
122409
122410
122515
122516
122517
122518
122519
122520
122521
122522
122523
122524
122525
122526
122527
122528
122529
122530
122531
122532
122533
122534
122535
122536
122537
122538
122539
122540
122541
122542
122543
122544
122545
122546
122547
122548
122549
122550
122559
122560
122561
122562
122563
122564
122565
122566
122867
122869
122871
122872
122873
122874
122879
122880
122881
122882
122883
122884
122885
122886
122891
122892
122893
122894
122895
122896
122897
122898
122903
122904
122905
122906
122907
122908
122909
122910
122915
122916
122917
122918
122919
122920
122921
122922
122923
122924
122925
122926
122935
122936
122937
122938
122939
122940
122941
122942
123035
123036
123037
123038
123039
123040
123041
123042
123051
123052
123053
123054
124319
124320
124321
124322
124323
124324
124325
124326
124331
124332
124333
124334
124335
124336
124337
124338
124455
124456
124457
124458
124459
124460
124461
124462
124467
124468
124469
124470
124471
124472
124473
124474
124623
124624
124625
124626
124627
124628
124629
124630
124635
124636
124637
124638
124639
124640
124641
124642
124751
124754
124755
124756
124757
124758
124759
124760
124761
124762
124763
124764
124765
124766
124767
124768
124769
124770
124775
124776
124777
124778
124779
124780
124781
124782
124871
124872
124873
124874
124875
124876
124877
124878
124879
124880
124881
124882
124883
124884
124885
124886
124887
124888
124889
124890
124891
124892
124893
124894
124895
124896
124897
124898
124903
124904
124905
124906
125219
125222
125223
125224
125225
125226
125235
125236
125237
125238
125239
125240
125241
125242
125251
125252
125253
125254
125255
125256
125257
125258
125267
125268
125269
125270
125271
125272
125273
125274
125283
125284
125285
125286
125291
125292
125293
125294
125947
125949
125951
125952
125953
125954
125956
125957
125959
125960
125961
125962
125975
125976
125977
125978
125979
125980
125981
125982
125983
125984
125985
125986
125987
125988
125989
125990
126003
126004
126005
126006
126007
126008
126009
126010
126011
126012
126013
126014
126015
126016
126017
126018
126031
126032
126033
126034
126035
126036
126037
126038
126039
126040
126041
126042
126043
126044
126045
126046
126059
126060
126061
126062
126063
126064
126065
126066
126071
126072
126073
126074
126075
126076
126077
126078
126616
126617
126619
126620
126621
126622
126623
126626
126627
126628
126629
126630
126631
126632
126633
126634
126635
126636
126637
126638
126639
126640
126641
126642
126643
126644
126645
126646
126647
126648
126649
126650
126651
126652
126653
126654
126655
126656
126657
126658
126659
126660
126661
126662
126663
126664
126665
126666
126667
126668
126669
126670
126671
126672
126673
126674
126675
126676
126677
126678
127109
127110
127111
127112
127113
127114
127117
127118
127119
127120
127121
127122
127247
127248
127249
127250
127251
127252
127253
127254
127255
127256
127257
127258
127259
127260
127261
127262
127263
127264
127265
127266
127267
127268
127269
127270
127271
127272
127273
127274
127275
127276
127277
127278
127736
127737
127739
127740
127741
127742
127744
127745
127747
127748
127749
127750
128336
128337
128339
128340
128341
128342
128344
128345
128347
128348
128349
128350
128351
128352
128353
128354
128355
128356
128357
128358
128359
128360
128361
128362
128363
128364
128365
128366
128367
128368
128369
128370
128371
128372
128373
128374
128375
128376
128377
128378
128379
128380
128381
128382
128395
128396
128397
128398
128399
128400
128401
128402
128403
128404
128405
128406
128407
128408
128409
128410
128775
128776
128777
128778
128779
128780
128781
128782
128783
128784
128785
128786
128787
128788
128789
128790
128803
128804
128805
128806
128807
128808
128809
128810
128811
128812
128813
128814
128815
128816
128817
128818
128831
128832
128833
128834
128835
128836
128837
128838
128839
128840
128841
128842
128843
128844
128845
128846
130103
130104
130105
130106
130107
130108
130109
130137
130138
130139
130140
130141
130142
130143
130170
130171
130172
130173
130174
130175
130176
130201
130202
130203
130204
130205
130206
130207
130290
130291
130342
130343
130350
130351
130358
130359
130366
130367
130374
130375
130382
130383
130390
130391
130435
130437
130439
130441
130443
130444
130661
130662
130663
130664
130665
130673
130674
130675
130676
130677
130685
130686
130687
130688
130689
130697
130698
130699
130700
130701
130708
130709
130710
130711
130712
130713
130772
130864
130865
130868
130869
130872
130873
130876
130877
130879
130880
130881
130882
130883
130914
130920
130922
130928
130930
130936
130938
130944
130946
130952
130954
130960
130962
131006
131008
131010
131012
131014
131015
131018
131019
131082
131085
131088
131091
131146
131148
131150
131152
131154
131156
131188
131190
131209
131211
131232
131234
131251
131252
131253
131255
131270
131271
131272
131273
131275
131318
131320
131322
131324
131326
131328
131382
131384
131386
131388
131390
131392
131616
131631
131646
131657
131909
131910
131925
131926
131941
131942
131957
131958
132038
132040
132042
132044
132086
132122
132156
132157
132158
132185
132186
132187
132188
132234
132236
132238
132240
132294
132296
132298
132300
132825
132826
132827
132828
132851
132852
132853
132854
132855
132856
132857
132858
132859
132860
132861
132862
132881
132882
132883
132884
132885
132886
132887
132888
132889
132890
132891
132892
132911
132912
132913
132914
132915
132916
132917
132918
132919
132920
132921
132922
132941
132942
132943
132944
132945
132946
132947
132948
132949
132950
132951
132952
132953
132954
133027
133028
133029
133030
133031
133032
133033
133034
133035
133036
133039
133041
133042
133171
133172
133173
133174
133187
133188
133189
133190
133203
133204
133205
133206
133219
133220
133221
133222
133235
133236
133237
133238
133251
133252
133253
133254
133267
133268
133269
133270
133357
133358
133361
133362
133365
133366
133369
133370
133373
133374
133375
133376
133377
133951
133952
133954
133955
133962
133963
133964
133965
133966
133967
133974
133975
133976
133977
133978
133979
133986
133987
133988
133989
133990
133991
133998
133999
134000
134001
134002
134003
134011
134012
134013
134014
134015
134016
134148
134150
134153
134205
134207
134210
134262
134263
134264
134266
134269
134312
134313
134314
134315
134316
134317
134318
134320
134323
134383
134384
134386
134387
134389
134390
134392
134393
134396
134399
134494
134495
134498
134499
134502
134503
134506
134507
134510
134513
134580
134582
134584
134586
134712
134713
134714
134801
134802
134804
134806
134808
134835
134849
134850
134865
134866
134867
134904
134909
134939
134956
135268
135269
135270
135271
135291
135292
135293
135294
135314
135315
135316
135317
135337
135338
135339
135340
135360
135361
135362
135363
135364
135847
135849
135850
135851
135852
135855
135856
135865
135866
135867
135868
135869
135870
135871
135872
135873
135874
135875
135876
135885
135886
135887
135888
135889
135890
135891
135892
135893
135894
135895
135896
135905
135906
135907
135908
135909
135910
135911
135912
135913
135914
135915
135916
135925
135926
135927
135928
135929
135930
135931
135932
135933
135934
135935
135943
135944
135945
135946
135947
135948
135949
135950
136096
136097
136100
136135
136136
136139
136174
136175
136178
136208
136209
136210
136211
136212
136213
136216
136243
136244
136245
136246
136247
136248
136249
136250
136251
136254
136255
136332
136334
136335
136337
136338
136340
136341
136343
136344
136345
136348
136349
136373
136374
136377
136567
136568
136569
136582
136593
136739
136740
136741
136745
136746
136747
136751
136752
136753
136757
136758
136759
137292
137293
137294
137295
137296
137297
137298
137299
137326
137327
137328
137329
137330
137331
137332
137333
137360
137361
137362
137363
137364
137365
137366
137367
137394
137395
137396
137397
137398
137399
137400
137401
137464
137540
137541
137548
137549
137556
137557
137564
137565
137572
137573
137580
137581
137588
137589
137890
137891
137892
137893
137894
137895
137896
137908
137909
137910
137911
137912
137913
137914
137926
137927
137928
137929
137930
137931
137932
137944
137945
137946
137947
137948
137949
137950
137962
137963
137964
137965
137966
137967
137968
137969
137970
137971
137972
138064
138236
138237
138238
138239
138244
138245
138246
138247
138252
138253
138254
138255
138260
138261
138262
138263
138268
138269
138270
138271
138272
138273
138274
138275
138276
138342
138348
138350
138356
138358
138364
138366
138372
138374
138380
138382
138388
138390
138400
138401
138404
138405
138611
138612
138616
138617
138618
138622
138623
138624
138628
138629
138630
138634
138635
138638
138639
138725
138726
138729
138730
138782
138783
138786
138787
138841
138842
138845
138846
138891
138893
138894
138895
138896
138897
138898
138899
138902
138903
138944
138945
138946
138947
138948
138949
138950
138951
138952
138953
138954
138955
138958
138959
138960
139086
139088
139092
139093
139094
139098
139099
139100
139104
139105
139106
139110
139111
139112
139116
139117
139118
139168
139170
139377
139378
139379
139384
139385
139386
139391
139392
139393
139397
139398
139399
139404
139569
139570
139602
139603
139604
139605
139606
139607
139608
139609
139610
139611
139737
139738
139739
139743
139744
139745
139749
139750
139751
139752
139756
139757
139758
139759
139764
139932
139933
139934
139935
139936
139937
139938
139972
139996
139997
139998
140034
140853
140855
140857
140859
140898
140900
140902
141049
141050
141052
141053
141083
141084
141086
141087
141125
141126
141128
141129
141158
141159
141160
141161
141163
141164
141187
141188
141189
141190
141191
141192
141193
141195
141275
141278
141279
141282
141283
141286
141287
141290
141292
141457
141459
141463
141464
141465
141466
141470
141471
141472
141473
141477
141478
141479
141480
141484
141485
141487
141488
141624
141626
141627
141628
141629
141630
141631
141632
141633
141634
141635
141636
141637
141638
141747
141749
141781
141782
141783
141784
141785
141786
141787
141788
141904
141906
142662
142663
142721
142723
142725
142727
142778
142780
142782
142784
142819
142821
142838
142840
142863
142865
142881
142882
142884
142896
142897
142898
142938
142940
142942
142944
143066
143068
143072
143073
143074
143078
143079
143080
143084
143085
143086
143090
143092
143169
143170
143171
143173
143255
143256
143257
143258
143264
143342
143343
143344
143349
143419
143420
143421
143422
143423
143424
143425
143426
143427
143432
143496
143497
143498
143499
143500
143501
143507
143557
143559
143724
143725
143726
143727
143732
143733
143734
143735
143740
143741
143742
143743
143748
143749
143750
143751
143757
143841
143842
143843
143844
143878
143919
143940
143941
143942
143943
143944
143984
143985
144065
144066
144067
144068
144069
144070
144071
144072
144073
144074
144150
144151
144170
144171
144172
144173
144347
144348
144349
144350
144351
144352
144353
144354
144355
144390
144391
144416
144417
144418
144545
144546
144547
144548
144549
144552
144590
144593
144738
144740
144741
144742
144743
144744
144745
144746
144747
144748
144752
144753
144754
144755
144847
144848
144849
144850
144854
144855
144856
144857
144861
144862
144863
144864
145018
145034
145054
145072
145073
145093
145094
145095
145110
145111
145128
145173
145174
145175
145176
145195
145216
145217
145218
145292
145293
145294
145295
145296
145297
145298
145301
145302
145369
145370
145374
145375
145376
145381
145382
145508
145509
145510
145511
145512
145513
145514
145515
145869
145870
145871
146565
146566
146567
146569
146571
146572
146573
146610
146611
146612
146613
146614
146616
146617
146618
146655
146656
146657
146658
146659
146661
146662
146663
146700
146701
146702
146703
146704
146706
146707
146708
146751
146753
146754
146756
147218
147219
147220
147221
147224
147225
147230
147231
147232
147233
147234
147235
147236
147237
147238
147239
147240
147245
147246
147247
147248
147249
147250
147251
147252
147253
147254
147255
147260
147261
147262
147263
147264
147265
147266
147267
147268
147269
147270
147275
147276
147277
147278
147279
147280
147281
147282
147283
147284
147289
147290
147291
147497
147498
147499
147500
147501
147894
147895
147896
147897
147898
147899
147908
147909
147910
147911
147912
147913
147914
147915
147924
147925
147926
147927
147928
147929
147930
147931
147940
147941
147942
147943
147944
147945
147946
147947
147956
147957
147958
147959
147960
147961
147962
147963
147972
147973
147974
147975
147976
147977
147978
147979
147981
147982
148356
148357
148358
148359
148371
148372
148373
148374
148386
148387
148388
148389
148401
148402
148403
148404
148414
148415
148416
148418
148419
148420
148538
148539
148540
148541
148542
148543
148544
148545
148546
148547
148548
148549
148550
148551
148552
148553
148592
148593
148594
148595
148596
148597
148598
148599
148600
148601
148602
148603
148604
148605
148606
148607
148646
148647
148648
148649
148650
148651
148652
148653
148654
148655
148656
148657
148658
148659
148660
148661
148700
148701
148702
148703
148704
148705
148706
148707
148708
148709
148710
148711
148712
148713
148714
148715
148754
148755
148756
148757
148758
148759
148760
148761
148762
148763
148764
148765
148766
148767
148768
148769
148808
148809
148810
148811
148812
148813
148814
148815
148816
148817
148818
148819
148820
148821
148822
148823
148862
148863
148864
148865
148866
148867
148868
148869
148870
148871
148872
148873
148874
148875
148876
148877
148916
148917
148918
148919
148920
148921
148922
148923
148924
148925
148926
148927
148928
148929
148930
148931
149191
149192
149193
149194
149195
149196
149200
149201
149202
149203
149204
149205
149206
149207
149211
149212
149213
149214
149215
149216
149217
149218
149222
149223
149224
149225
149226
149227
149228
149229
149233
149234
149235
149236
149237
149238
149239
149240
149244
149245
149246
150030
150031
150032
150033
150034
150035
150036
150037
150038
150039
150040
150041
150042
150043
150044
150045
150046
150381
150382
150383
150384
150385
150386
150387
150388
150389
150390
150437
150438
150439
150440
150441
150442
150443
150444
150445
150446
150493
150494
150495
150496
150497
150498
150499
150500
150501
150502
150561
150562
150563
150564
150565
150566
150567
150568
150569
150570
150629
150630
150631
150632
150633
150634
150635
150636
150637
150638
150853
150854
150855
150856
150857
150858
150859
150860
150861
150862
151053
151054
151055
151056
151057
151058
151059
151060
151061
151062
152083
152085
152087
152088
152089
152090
152091
152092
152093
152094
152095
152096
152097
152098
152154
152155
152156
152157
152158
152159
152160
152161
152162
152163
152164
152165
152166
152167
152168
152169
152225
152226
152227
152228
152229
152230
152231
152232
152233
152234
152235
152236
152237
152238
152239
152240
152296
152297
152298
152299
152300
152301
152302
152303
152304
152305
152306
152307
152308
152309
152310
152311
152367
152368
152369
152370
152371
152372
152373
152374
152375
152376
152377
152378
152379
152380
152381
152382
152383
152385
152388
152389
154623
154624
154625
154629
154630
154631
154632
154633
154635
154636
154638
154639
154640
154641
154642
154643
154644
154645
154646
154647
154648
154649
154650
154651
154652
154653
154656
154657
154659
154660
154664
154665
154666
154667
154668
154669
154670
154671
154672
154673
154674
154675
154676
154677
154717
154718
154719
154720
154721
154722
154723
154724
154725
154726
154727
154728
154729
154730
154731
154732
154733
154734
154735
154736
154737
154738
154739
154740
154741
154742
154743
154744
154745
154746
154747
154748
154749
154750
154751
154752
154753
154754
154755
154756
154757
154758
154759
154760
154761
154762
154763
154764
154765
154766
154767
154768
154769
154770
154771
154772
154773
154811
154812
154813
154814
154815
154816
154817
154818
154819
154820
154821
154822
154823
154824
154825
154826
154827
154828
154829
154830
154831
154832
154833
154834
154835
154836
154837
154838
154839
154840
154841
154842
154843
154844
154845
154846
154847
154848
154849
154850
154851
154852
154853
154854
154855
154856
154857
154858
154859
154860
154861
154862
154863
154864
154865
154866
154867
154905
154906
154907
154908
154909
154910
154911
154912
154913
154914
154915
154916
154917
154918
154919
154920
154921
154922
154923
154924
154925
154926
154927
154928
154929
154930
154931
154932
154933
154934
154935
154936
154937
154938
154939
154940
154941
154942
154943
154944
154945
154946
154947
154948
154949
154950
154951
154952
154953
154954
154955
154956
154957
154958
154959
154960
154961
155001
155002
155003
155004
155005
155006
155007
155008
155009
155010
155011
155012
155013
155014
155015
155016
155017
155018
155019
155020
155021
155022
155023
155024
155025
155026
155027
155028
155029
155030
155031
155032
155033
155034
155035
155036
155037
155038
155039
155040
155041
155042
155043
155044
155045
155046
155047
155048
155049
155050
155051
155086
155087
155088
155089
155090
155091
155092
155093
155094
155095
155096
155097
155098
155099
155100
155101
155102
155103
155104
155105
155106
155107
155108
155109
155110
155112
155113
155114
155115
155116
155118
155120
155901
155902
155903
155904
155905
155906
155907
155908
155909
155910
155911
155912
155913
155914
155915
155916
155933
155934
155935
155936
155937
155938
156251
156252
156253
156254
156255
156256
156257
156258
156259
156260
156261
156262
156263
156264
156265
156266
156283
156284
156285
156286
156287
156288
156603
156604
156605
156606
156607
156608
156609
156610
156611
156612
156613
156614
156615
156616
156617
156618
156635
156636
156637
156638
156639
156640
156893
156895
156896
156900
156901
156903
156904
156905
156906
156907
156908
156909
156910
156911
156912
156913
156914
156915
156916
156917
156918
156919
156920
156921
156922
156923
156924
156925
156926
156927
156928
156929
156930
156931
156932
156933
156934
156935
156936
156937
156938
156939
156940
156941
156942
156943
156944
156945
156946
156947
156948
156949
156950
156951
156952
156953
156954
156955
156956
156957
156958
156975
156976
156977
156978
156979
156980
157207
157208
157209
157210
157211
157212
157213
157214
157215
157216
157217
157218
157219
157220
157221
157222
157223
157224
157225
157226
157227
157228
157229
157230
157231
157232
157233
157234
157235
157236
157237
157238
157239
157240
157241
157242
157243
157244
157245
157246
157247
157248
157249
157250
157251
157252
157253
157254
157255
157256
157257
157258
157259
157260
157261
157262
157263
157264
157265
157266
157267
157268
157269
157270
157271
157272
157273
157274
157275
157276
157277
157278
157279
157280
157281
157282
157283
157284
157285
157286
157287
157288
157289
157290
157307
157308
157309
157310
157311
157312
157313
157314
157315
157316
157317
157319
157321
157322
158013
158015
158016
158020
158021
158023
158024
158025
158026
158027
158028
158029
158030
158031
158032
158041
158042
158043
158044
158045
158046
158047
158048
158049
158050
158051
158052
158053
158054
158055
158056
158057
158058
158059
158060
158069
158070
158071
158072
158073
158074
158075
158076
158077
158078
158079
158080
158081
158082
158083
158084
158085
158086
158087
158088
158097
158098
158099
158100
158101
158102
158103
158104
158105
158106
158107
158108
158109
158110
158111
158112
158121
158122
158123
158124
158125
158126
158127
158128
158129
158130
158131
158132
158133
158134
158135
158136
158137
158138
158139
158140
158141
158142
158157
158158
158159
158160
158161
158162
158163
158164
158165
158166
158167
158168
158341
158342
158343
158344
158345
158346
158347
158348
158349
158350
158351
158352
158353
158354
158369
158370
158371
158372
158373
158374
161567
161568
161569
161570
161571
161572
161573
161574
161575
161576
161577
161578
161579
161580
161581
161582
161589
161590
161591
161592
161593
161594
161595
161596
161597
161598
161599
161602
161819
161820
161821
161822
161823
161824
161825
161826
161827
161828
161829
161830
161831
161832
161833
161834
161841
161842
161843
161844
161845
161847
161849
161850
161851
161852
161853
161856
162143
162144
162145
162146
162147
162148
162149
162150
162151
162152
162153
162154
162155
162156
162157
162158
162165
162166
162167
162168
162169
162171
162173
162174
162175
162176
162177
162180
162386
162390
162391
162392
162393
162394
162395
162396
162397
162398
162399
162400
162401
162402
162403
162404
162405
162406
162407
162408
162409
162410
162411
162412
162413
162414
162415
162416
162417
162418
162419
162420
162421
162422
162429
162430
162431
162432
162433
162434
162435
162436
162437
162438
162439
162442
162583
162584
162585
162586
162587
162588
162589
162590
162591
162592
162593
162594
162595
162596
162597
162598
162599
162600
162601
162602
162603
162604
162605
162606
162607
162608
162609
162610
162611
162612
162613
162614
162615
162616
162617
162618
162619
162620
162621
162622
162623
162624
162625
162626
162633
162634
162635
162636
163228
163229
163233
163234
163235
163236
163237
163238
163239
163240
163241
163242
163257
163258
163259
163260
163261
163262
163263
163264
163265
163266
163267
163268
163269
163270
163271
163272
163287
163288
163289
163290
163291
163292
163293
163294
163295
163296
163297
163298
163299
163300
163301
163302
163317
163318
163319
163320
163321
163322
163323
163324
163325
163326
163327
163328
163329
163330
163331
163332
163347
163348
163349
163350
163351
163352
163357
163358
163359
163360
163362
163364
164467
164469
164470
164473
164475
164476
164477
164478
164479
164480
164481
164482
164485
164486
164488
164489
164490
164491
164492
164493
164494
164513
164514
164515
164516
164517
164518
164519
164520
164521
164522
164523
164524
164525
164526
164527
164528
164529
164530
164531
164532
164533
164534
164535
164536
164537
164538
164539
164540
164559
164560
164561
164562
164563
164564
164565
164566
164567
164568
164569
164570
164571
164572
164573
164574
164575
164576
164577
164578
164579
164580
164581
164582
164583
164584
164585
164586
164605
164606
164607
164608
164609
164610
164611
164612
164613
164614
164615
164616
164617
164618
164619
164620
164621
164622
164623
164624
164625
164626
164627
164628
164629
164630
164631
164632
164651
164652
164653
164654
164655
164656
164657
164658
164659
164660
164665
164666
164667
164668
164669
164670
164671
164672
164674
164675
165603
165604
165606
165607
165609
165610
165611
165612
165613
165614
165615
165616
165618
165619
165623
165624
165625
165626
165627
165628
165629
165630
165631
165632
165633
165634
165635
165636
165637
165638
165639
165640
165641
165642
165643
165644
165645
165646
165647
165648
165649
165650
165651
165652
165653
165654
165655
165656
165657
165658
165659
165660
165661
165662
165663
165664
165665
165666
165667
165668
165669
165670
165671
165672
165673
165674
165675
165676
165677
165678
165679
165680
165681
165682
165683
165684
165685
165686
165687
165688
165689
165690
165691
165692
165693
165694
165695
165696
165697
165698
165699
165700
165701
165702
165703
165704
165705
165706
165707
165708
165709
165710
165711
165712
165713
165714
165715
165716
165717
165718
165719
165720
165721
165722
165723
165724
166498
166499
166500
166501
166502
166503
166504
166505
166506
166507
166508
166509
166510
166511
166512
166516
166517
166518
166519
166520
166521
166522
166523
166524
166753
166754
166755
166756
166757
166758
166759
166760
166761
166762
166763
166764
166765
166766
166767
166768
166769
166770
166771
166772
166773
166774
166775
166776
166777
166778
166779
166780
166781
166782
166783
166784
166785
166786
166787
166788
166789
166790
166791
166792
166793
166794
166795
166796
166797
166798
166799
166800
166801
166802
166803
166804
166805
166806
166807
166808
166809
166810
166811
166812
167657
167658
167660
167661
167663
167664
167665
167666
167667
167668
167671
167672
167674
167675
167676
167677
167678
168841
168842
168844
168845
168847
168848
168849
168850
168851
168852
168853
168854
168857
168858
168860
168861
168862
168863
168864
168865
168866
168867
168868
168869
168870
168871
168872
168873
168874
168875
168876
168877
168878
168879
168880
168881
168882
168883
168884
168885
168886
168887
168888
168889
168890
168891
168892
168893
168894
168895
168896
168897
168898
168899
168900
168901
168902
168903
168904
168905
168906
168907
168908
168909
168910
168911
168912
168913
168914
168915
168916
168917
168918
168919
168920
168921
168922
168923
168924
168925
168926
168927
168928
168929
168930
168951
168952
168953
168954
168955
168956
168957
168958
168959
168960
168961
168962
168963
168964
168965
168966
168967
168968
168969
168970
168971
168972
168973
168974
168975
168976
168977
168978
169613
169614
169615
169616
169617
169618
169619
169620
169621
169622
169623
169624
169625
169626
169627
169628
169629
169630
169631
169632
169633
169634
169635
169636
169637
169638
169639
169640
169661
169662
169663
169664
169665
169666
169667
169668
169669
169670
169671
169672
169673
169674
169675
169676
169677
169678
169679
169680
169681
169682
169683
169684
169685
169686
169687
169688
169709
169710
169711
169712
169713
169714
169715
169716
169717
169718
169719
169720
169721
169722
169723
169724
169725
169726
169727
169728
169729
169730
169731
169732
)


// ************************************************************************* //
