/*--------------------------------*- C++ -*----------------------------------*\
| =========                 |                                                 |
| \\      /  F ield         | OpenFOAM: The Open Source CFD Toolbox           |
|  \\    /   O peration     | Version:  v2012                                 |
|   \\  /    A nd           | Website:  www.openfoam.com                      |
|    \\/     M anipulation  |                                                 |
\*---------------------------------------------------------------------------*/
FoamFile
{
    version     2.0;
    format      ascii;
    class       volVectorField;
    location    "740/bottomWater";
    object      U;
}
// * * * * * * * * * * * * * * * * * * * * * * * * * * * * * * * * * * * * * //

dimensions      [0 1 -1 0 0 0 0];


internalField   nonuniform List<vector> 
1460
(
(-0.0011116171 -0.016533909 0.00064039872)
(-0.0026994485 -0.015906747 7.6180149e-05)
(0.00017158391 -0.011935648 0.0012581235)
(0.0025276984 -0.015062953 0.0014104499)
(-0.0027130792 -0.014291547 0.0011870255)
(-0.00188542 -0.010315801 0.00061058819)
(0.0016961819 -0.01277939 6.1984038e-05)
(0.0043496976 -0.012917357 0.00067983974)
(0.0032965181 -0.014932347 0.0014819639)
(0.0014224889 -0.017541898 0.002095568)
(-0.0019289565 -0.01531538 0.0001645736)
(-0.00052151925 -0.010193248 0.0015498632)
(0.00077415685 -0.017660185 0.0013868092)
(-0.0023208501 -0.016418499 -0.00052707707)
(-0.002318381 -0.015556125 -0.0017899863)
(-0.0012251156 -0.010414729 0.00053857638)
(0.0010059327 -0.017463444 -0.00013755973)
(-0.0028319685 -0.015192265 0.00072520875)
(-0.0050010396 -0.013225313 0.00096681582)
(-0.0037871347 -0.012377446 0.0013977083)
(-0.0017411454 -0.012586052 0.0015032037)
(0.00040387827 -0.012476099 0.0018391134)
(0.0019196591 -0.01186624 0.0021103134)
(0.002751945 -0.017875379 0.0028158556)
(-0.00083577754 -0.017780339 0.0016216264)
(-0.0033458608 -0.015939839 0.00097812257)
(-0.0028547872 -0.011354509 0.0012734524)
(-0.00033298927 -0.013123135 0.0007366801)
(0.0022299412 -0.012193251 0.0013314585)
(0.0020675768 -0.019234981 0.0018960451)
(-0.0043651417 0.017934429 -0.00080475424)
(-0.0053602563 0.015018026 -0.0015661308)
(-0.0011496307 -0.0021477667 -0.00076027912)
(0.0028133951 0.015701201 0.0025169222)
(-0.0025777876 0.015246449 0.0017312174)
(0.0015136324 0.00025499226 -0.00040806409)
(0.0026215056 -0.0020319728 -0.0015483092)
(0.0046330442 0.0072314941 -0.0013641716)
(0.0062861669 0.015590284 -0.001028978)
(-0.00019762926 0.018991653 -0.0014976096)
(-0.004436726 0.015806054 -0.0014927074)
(0.00046405875 3.4986939e-05 -0.00085184509)
(0.0032747658 0.017382379 -0.0017599443)
(-0.0029025106 0.018015021 -0.0037914166)
(-0.0031765785 0.015831579 -0.0041340357)
(-1.4130724e-05 0.0024210105 0.0003659244)
(0.0046034131 0.017662842 0.0016135735)
(-0.0048336654 0.017298461 0.0012324726)
(-0.0065532371 0.012452308 0.00083465055)
(-0.0025179637 -0.00025867579 -4.686906e-05)
(-0.0014695033 0.0016634705 0.0016742303)
(0.0023829039 0.00048218496 0.001273605)
(0.0033376898 0.00073832648 0.0010463735)
(0.0072065107 0.01530842 0.002968344)
(0.00065925903 0.019579118 0.0025804837)
(-0.0062980202 0.015824395 0.0021250851)
(-0.0024349099 0.00044763586 0.00023107941)
(2.4360166e-05 -0.00019293517 0.00072506632)
(0.0023953677 0.0014220888 0.00036631889)
(0.0043154404 0.018807908 0.0035845405)
(-0.00157127 0.002302189 -0.0012627361)
(0.0064850197 -0.013833764 0.00021408006)
(-0.00098516981 -0.016322062 -0.001976334)
(-0.0048879972 -0.014913408 0.00073783443)
(0.0038761543 -0.014382105 -0.0011319268)
(0.0055740908 -0.013725297 -0.0021745413)
(0.002942224 -0.014635517 -0.0039689852)
(-0.0037410152 -0.013111133 -0.0038316693)
(0.0027328281 -0.0016721982 -0.00083146024)
(-0.00079004055 0.0050068649 -0.00077395816)
(0.0034538077 -0.012331765 0.0021533778)
(-0.00047163728 -0.014157749 -0.0017042363)
(0.00059186407 -0.0051578206 0.00064385594)
(0.00026703452 0.0033337413 -0.0025244444)
(0.0046690606 -0.012306586 0.001524677)
(-0.0018503008 -0.014648224 0.00030595907)
(-0.0017271637 -0.0088864243 0.0022963785)
(0.00015577921 0.0015279845 -0.00080812606)
(0.0052255474 -0.013193545 -0.0014459915)
(0.0012463201 -0.015554084 -0.0022677177)
(-0.0013850972 -0.014244575 -0.0001815783)
(0.00058591111 -0.014385728 -0.0011772503)
(0.00035612469 -0.014617407 -0.0014889846)
(-0.00068241839 -0.016703768 -0.00022804386)
(-0.00063072798 0.0048289788 0.00077216755)
(0.0024810679 -0.015222673 -0.0033875682)
(0.00089436659 -0.01450321 -0.002344635)
(0.00077628292 -0.013946958 -0.0010288232)
(-0.00059565007 -0.013867027 -0.0016430968)
(-0.0014748425 -0.015261349 -0.0014846053)
(0.0018136928 0.0075398961 -0.0001480077)
(0.0055659576 0.011231346 -0.00013328029)
(0.0018636849 0.01203692 0.0015609047)
(0.0010078566 0.0028467103 0.00057759051)
(0.00098690573 -0.00131336 2.7654669e-05)
(0.0027185748 0.0024939415 0.00089039484)
(-0.00020818257 0.0097313238 0.0018827373)
(-0.0046383636 0.0080182061 0.00061184153)
(-0.002293583 0.0050855027 0.0013768909)
(-0.00027097167 0.0089218007 0.0021778707)
(0.004143038 0.0068277236 0.00094333657)
(0.0014387878 -0.00077217083 -0.00042968813)
(0.0021656853 0.0082045959 8.7522334e-05)
(0.0033466521 0.0079872248 -0.00072164748)
(0.0048403588 0.011548133 -0.0012482896)
(-0.0024606814 0.0083922241 -5.3375491e-05)
(-0.0027022889 0.0062560083 -0.0010360001)
(0.00097193222 0.0047305115 -0.00013058136)
(0.0052918076 0.0087828021 -0.00071221494)
(0.00013928547 0.0089180953 0.0022226115)
(0.0010691678 -0.0024565703 -0.00034375831)
(-0.00014336232 -0.004241325 -0.0010712277)
(0.0019759118 -0.00077040712 -0.0010435177)
(-0.0019648916 0.011766903 -0.0020541569)
(-0.00067538481 0.00803175 0.00093830115)
(0.0015637423 0.012877067 -0.0055556915)
(-0.00051102982 0.00012777849 -0.0012174721)
(0.0016572802 -0.003215438 -0.0024899626)
(0.0020719844 0.00063648198 -0.0021021946)
(0.0013250696 0.011372475 -0.0050399732)
(0.001355023 -0.0032126655 0.0011996724)
(0.0024402957 -0.0097801799 0.00058629361)
(0.0041437085 -0.010117935 -0.00098942514)
(0.0048420391 -0.010645996 -0.0016853475)
(0.00015059507 -0.01070355 -0.0017446252)
(-0.0038343105 -0.0076613713 -0.0017342925)
(-0.00053104657 -0.0016820409 -0.00066009944)
(0.0036644279 -0.0082505202 -0.0021966877)
(0.0026360034 -0.0092521386 -0.0022081945)
(0.0025835909 -0.0076826573 -0.001152323)
(0.0044352293 -0.010452716 -0.00069183828)
(0.0007592826 -0.0098089795 -0.0010424487)
(-0.0024254336 -0.0049918969 0.0015427657)
(-0.00033753338 0.0011865513 0.00077838431)
(0.0025105482 -0.00029830614 0.00052456696)
(0.0046217387 -0.0055472386 8.8311398e-05)
(0.0043138343 -0.0096626642 -0.0010451867)
(0.0025650596 -0.0076221549 -0.0029444809)
(0.003271357 -0.0096707279 -0.0028840012)
(0.0042555459 -0.011446047 -0.0031217847)
(0.0033088434 -0.01049258 -0.0030876941)
(-0.0028671244 -0.0095538303 -0.0038690415)
(-0.0046970783 -0.0081605431 -0.0039379691)
(-0.0042135954 -0.0078352407 -0.0015596154)
(-0.001787786 0.00013536715 -0.0015766907)
(0.0028605558 -0.0051437877 -0.0029363506)
(0.0046179147 -0.0089917901 -0.0031060815)
(-0.0012889192 -0.011073831 -0.0046874275)
(-0.003341436 -0.0080762492 -0.0048406666)
(-0.0024873428 -0.0053488804 -0.0034125936)
(-0.0019874494 -0.015890396 -0.00018858951)
(0.00081677927 -0.010472491 -0.001520506)
(0.0027458795 -0.015820301 0.0019505528)
(0.0027414245 -0.016559837 0.0010268182)
(0.0015357534 -0.016278063 0.0011514513)
(0.0001068473 -0.014753696 0.0019340061)
(-0.00052327654 -0.016897838 0.0030487093)
(-0.0015499381 -0.015268636 0.0014124799)
(-0.0031211781 -0.014549739 0.00041457956)
(-0.0029502836 -0.013650398 -0.00016753849)
(-0.0010760799 -0.010671135 0.00061168431)
(-0.0009513892 -0.014833332 0.0020189054)
(-0.0037598644 -0.014347744 2.5307961e-05)
(-0.0038366904 -0.011709945 -0.00090244345)
(-0.00092717804 -0.012735751 -0.0010765602)
(0.0019947822 -0.013232752 0.00036180786)
(0.00066746305 -0.017255406 0.0002967394)
(-0.0020888762 -0.016951062 0.001173728)
(-0.0037527323 -0.015265956 0.0014629424)
(-0.0041764913 -0.015370268 0.0028923849)
(-0.0022314888 -0.011858111 0.0023743507)
(0.00077817056 -0.012173065 0.0027289629)
(0.001254517 -0.015288948 0.0032884818)
(0.0013161692 -0.016773258 0.0015894596)
(-0.00035593053 -0.018014874 0.001565472)
(-5.040115e-05 -0.01781653 0.00040612857)
(-0.0024674146 -0.014030962 0.0028839975)
(-0.00018337012 -0.012456802 0.0030150814)
(0.0022078828 -0.017816975 0.0036806708)
(0.00056708103 -0.018503514 0.003028741)
(-0.0038919008 0.016715219 -0.00045088978)
(0.0011668515 0.0019588919 -0.00082196675)
(0.0024478392 0.013778192 0.0022328688)
(0.0040267634 0.018035062 0.0035309637)
(0.001393234 0.017634535 0.0040039284)
(-0.00049528165 0.015864894 0.0058142416)
(-0.00018355725 0.017277783 0.0069027249)
(-0.0023264324 0.017308851 0.0024993686)
(-0.0043157302 0.016277699 -0.00080510241)
(-0.0033737531 0.011598564 -0.00154833)
(-0.0025471333 0.0032525738 0.0010656261)
(0.0012218086 0.016686636 0.0019571906)
(-0.0031739332 0.016168101 -0.001871096)
(-0.00077080427 0.0078211232 -0.0015071739)
(0.0013161812 -0.0013523606 0.0001546779)
(0.0044522516 0.0077902667 0.0005327092)
(0.0064559898 0.017571604 0.0013954897)
(-0.0011466714 0.018832282 0.0018809405)
(-0.0057054562 0.017665944 0.0018273869)
(-0.0048532954 0.014977083 0.0037380729)
(-0.00018033626 0.0044771231 0.002474589)
(0.0028799346 0.0078396347 0.0027173735)
(0.0050024752 0.015062519 0.0042129058)
(0.005644597 0.018590806 0.002672768)
(0.0029417174 0.019841428 0.00067221927)
(-0.0029808165 0.019388024 0.003017599)
(-0.0050522338 0.015107453 0.0048134863)
(0.0013347907 0.0024905592 0.0015321354)
(0.0049268647 0.017119511 0.0045753363)
(0.0046652909 0.020111551 0.0054122013)
(0.0030895584 -0.0073854553 -0.0012285325)
(0.0033482772 -0.013447209 9.2324981e-05)
(-0.0043079676 -0.016130206 -0.0022399912)
(-0.0016740085 -0.0071665328 0.0026066462)
(0.0012433994 -0.0047195902 -2.9382652e-05)
(0.0042820884 -0.01168156 -0.0032535066)
(0.0027026836 -0.014606855 -0.0043335993)
(0.00062391346 -0.0049941305 -0.00048210496)
(0.001975563 -0.0083770324 0.0024411693)
(-0.00034604102 -0.014397674 0.0047688741)
(-0.003331805 -0.01355861 0.0029414878)
(-0.0032775777 -0.01223669 0.0010738979)
(0.003331805 -0.010604785 0.0019954806)
(0.0061099361 -0.013662798 0.0023006)
(0.0017627642 -0.015161324 0.0015955559)
(-0.005207396 -0.013860181 -0.0020586629)
(-1.0012871e-05 -0.001517449 0.0019139088)
(-5.0841132e-05 0.007299813 -1.1883846e-05)
(-0.00095101336 0.0031247161 -0.00064359755)
(0.00053652215 -0.01617756 -0.005310768)
(-0.00051341807 -0.014089559 -0.0020970493)
(-0.00097297209 -0.014038201 -0.0035246891)
(-0.0027169814 -0.015427556 -0.0033593893)
(0.00076981223 -0.0030636409 0.0021761237)
(0.0012725375 0.0059411756 0.00041231732)
(-0.00023782501 0.0060409584 0.0011411609)
(0.0029349936 -0.0086253877 -0.0013896237)
(0.0034693228 -0.016144376 -0.0024882997)
(-0.0050768892 -0.016692258 -0.0018758814)
(0.0027042262 0.0049779196 0.0033992528)
(0.001539126 0.0030055546 -0.0012175537)
(0.0040889796 0.0064437701 -0.0018380862)
(-0.00049309013 0.01228112 -0.00054082092)
(-0.0035223725 0.009085766 -0.0007572283)
(0.0021833729 0.0022852432 -0.0032137757)
(0.0048020904 0.0087276737 -0.0034564023)
(0.0011832183 0.012367085 -0.0039324997)
(-0.002334572 0.0085468868 -0.0011836077)
(0.00085585206 0.0095131625 0.0044915422)
(-0.0017142559 0.010905362 0.0050812619)
(-0.00092476357 0.0010833497 -0.00088588921)
(-0.0014368545 0.00065129918 0.00062052334)
(0.00067447742 0.001329693 0.0012771216)
(0.0025662767 0.0058507614 0.0018038943)
(-0.00148505 0.011107991 -1.5128562e-05)
(-0.0037226222 0.010251444 0.0014609911)
(-0.0027539793 0.0078595966 0.0009393388)
(-0.00021021068 0.010661726 0.00072141194)
(0.0032113218 0.0080226578 0.0015600638)
(0.0025085165 0.01010371 0.0011572465)
(0.00012922085 -0.0010355427 -0.00074076195)
(-0.00018470644 0.0041379604 -0.0012137783)
(-0.0024570395 0.010633033 -0.0010131381)
(-0.0035927695 0.007888479 -8.1092101e-05)
(-0.00036404201 0.0097228377 0.0021932254)
(0.001455404 0.0097868795 -0.0021900178)
(0.0044050541 0.0087679523 -0.0028149899)
(0.0067594067 0.010337636 -0.00045975441)
(0.00011279306 0.012302307 0.00080819237)
(-0.0021285916 0.0086095038 0.0011756521)
(-0.0017733477 -0.010558911 -0.0026619266)
(-0.0028240147 -0.0079576107 -0.0034688952)
(-9.8879243e-05 -0.00037135958 -0.0016207091)
(0.0042848802 -0.0077794627 -0.0020070321)
(0.00053042034 -0.01123765 -0.0031726954)
(-0.0037196079 -0.0084228789 -0.0034780357)
(0.00051451062 -0.00028987871 -0.0032703743)
(0.0027474614 -0.0025710748 -0.0024912592)
(0.003307375 -0.0063783451 -0.0019226187)
(0.0042541191 -0.0090276734 -0.001612397)
(0.0040930497 -0.0095440644 -0.0028190189)
(-0.00030903692 -0.010255074 -0.0022147611)
(-0.0031077628 -0.009555773 0.0018534277)
(-0.0047561368 -0.0079863467 0.0026756725)
(-0.0040903201 -0.0066077753 0.002306586)
(-0.0028828624 -0.0078484937 0.00043270046)
(-0.0029267346 -0.0022332264 -0.00043362119)
(0.000250267 0.0042249031 -0.00035622987)
(0.003435411 0.00099465069 -0.00088119422)
(0.004500422 -0.0059033506 -0.0011411003)
(0.001449318 -0.0094565333 -0.00338915)
(-0.0045121778 -0.0081635444 -0.0042663699)
(-0.0030341409 -0.0054312271 -0.0040620392)
(-0.0027624439 -0.0058576734 -0.0013475773)
(-0.0013560151 0.0020464394 0.0010971062)
(0.0030418445 0.00044905041 -0.00024223634)
(0.0031412858 -0.010153706 -0.0014455512)
(-0.0029999416 -0.010947631 -0.0039600106)
(-0.0015809674 -0.001982431 -0.0026963771)
(-0.0010389409 0.00036560915 -2.5582157e-05)
(-0.0016298781 -0.016402593 -0.00085505637)
(0.00077691606 -0.010943116 -0.00066404655)
(0.0029868173 -0.014418865 -0.00056005825)
(0.00080969437 -0.015493257 -0.0010798155)
(0.00015812266 -0.016786798 -8.9958978e-05)
(-0.0017117781 -0.016149053 0.00039868692)
(-0.0025192136 -0.015941083 0.00016404113)
(-0.0038870832 -0.014506838 -0.00091451578)
(-0.0047018782 -0.014539465 -0.00087021823)
(-0.0020188631 -0.012690065 0.00013377181)
(0.0011685035 -0.011020586 0.0024132914)
(0.0022641956 -0.015973122 0.0013766403)
(-0.0026655965 -0.014238313 -0.00047244621)
(-0.0019780749 -0.01001795 -0.00057057718)
(0.0010645959 -0.010933564 0.0009168243)
(0.0015540969 -0.014724223 0.00246985)
(-6.9521117e-05 -0.01681626 0.0026892572)
(-0.0016940953 -0.016832662 0.00083624218)
(-0.0017167506 -0.016822162 -0.0022684568)
(-0.0019130304 -0.016314379 -0.001896386)
(-0.0021334135 -0.016204473 -0.001171078)
(-0.0018429732 -0.016612585 -0.00021905673)
(-0.0025441718 -0.016673285 -0.00038791476)
(-0.00026111557 -0.013163954 -0.00045971917)
(0.0017412505 -0.015963104 -0.002518337)
(0.00090773116 -0.019103576 -0.0023889617)
(1.2823097e-05 -0.017550175 -0.0015343189)
(0.00021487024 -0.017770755 6.8459955e-05)
(0.0011373047 -0.018574079 -0.00030948267)
(-1.0273916e-05 -0.01664938 -0.00031279085)
(-0.0041936375 0.016360283 -0.00043439624)
(-0.0010788387 0.00097513618 -0.00022369921)
(0.004582954 0.015652272 5.2848343e-06)
(0.0042501734 0.017741434 0.00042129112)
(0.0021764281 0.018210876 0.0017699836)
(-0.0012157488 0.017975428 0.0040852486)
(-0.0033218691 0.017967001 0.0027518699)
(-0.0062141612 0.016743997 -0.00054638739)
(-0.0066669624 0.012980703 -0.00044989027)
(-0.0015005014 -0.00050326775 0.001918973)
(-0.0013497236 0.0012750874 0.0028571778)
(0.0041345134 0.017738045 0.0032105857)
(-0.0025696253 0.016065128 0.0016518507)
(0.0011305174 -0.00063541671 -0.0015009647)
(0.0028208045 -0.00046158075 -0.0011405771)
(0.0072339547 0.013339838 -0.00023215207)
(0.0052554466 0.017985436 -0.00065697523)
(-0.0014368121 0.018344848 -0.0025304626)
(-0.0014106794 0.017043914 -0.0052324854)
(0.0019416384 0.017830847 -0.0035856386)
(0.0023652114 0.018071198 0.00012882621)
(0.0011560584 0.018213161 0.0027891401)
(-0.0027769826 0.017866777 0.0015377587)
(-0.00030382387 0.0051324249 -0.00046229074)
(0.004257724 0.016366624 -0.0044004638)
(0.0034330313 0.020439013 -0.0063330646)
(-0.0020801194 0.019599612 -0.0044545181)
(-0.001133506 0.018763597 -0.0021311913)
(0.003301232 0.020203876 -0.0016172003)
(0.0031993695 0.018777143 -0.0004111198)
(0.0028519861 -0.0035435431 -0.00049413364)
(-0.00090837748 -0.015287919 0.00069054238)
(-0.0063817533 -0.014105569 0.00076150594)
(-0.00056933567 -0.00095427907 -8.9593734e-05)
(0.0006908536 0.0011866241 0.0017646548)
(0.0011515592 0.0032408868 0.0027938489)
(0.00021798764 0.0048317076 0.0030922266)
(-0.00099965505 0.0009904483 0.0014805269)
(0.0037843124 -0.014084708 0.0035097001)
(0.00102805 -0.015359366 0.004050951)
(-0.005394412 -0.014740537 0.0022113304)
(-0.0057585713 -0.011872487 0.001697451)
(-0.00048733778 -0.0095851517 -0.00022873945)
(0.0027618916 -0.013685733 -0.0021251782)
(7.4756066e-05 -0.014283742 -0.0034788274)
(-0.0040800934 -0.013430248 -0.0048453864)
(0.0010390035 0.003351604 -0.00070517359)
(-0.0012084021 0.0027470688 -0.00035343731)
(0.00241929 -0.016753528 0.0017764501)
(-0.000921279 -0.014391022 0.00010501666)
(0.0017325669 -0.0049427033 0.0013808546)
(-0.00031576276 0.0017185087 0.0015497754)
(0.001133132 -0.0016602674 -0.001842674)
(0.00060716486 -0.015690918 -9.5333858e-05)
(-0.0041083406 -0.01512484 0.0033060956)
(0.0022699984 0.0043707268 -0.0048309573)
(-0.002302542 0.0047694421 -0.004090813)
(0.0028110245 -0.018291811 -0.0032703208)
(-0.0030036322 -0.016080574 0.002805105)
(0.0016079568 0.0040237689 4.5923812e-05)
(0.0037151205 0.0081219803 -0.0014160615)
(0.00073445069 0.0097834915 -0.0010685382)
(-0.0063393562 0.011250611 -0.0011935402)
(-0.00447995 0.0082252998 -0.00095738603)
(0.00060940324 0.0093972491 -0.00020088233)
(0.0022789036 0.0088667545 0.00044822969)
(0.0018589483 0.0089479039 0.00048399646)
(0.0026983386 0.0066836794 0.00092268206)
(0.0030679421 0.0091264952 0.0014174164)
(0.00037585261 0.010588277 0.0020525808)
(0.00034247446 0.01022381 -0.00038182997)
(-0.003309599 0.010133846 -0.0017991579)
(0.0011289709 -0.00067451994 -0.0038723572)
(-0.0007406155 -0.003459858 -0.00038842294)
(0.0017238406 0.0052849415 -0.00089960328)
(-0.003510042 0.010692379 -0.0030862042)
(-0.0022898864 0.008990013 -0.0010918399)
(0.0023042483 0.0091634411 0.0012455089)
(0.0015968023 0.012444297 0.00080962129)
(-0.0040648684 0.0053363032 0.00019206991)
(-0.0017334233 0.0066619455 0.0023091043)
(-0.0014964213 0.0082558308 0.00024403756)
(0.0018018095 0.008303914 -0.0040113593)
(-4.2120934e-06 0.011368701 0.0015783664)
(-0.0048167617 0.0122665 0.0030595605)
(-0.0015916291 0.0087346015 -0.00063117794)
(0.002869655 0.0072287356 -0.0021947747)
(0.0073534639 0.011088315 -0.002583749)
(-0.0041938181 0.013508881 -0.00060273022)
(-0.0021685142 0.0094624033 0.0012021765)
(-0.0019481963 -0.0072850524 -0.0029432995)
(-0.00076533143 -0.002464901 -0.0027961449)
(-0.00030560111 -0.0033883305 -0.0010002768)
(0.0028295117 -0.0078202693 -0.0011282302)
(-0.0011181139 -0.0074097659 -0.0027411122)
(0.00025921752 0.0011232995 -0.00075878256)
(0.0020076675 0.0019420012 0.00062113476)
(0.0034310439 -0.0013421694 0.00020656745)
(0.0030413261 -0.0058184445 -0.00080395913)
(0.002567513 -0.007012175 -0.0017260459)
(0.0028720371 -0.0076513727 -0.0036011518)
(0.0027106187 -0.0096304818 -0.0037826416)
(0.0034508902 -0.010338271 -0.0041701702)
(-0.0042115564 -0.0095334068 0.00078386287)
(-0.0056356514 -0.0072171848 0.00090999424)
(-0.0042075383 -0.0021594545 0.00033435904)
(-0.0027992604 0.00018546105 0.00098343249)
(4.2187354e-05 0.001712863 0.001973443)
(0.0024796274 -0.0023761854 0.0021757322)
(0.0023201576 -0.010015175 0.0017394267)
(-0.0035039315 -0.0078918141 -0.0029060901)
(-0.0029275221 -0.0010271342 -0.0022651244)
(-0.0015253472 -0.00034754544 -0.0036586672)
(0.00052704433 -0.0034587518 -0.00018704279)
(0.001963703 -0.0060902123 0.0011835651)
(0.0043510761 -0.0083624625 0.0011451206)
(9.448534e-05 -0.010025515 0.0034427365)
(-0.0022623002 -0.0056705604 0.0018714163)
(-0.0031545419 0.0001379416 0.0017820479)
(0.00014324998 -0.00014525969 0.0028501236)
(-0.001430284 -0.016259497 -0.00047837686)
(-9.8965145e-05 -0.012514863 -0.00088714395)
(0.0025603898 -0.012726793 -0.0010507564)
(0.00073257741 -0.014437267 -0.0016937213)
(-0.00083357915 -0.016321454 1.7780843e-05)
(-0.0012699411 -0.015184822 0.00053954867)
(-0.0024865595 -0.013829691 -0.00062627903)
(-0.0035491915 -0.013327669 -0.0017107622)
(-0.0034472318 -0.012819251 -0.0010035374)
(0.00030342443 -0.012444064 0.0017740327)
(0.0031377817 -0.013462508 0.0027350588)
(0.0021333321 -0.015279456 0.0020165142)
(0.00047581899 -0.016601953 0.0014752277)
(-0.0012569825 -0.015723736 0.0023480704)
(-0.0011932671 -0.016228309 0.0028047762)
(-0.0010082737 -0.015851907 0.0019907819)
(-0.0021700948 -0.015012589 0.00028147284)
(-0.0036739179 -0.013271264 -0.0016192947)
(-0.0020139187 -0.010587215 -0.0011722472)
(0.0008018653 -0.011246248 -0.0010189399)
(0.0014285341 -0.014344418 -0.0034429133)
(0.00072893442 -0.016038332 -0.0031746223)
(-0.00011128656 -0.019391517 -0.0026119185)
(-0.0020849016 -0.016985403 -0.00032663116)
(-0.00098143498 -0.011683684 -0.0019124159)
(0.0013330622 -0.019495391 -0.0030882994)
(-0.0016032518 -0.015820325 -0.0027482724)
(-0.00091819098 -0.012566943 -0.0028397917)
(0.0016518783 -0.012684348 -0.0012667654)
(0.001496963 -0.016212488 -0.0018235381)
(-0.0049169513 0.016451525 -0.0018301812)
(-0.0010979686 0.0042352676 -0.00096298487)
(0.0016977735 0.011499233 -0.001415448)
(0.0030329064 0.016580793 -0.0020607481)
(-0.00093325642 0.017874506 -0.0024981992)
(-0.0026330847 0.017200016 -0.0016088711)
(-0.0043392244 0.016277812 -0.0034712679)
(-0.0050786379 0.014493137 -0.0039984701)
(-0.0022232546 0.006878898 -0.0017379878)
(0.0002065017 -0.0010767592 0.00098785853)
(0.0044063462 0.012656528 0.0046568821)
(0.0039832424 0.017359501 0.0043638985)
(-0.0017970825 0.018819959 0.0024463347)
(-0.0023975128 0.017124669 0.0039405707)
(0.0016063321 0.017020859 0.002794654)
(0.0025910514 0.017917026 0.0012270232)
(-0.0020283233 0.017389063 -0.0024511547)
(-0.0030672797 0.013708491 -0.0025901977)
(0.00084816213 -0.0018884461 0.00025346509)
(0.0022487211 0.00079410854 0.0011763507)
(0.0057057599 0.011662485 -0.00197453)
(0.0063737327 0.016792808 -0.0037415599)
(0.0028610245 0.020327333 -0.0032842611)
(-0.0055348709 0.017144674 0.0012882477)
(-0.00054155934 0.0017147273 -0.0013485057)
(0.0016007879 0.018458865 -0.0063412128)
(-0.0019831659 0.016488862 -0.0062413528)
(0.00041967448 0.0059638043 -0.0015080677)
(0.0019572772 0.0070366333 0.0010056483)
(0.0049956477 0.017304837 -0.00052152933)
(0.00057496096 -0.0013526028 -0.00095828501)
(-0.00053044939 -0.015644235 -0.00094350473)
(-0.0066424281 -0.013550161 -0.0021294901)
(-0.0019468763 -0.0021903876 -0.002139394)
(-0.0018022728 0.0028076718 -0.00084349032)
(0.00064354327 0.0033149119 0.0013237896)
(0.0012673955 0.0016580778 0.00054353974)
(0.0027523916 -0.0083322948 0.00055966741)
(0.0043527027 -0.014683975 0.00096817681)
(-0.0022185737 -0.015218395 -0.0018394251)
(-0.0056797511 -0.013093281 -0.0023318841)
(-0.00022741403 0.00024401329 0.0013040129)
(-0.0024503514 0.0037206493 0.0021440468)
(0.0024873427 -0.01381594 -0.0018065084)
(0.0003742417 -0.01767587 -0.0028492999)
(0.00099497208 -0.0040852214 -0.0016925777)
(0.0020761276 -0.0052237806 -0.001208993)
(0.0047535107 -0.015277726 -0.00085966404)
(0.002801755 -0.014713208 0.0012554864)
(-0.00031201047 -0.014180855 0.0048181625)
(-0.0032398617 -0.013669217 0.005035337)
(0.0008899722 0.00019984824 0.00029405519)
(0.00089849338 0.0077650709 -0.0020715434)
(0.0012259925 -0.0040238125 -0.0018432055)
(0.0026046384 -0.015607089 -0.00072070534)
(-0.0035279478 -0.018421158 0.003979415)
(0.0016154025 -0.012047828 0.0035197033)
(0.0032595494 -0.014025632 0.0029095229)
(-0.0022724742 -0.015296157 0.0039748367)
(-4.7503145e-05 -0.0018304763 0.0016004428)
(0.0027019882 0.0078054472 -0.00063418428)
(0.00066447548 0.0099869024 -0.00038675819)
(-0.0062812191 0.010765529 -0.0014279025)
(-0.0045701419 0.0083182692 -0.0013506591)
(-0.0017325433 0.0094215939 0.00018140403)
(0.0017560361 0.009226992 0.0024758315)
(0.0030608098 0.0078533692 0.0027741019)
(0.0041849408 0.0083372201 0.0029829148)
(0.0030437676 0.010040707 0.001009625)
(0.00062932225 0.0098128869 -8.0724985e-06)
(-0.0035156571 0.0093901513 -0.0021879433)
(-0.0026354584 0.0076253315 -0.00038150805)
(-2.962676e-05 0.0075449598 0.0027154212)
(0.0032661689 0.0062893154 0.000246024)
(0.00041605255 0.011479432 -0.0011000256)
(-0.0019965008 0.0049286478 -0.0016406716)
(0.0029710064 0.0073038164 0.00090079402)
(0.0019077406 0.011305281 -0.00012745445)
(-0.00087732303 0.00048041942 0.00038104736)
(-0.00056291242 0.0038423096 0.0022759925)
(-0.0031352686 0.0096911198 0.0019008422)
(-0.0023823791 0.0077958223 0.001092456)
(0.00064976991 0.010939074 -0.0017852333)
(0.0037583044 0.0091240653 -0.0028912912)
(0.005300667 0.010764174 -0.00094306986)
(0.00061207809 0.014089472 0.0028895897)
(0.00056677606 0.00021205032 0.0040425508)
(-0.0002958884 0.0004541674 0.00045824115)
(-0.0031177677 0.010369798 -0.00039040761)
(-0.0037912697 0.008034965 0.0014202858)
(-0.0031279697 -0.0073580014 0.0021349063)
(-0.0011144553 -0.0018798733 0.0010218257)
(-0.0015730005 -0.0024007634 0.00072049151)
(0.00025836018 -0.0047401806 0.00080312382)
(-0.0023515742 -0.00033274873 0.0018121182)
(0.00097396546 0.0021513786 0.0030924242)
(0.0025162434 -0.00014219495 0.0031994034)
(0.0032571825 -0.0063759945 0.0025622594)
(0.0015143292 -0.0090608981 0.0022745309)
(0.00052596972 -0.0061029557 0.0015044541)
(0.00091400783 -0.0057018006 -0.0012835453)
(0.00066377534 -0.0032082804 -0.0025330744)
(0.0028485938 -0.0063350088 -0.0044976116)
(-0.0014985174 -0.011246442 -0.0013881882)
(-0.001774081 -0.010803594 -0.00047300122)
(-0.0018125213 -0.0096806513 0.0034890525)
(-0.0036889729 -0.008574198 0.0036874589)
(0.00054568374 -0.00600447 0.0037319291)
(-0.00058124662 -0.008807772 0.0044585152)
(-0.0046999064 -0.0090507913 0.0013363969)
(-0.0041473914 -0.0034840837 0.00079865701)
(-0.0034240104 0.00034259387 0.00049913683)
(-0.00081680198 0.0038008056 -0.00062335543)
(0.0030359931 -0.0016500924 0.00057602085)
(0.0040220463 -0.0042870896 0.0019233832)
(0.0056286864 -0.0054377664 0.0033318518)
(0.005762768 -0.009459903 0.0041266066)
(-0.0012631556 -0.0098558514 0.0054160091)
(-0.002993513 -0.0081094625 0.0060978943)
(3.2228851e-05 -0.0065514326 0.004995239)
(-0.0022162966 -0.016287037 -0.00087355613)
(0.00012458147 -0.010319153 -0.0010334614)
(0.002277596 -0.013993806 -0.0013395954)
(-0.0010425219 -0.016312644 -0.0025133417)
(-0.0013058384 -0.014780803 -0.002462282)
(-0.0021253766 -0.013340862 -0.002986563)
(-0.0028023517 -0.012414914 -0.0034665089)
(-0.0022486055 -0.011328864 -0.0032020839)
(0.0011185209 -0.011556461 -0.0015867598)
(0.0027232763 -0.014015497 0.00087189596)
(0.0028677608 -0.014308816 0.00011577457)
(0.0018411857 -0.015595025 -0.00092061989)
(0.00069414225 -0.015495236 -0.0020608599)
(-0.0021191093 -0.016376287 -0.00067566521)
(-0.002146101 -0.01161525 0.0012199555)
(-0.0010568326 -0.013241112 0.0016728342)
(0.0013333376 -0.013515506 0.00019060171)
(0.0025585825 -0.01394607 -0.0011588355)
(0.0020617061 -0.0180771 -0.0010733781)
(0.00028423403 -0.019284972 -0.00087498581)
(-0.0028893671 -0.015756577 -0.00050909791)
(-0.0020906259 -0.012010575 -0.0020507934)
(-0.0010273087 -0.012059772 -0.00072805738)
(0.0013913371 -0.013244321 -0.00049026284)
(0.0031787225 -0.013377437 -2.3689578e-06)
(0.00210852 -0.017223812 -0.00017162274)
(-0.0033704669 0.016798377 -0.0015549257)
(-0.00035847183 -0.00012291784 3.6206029e-05)
(0.0049655505 0.014999455 -0.00041407746)
(0.0014872832 0.018270337 -0.0027541676)
(-0.002961744 0.016966831 -0.0049998026)
(-0.003462195 0.015907457 -0.0052838836)
(-0.0043184259 0.013920223 -0.0050010139)
(-8.4200888e-05 0.0036355112 -0.0022329095)
(0.0014032989 0.0015007496 -0.00022838314)
(0.0052286098 0.011925006 0.0030576575)
(0.0050365605 0.016165282 0.0033209936)
(0.0014240336 0.017554008 0.0013034637)
(-0.0026511521 0.017144629 -0.0042951156)
(-0.0026909578 0.017467114 0.0012164295)
(-0.0006694104 0.0042706558 0.0011933241)
(0.0013382427 0.0027185434 0.00075258622)
(0.0022694516 -0.00064394467 -0.0011335743)
(0.0048372193 0.0086460528 -0.0039659549)
(0.0053993416 0.017384714 -0.0061089346)
(-0.0040510493 0.020298223 -0.0029700825)
(-0.0051884935 0.013864054 -0.0025917922)
(-0.0018623596 0.00015301685 -0.0024440296)
(-0.00031037363 -0.0009604297 -0.00070276893)
(0.0018595963 -0.0012141487 0.00025189352)
(0.0039241144 0.0073062748 0.00089609705)
(0.0055980687 0.017625291 0.00082447764)
(0.0051351116 -0.0098778147 0.0023121523)
(-0.00074158807 -0.014542116 -0.00031961134)
(-0.0055318558 -0.010854202 -0.0031243501)
(-8.481417e-05 0.0025167549 -0.0023140185)
(-0.00016915047 -0.00065675049 -0.0020955448)
(0.0017721267 -0.0024607363 -0.0012893697)
(0.0041814985 -0.011393406 0.0018441772)
(0.0037679505 -0.014361305 0.0019716025)
(-0.0016322214 -0.014176359 0.00031719451)
(-0.0032370246 -0.013409125 1.5834443e-05)
(-0.00010996937 -0.0017232674 0.00074342077)
(-0.0011629368 0.0027787052 -1.1937126e-05)
(0.00021756187 -0.013814052 0.0029481921)
(0.0037112221 -0.011153945 -0.0014340103)
(0.0043804061 -0.013881839 -0.0015545907)
(0.0045547639 -0.014905792 -0.0014196166)
(-0.00054248575 -0.016147029 -0.0013840809)
(-0.0040542288 -0.0138179 -0.001287781)
(-0.00041243279 0.00039765926 -0.0021231932)
(-0.0034974743 0.0041550221 -0.0016614935)
(0.0034291957 -0.015255342 -0.005830538)
(0.00050625645 -0.014890188 -0.0022400582)
(0.0012411594 -0.014468031 0.0017792683)
(0.00044760889 -0.014797189 0.0015643465)
(-0.0029518896 -0.013800191 0.00049711787)
(0.0015200697 -0.0026130265 0.00059471606)
(0.001878065 0.005270957 0.0032897152)
(-0.0011152985 0.010040601 -0.0016484393)
(-0.0057349538 0.010186089 -0.0027457154)
(-0.0024352061 0.0066268245 -0.0022297363)
(0.0020257867 0.0071109247 -0.00012331627)
(0.0039942468 0.007104582 0.00073247601)
(0.004373459 0.0092886375 0.0023219356)
(0.0016225858 0.0096909225 0.0016930175)
(0.0012059487 0.0042680894 0.0013168585)
(-0.0013469394 0.0020568114 0.0022541435)
(-0.0012594321 0.0065524911 -0.0012866013)
(0.0010702332 0.0090007269 0.00017419396)
(0.00388676 0.012427014 0.001432891)
(0.00098014217 -0.0011434845 -3.2237389e-05)
(-0.0014638222 -0.0031337723 0.00034053667)
(0.00046151138 0.0097823393 0.0014521302)
(-0.0011763748 0.011171809 -0.0024359927)
(-0.0029844883 0.0086911207 -0.0012884395)
(-0.0023875182 0.0075286417 -0.001508574)
(0.00034746855 0.008506784 -0.0027482839)
(0.0018382723 0.0078630289 -0.0046698904)
(-0.0016408872 0.00083808092 -0.0035350097)
(0.0015528841 -0.0037322875 0.0016141881)
(0.00038401948 -0.0039506965 0.0015116654)
(-0.0013981103 0.0019758843 0.00047165464)
(-0.0022332987 0.0083107872 -0.00066838936)
(-0.0028197424 -0.010122061 0.0039091228)
(-0.00037734354 -0.0054292571 0.0031146602)
(0.00076592835 -0.0074421279 0.0046547698)
(0.0017201707 -0.0082362119 0.0040970236)
(-0.00097871076 -0.0074486692 0.0047967695)
(0.00039930992 -0.0021111668 0.0043842391)
(0.0019482067 -0.0024105048 0.0046494674)
(0.0026820745 -0.0062490166 0.0039171179)
(0.0022212174 -0.0096552364 0.0042819186)
(-0.0023662896 -0.0092090835 0.002152902)
(-0.0036984462 -0.0049036692 -0.00029649766)
(-0.0024121183 -0.00081427407 -0.00092762417)
(0.00088464576 -0.002593198 0.00012569022)
(-0.00086066736 -0.0097748766 0.0011499536)
(-0.0044650147 -0.0099956004 -0.00075478593)
(-0.0054594438 -0.010222851 -0.00072604056)
(-0.0022544626 -0.0074233908 0.00045608458)
(-0.0014052809 -0.0079708527 0.0033739107)
(-0.00026625725 -0.0023844163 0.0012852986)
(0.0030152878 -0.00098510305 0.0015138354)
(0.0053108142 -0.0067004825 0.0034699499)
(0.0056263324 -0.0075677115 0.0042975021)
(0.0040831417 -0.0095408925 0.0030907615)
(-0.0014086504 -0.010100349 0.0025996345)
(-0.003138056 -0.010008892 0.0021080435)
(-0.0021838841 -0.0058718381 0.00087040828)
(-0.0027509876 -0.017593174 0.00045093609)
(0.00017623428 -0.01117758 0.00076398339)
(0.0021045787 -0.015464379 -0.0019679267)
(-0.0011033656 -0.016422834 -0.0022563775)
(-0.0022469285 -0.014031856 -0.003856913)
(-0.0027963578 -0.013547193 -0.0040827819)
(-0.0018527077 -0.012262642 -0.0038408305)
(-0.00035059472 -0.012893048 -0.0010733861)
(0.0027750669 -0.011902376 -0.00011322249)
(0.0033848284 -0.014884763 0.00023543179)
(0.0026425073 -0.016252686 -0.00058196869)
(-0.00074986825 -0.015642176 -0.00097929)
(-0.00098444535 -0.010107259 0.00064785849)
(-0.00080982399 -0.016009372 5.4907641e-05)
(-0.0020188421 -0.016155776 0.0020551205)
(-0.002025298 -0.016014927 0.0025639572)
(-0.0033360043 -0.015062986 0.0022625681)
(-0.0024328247 -0.012021594 -0.00018870193)
(0.0015992427 -0.013275312 -0.0015129803)
(0.0017384858 -0.017990386 0.0017875291)
(-0.0027301518 -0.015567934 0.0026974542)
(-0.0013776597 -0.011394157 0.0025305217)
(-0.0014639724 -0.012022 0.0034777692)
(0.0014280168 -0.01315953 0.0023528355)
(0.0029660099 -0.014363325 0.0026606249)
(0.0018081669 -0.017095315 0.0021290651)
(-0.0033456296 0.018324334 0.0014067579)
(2.9255737e-06 -0.00063551654 -0.00042863482)
(0.0037901049 0.015802119 -0.0027032156)
(-0.0016918649 0.018185695 -0.004993373)
(-0.0036742278 0.014803829 -0.0059331378)
(-0.0025542823 0.011497793 -0.0058072283)
(-0.00065040323 0.0062869442 -0.0036409012)
(0.0014939127 -0.00020778502 -0.0015751517)
(0.0027793725 0.00053007725 0.00084194064)
(0.0068313542 0.013272539 0.0016127649)
(0.0059514595 0.01776965 0.0017213926)
(-0.0024822071 0.017081454 0.0016208938)
(0.00026525638 0.0029157588 0.0032706271)
(-0.00041211256 0.01806986 0.001042564)
(-0.0020804905 0.017382345 0.0054790844)
(-0.0026557219 0.01698455 0.0063769354)
(-0.0038734049 0.015269458 0.0041393749)
(0.00014397962 0.0023729843 -0.0022084917)
(0.0013825673 0.0058683455 -0.0034172686)
(0.0026722543 0.019154974 -0.0021746859)
(-0.0047312332 0.015824371 -0.00022088251)
(-0.00069946844 -0.00017577194 -0.0005186942)
(-0.00079083394 0.0017982116 0.0015304535)
(0.0033329397 0.0023034134 0.0030734491)
(0.0050274564 0.010302051 0.0036387144)
(0.0058776923 0.017969717 0.0031498079)
(0.0058498286 -0.0120756 0.0011441859)
(3.5704879e-05 -0.015418611 -0.0016201843)
(-0.0039590904 -0.0083017171 -0.00099401675)
(-0.00019952735 0.0011522053 -0.0032127558)
(0.0019416764 -0.011287009 0.0012726077)
(0.00537084 -0.013799928 0.00081134952)
(0.0061084993 -0.014645984 -9.8998592e-05)
(0.0023815864 -0.014491787 -0.0028379453)
(-0.001989981 -0.013813767 0.0014209504)
(-0.0036219402 -0.01402191 0.0017975764)
(0.00204978 0.0024243272 0.00089394727)
(-0.00064928808 -0.0025209179 0.0013780436)
(0.0034045387 -0.01347755 0.0029333847)
(0.00087640262 -0.0035672994 0.0028676561)
(0.0015533288 -0.0042777218 0.0022833591)
(0.0029688475 -0.0093297281 -0.0018868412)
(0.0025220549 -0.015474218 -0.0037885288)
(0.0031065222 -0.014552031 -0.0031065664)
(-0.0028135161 -0.015090851 0.0002863376)
(-0.0033541324 -0.0059267878 -0.0019406566)
(0.0026516988 -0.013348491 -0.0036825501)
(0.0021847604 -0.014908428 -0.0025033851)
(0.00061730607 -0.014044163 -0.00068632948)
(0.0012347649 -0.01426863 0.0030165665)
(-0.0038629975 -0.014952478 0.002353993)
(0.0020208399 0.0011031895 0.0028013104)
(0.0018410554 0.0078917904 0.0015483119)
(0.0010103561 0.011333037 0.002196197)
(-0.0016339505 0.0035245079 0.00050410447)
(0.00057367963 0.001826197 0.0024045367)
(0.0036592345 0.0011100936 0.0025576527)
(0.0036166155 0.0023185586 0.001374792)
(0.0032553917 0.0071584227 -0.00099611724)
(-7.4436335e-05 0.0067827243 0.00056172683)
(0.00063883764 -0.0006255879 0.0024984275)
(-0.0025107467 0.0051806057 0.0028428273)
(-0.00070031918 0.0075887874 0.00078818765)
(0.0003088414 0.0083380822 0.00081683657)
(0.0013036924 0.0046464738 0.00093087435)
(0.0011363037 0.0046636063 0.0029516429)
(0.0034281688 0.0076055394 0.0011632469)
(0.0037343485 0.010124487 -0.0019437807)
(-6.9286862e-05 0.012450063 -0.0029570118)
(0.00084100092 0.00087834043 -0.00094220223)
(-0.0013697527 0.011038921 0.00050426709)
(-0.0015577515 0.0080021835 8.0915111e-05)
(0.0021337474 -0.00060774403 -0.0035141243)
(-0.00050937511 -0.003725665 -0.0020330514)
(-0.00049848868 -0.00097114869 -0.00037313529)
(0.00052414508 0.002708773 0.0019887726)
(-0.0020711109 0.0088776565 0.0041625112)
(-0.0018740979 0.0077516865 0.002137685)
(-0.0011115294 -0.011324432 -5.2424865e-05)
(0.0028457579 -0.01031112 -0.00045074685)
(0.0033419496 -0.0098138763 3.0410113e-05)
(0.0026694486 -0.0087640308 0.0011281896)
(0.0012791535 -0.0098157166 0.0031353594)
(0.0001280577 -0.0079364173 0.0043937208)
(0.00022763898 -0.0072763407 0.005934209)
(0.0013859771 -0.010069957 0.004988113)
(-0.0013502575 -0.010065536 0.002241561)
(-0.0043234813 -0.0080954411 9.4948426e-05)
(-0.0023952954 -0.00047473118 6.7779065e-05)
(0.00065267943 -0.0016136142 -0.00053381594)
(0.0019294323 -0.0081311009 0.0021750556)
(-0.0016438567 -0.0082023403 -0.0038947389)
(-0.001707658 -0.0044743277 -0.0046095284)
(0.00068035254 -0.0013671265 -0.0037709138)
(0.004299487 -0.0088307918 -0.0026884622)
(0.0027556535 -0.010427749 -0.0019718563)
(0.0012850507 -0.010483975 -0.0019126777)
(0.0047357254 -0.0096178723 -0.00086371851)
(0.0041087247 -0.010810467 -0.00060949848)
(-0.00092610747 -0.010131564 -0.0027840968)
(-0.0040087971 -0.0092355612 -0.0043785122)
(-0.0052153373 -0.0082124287 -0.0042043885)
(-0.0043849978 -0.0079977037 -0.0034707449)
(-0.0020896642 -0.0016033572 -0.001588368)
(-0.0010442758 -0.015421181 -0.00018943528)
(-0.00257675 -0.015315326 0.00045704909)
(-0.0024306933 -0.014085799 -0.0018112688)
(-0.0035265173 -0.014047023 -0.0026426472)
(-0.0037751952 -0.011459946 -0.0027904708)
(-0.0022688169 -0.011687694 -0.0031053254)
(0.0020946646 -0.01222155 -0.0021814831)
(0.00039527619 -0.015990494 0.00065086281)
(0.00043913494 -0.012439518 0.002184746)
(0.0028289487 -0.015243176 0.0017444558)
(0.00016781182 -0.015904788 0.00046421964)
(-0.0021012468 -0.016643773 -0.00032230553)
(-0.0029291321 -0.015667091 0.00050134221)
(-0.0040016411 -0.014040944 0.00046298052)
(-0.0028381069 -0.01147004 0.00092066523)
(-0.00074540534 -0.012221221 0.00015251368)
(0.0013691147 -0.012559265 -3.5002697e-05)
(0.0018831751 -0.015743434 -0.0020430703)
(0.0014514842 -0.018712873 -0.0019720988)
(0.00089834095 -0.018616903 -1.0799137e-05)
(-0.0018307226 -0.015683102 -0.00015154285)
(-0.0028181347 -0.015441918 -0.0014348682)
(-0.00021762372 -0.011942994 -0.0012094731)
(0.0026249305 -0.016426865 0.00077000634)
(0.00012084966 -0.016696518 0.0026505581)
(-0.0011167548 -0.014283945 0.0042350885)
(-0.00390641 -0.013800843 0.0040439315)
(-0.00032549793 -0.012624221 0.0016829459)
(0.0028655447 -0.016430712 0.0025925523)
(0.0010182377 -0.017880157 0.0024679456)
(-0.0034811354 0.017541168 0.0024620614)
(-0.0046761365 0.016340638 0.0025140955)
(-0.0028430005 0.0105358 -0.00028563632)
(-0.0038270312 0.013729269 -0.0043118223)
(-0.0031870401 0.0026114004 -0.0024080771)
(-0.0015288286 -0.0016565069 -0.0033140912)
(0.0012278141 0.0013641972 -0.0013326396)
(0.0021096815 0.016284774 0.0024630561)
(0.0019677447 0.0043914025 0.0029574553)
(0.0062761631 0.014038005 0.0021794308)
(0.0053858568 0.017685082 0.0018488417)
(-0.0026499076 0.018354864 0.001617018)
(-0.0039840097 0.016505458 0.0032938154)
(-0.0041043717 0.012946796 0.0010258212)
(-0.0013684721 0.0015098916 0.00052540569)
(0.00084330029 0.003176744 0.00035571664)
(0.0042568881 0.0054615462 -0.00087534278)
(0.006812031 0.012706251 -0.0022169483)
(0.0064629237 0.018505678 -0.002277165)
(0.00056472733 0.019779916 0.001447422)
(-0.0043252915 0.018017192 0.00082919313)
(-0.0040661304 0.015029758 -0.0011796342)
(-0.00036006848 0.0013273309 -0.0022901806)
(0.0048125582 0.017444033 -0.00056058661)
(0.0006893157 0.018802395 0.0028023851)
(-0.0018717629 0.015989168 0.0053867662)
(-0.0025368317 0.013167704 0.0042217809)
(0.0019198615 -0.0017793999 0.001067781)
(0.0068054193 0.015167056 0.0037926127)
(0.0055604015 0.019257639 0.0034256229)
(-0.0010100051 0.0018926462 0.0011856948)
(0.0036645358 -0.014016294 -0.0030573014)
(-0.00037481549 -0.016218337 0.0042619312)
(-0.00093348351 -0.014318732 0.0045434249)
(-1.8033754e-05 -0.013626427 0.00074599893)
(-0.00048010629 -0.014352866 -0.0016648083)
(-0.0021574347 -0.014030906 0.00027066818)
(-0.00051513436 -0.014586182 -0.0008450648)
(0.00056395743 -0.014913515 0.0025088711)
(-0.0044643088 -0.015177804 0.00063637439)
(0.001687085 0.0023445513 0.0013594822)
(-0.0017557441 0.0054589836 0.0006873802)
(0.0025390746 -0.0074157806 -2.2000107e-05)
(0.0041110739 -0.01499741 -0.0020832888)
(0.0018482814 -0.014412452 -0.0016061153)
(-6.2520234e-05 -0.013510991 -0.00018969738)
(0.0015597372 -0.013672857 4.5013833e-05)
(-0.002301844 -0.014418354 0.0059345353)
(0.0028164314 0.002408945 0.00091557293)
(0.0020025234 0.0067891315 0.0011532473)
(-0.00021413937 0.0027189152 -0.00071754167)
(0.0050570241 -0.015223703 -0.0005389307)
(-0.0016166241 -0.016620151 -0.0033190001)
(-0.0037576514 -0.011352385 -0.0018612319)
(0.0012444611 -0.0036943525 -0.00052265909)
(0.003438166 -0.0095245337 -0.00088362732)
(0.0062742119 -0.015136109 -0.0018113205)
(0.00067027213 -0.016335475 -0.00062465168)
(-0.0065821824 -0.014080301 -0.0026267179)
(0.0031373469 0.005033969 0.0015330595)
(0.002146711 0.0078242453 -4.10589e-05)
(0.0043455688 0.011286777 -0.0010784252)
(-0.0006225615 0.011245092 0.0027365649)
(-0.0013338334 0.0061423625 0.00286395)
(-0.00028812255 -0.0016478892 -0.0016367796)
(-0.00013806745 -0.0042279024 -0.0023394156)
(0.00018291767 -0.0036869814 0.0016510302)
(-0.0012576621 0.0032194462 0.0023599204)
(0.00041006588 0.0062369331 0.0034397706)
(-0.0033336238 0.01002499 0.0021793536)
(-0.001990395 0.0077000323 0.0010301451)
(0.00023205568 0.0097141222 0.00042438051)
(0.0038727517 0.008877042 -0.00046077853)
(0.002102839 0.01083636 -0.0029439773)
(0.0014372824 0.0054590993 -0.00076492511)
(0.0018877071 -0.0022283586 -0.0009980675)
(0.0028912126 0.0018899002 -0.00083438115)
(-0.0014415318 0.010320013 0.0011051598)
(-0.0011787187 0.0085016021 0.00062626698)
(0.0018444387 0.010762029 0.00019653041)
(0.0031019188 0.0075410858 -0.0019914308)
(0.0045516403 0.010582603 -0.0011475946)
(0.00068961544 0.010847463 -0.00083951964)
(-0.0021074179 0.0099166696 -0.0022797487)
(0.0020151936 0.0021155731 -0.0045492742)
(0.0031201648 0.0020710834 -0.0027759688)
(0.0034436745 0.0096667087 -0.0012558781)
(-0.00022446341 0.010694727 -0.00036815091)
(-0.0047662233 0.011038498 -0.00070483052)
(-0.0017499687 0.0086664359 0.00054874744)
(0.00032853649 -0.0031664145 -0.003264482)
(0.002692798 -0.003910509 -0.0029028129)
(0.0043338129 -0.0045088769 -0.0024220965)
(0.0062882111 -0.0079123144 -0.0032197163)
(0.0048899026 -0.0090961362 -0.0037978267)
(0.0014908611 -0.0094963708 -0.0019490486)
(-0.0025133125 -0.0097788372 0.003235597)
(-0.0045207889 -0.010794807 0.0014129146)
(-0.0057847266 -0.0080507421 -0.0011363863)
(-0.0043701958 -0.0042671537 -0.00084627962)
(-0.002787634 -0.00027199961 -0.00050609855)
(0.00030975299 0.0027515838 -0.00034769038)
(0.003268933 -0.0044291869 -0.00053781508)
(0.0041825928 -0.0055227824 -0.00082403053)
(0.0055667819 -0.0090570697 -0.00094224032)
(0.0016395358 -0.010344399 -0.00045473929)
(-0.0047048496 -0.005846553 0.00082929787)
(-0.0030449929 0.00023957354 0.00016755706)
(-0.002627463 0.0025962275 -0.00054862741)
(0.0010950813 0.0048465405 1.0066463e-05)
(0.0030554161 -0.00044487755 -0.0003967281)
(0.0029262213 -0.0063437623 -0.0025088286)
(0.0032267213 -0.0055773215 -0.0028521466)
(0.0050895272 -0.0092017489 -0.0034182611)
(0.0043334267 -0.010352313 -0.0040677387)
(-0.0027526589 -0.0098269171 -0.0036967056)
(-0.004450058 -0.0075684508 -0.0043467908)
(-0.0042294259 -0.004461322 -0.0035211648)
(-0.0038299366 -0.0041433643 -0.0027329386)
(-0.0018656895 0.0010064174 -0.0021060555)
(-0.00055088104 -0.016749343 -0.00020375618)
(-0.0027345224 -0.014695809 0.00014650722)
(-0.0036990796 -0.012466823 0.00098011069)
(-0.002955798 -0.012113166 0.00045031203)
(-0.0022020146 -0.013221733 0.00021417371)
(-0.0019275712 -0.012832967 -0.00041004296)
(0.00042664676 -0.012343742 0.00055889553)
(0.0013790091 -0.013763859 7.9495215e-06)
(0.0016287276 -0.013843028 0.0021147279)
(0.002408241 -0.016326981 0.0013964318)
(0.00077575882 -0.017087369 0.00098603888)
(-0.00066015314 -0.016732335 -0.0016269213)
(-0.001843197 -0.01623099 -0.00053141689)
(-0.0030845657 -0.015638201 -5.3743242e-05)
(-0.0040395922 -0.014143172 0.0015321213)
(-0.0029467842 -0.01174968 0.0015080133)
(-0.00026469365 -0.012619506 0.0012711528)
(0.0023300567 -0.012257717 0.0014937622)
(0.0029460014 -0.011563166 0.0015666125)
(0.002907671 -0.015516527 0.001865065)
(-0.00075574759 -0.016460974 0.00095641653)
(-0.00023392356 -0.012223265 -0.002963694)
(0.0020807122 -0.016752406 -0.0022377262)
(0.0011536111 -0.016801831 -0.0022025095)
(-0.00018576917 -0.017022229 0.0013298969)
(-0.00099511814 -0.01536522 0.0030842579)
(-0.0039888738 -0.013579834 0.0033218375)
(-0.001971568 -0.011727694 0.002562793)
(0.0016050625 -0.017145169 0.0013881527)
(-0.00020274478 -0.018492663 0.0022070168)
(-0.0021707979 0.018343397 0.00018780984)
(-0.005871603 0.016058835 0.002679056)
(-0.0045902837 0.0077651506 0.0023154861)
(-0.0037757061 0.0018039004 0.0014590121)
(-0.0034297229 0.0066172403 0.0007929122)
(-0.0015968088 0.003514498 -0.00027298745)
(0.00016300111 0.0015525491 0.0007069227)
(0.0031787138 0.010138548 0.0024055396)
(0.0031339251 0.0090724391 0.0031507365)
(0.0067025187 0.017002212 0.0029523571)
(0.0043667543 0.018975405 0.00047227491)
(-0.00023863672 0.01802538 -0.0024755445)
(-0.0024279734 0.018271173 0.00043918682)
(-0.0048238059 0.017288357 0.0020473606)
(-0.0056970038 0.013347526 0.0032678863)
(-0.0024706117 0.00077408583 0.0010516094)
(-0.0001170466 0.0015232493 0.0012188988)
(0.0033999542 5.1394878e-05 0.00016371655)
(0.0033518298 0.0039662914 -0.001302173)
(0.0057927876 0.016001818 -0.00091339943)
(-0.0022634426 0.0180656 -0.0019733518)
(0.00069745571 0.0053852934 -0.0030073426)
(0.0044856307 0.015909211 -0.0033514513)
(0.0048162887 0.018857651 -0.0028609137)
(0.0005590469 0.018876491 0.0014412282)
(-0.0030065066 0.018075386 0.0047825301)
(-0.0042436072 0.016107847 0.0043568681)
(0.0032255494 0.0027799721 0.0021131262)
(0.0060314875 0.016914347 0.0014234405)
(0.0033704846 0.019607436 0.0015232271)
(-3.6892103e-05 0.0057962416 0.00033109014)
(5.7199197e-05 -0.00010227277 0.0007249609)
(0.0029978707 -0.014029496 -0.00025373579)
(-0.0016390329 -0.015499433 0.00072723707)
(-0.002676923 -0.013722663 -0.00084943608)
(-0.0011605685 -0.013446645 -0.0011726104)
(-0.0022794295 -0.013620495 7.5242707e-05)
(0.00010766167 -0.013887255 0.0030930547)
(-0.0011179044 -0.015964811 -0.0010045074)
(-0.0030400131 -0.01213405 0.00014503213)
(0.0010634113 0.0048469389 0.0010939207)
(-0.0013011973 -0.00061967307 0.00059249314)
(0.00033858339 0.0024763315 -0.00027636724)
(-6.4525995e-05 -0.00052258544 0.00023734279)
(0.0027926965 -0.01374024 -0.0030322239)
(0.0010297373 -0.014370331 -0.0012752204)
(0.00044362186 -0.013661787 0.0012216791)
(0.001467777 -0.01468327 -0.00063765286)
(-0.0028559302 -0.014244905 -0.00042114756)
(-0.0012109811 -0.0034004358 0.00095021116)
(0.00072233901 -0.00090104948 -0.0015333723)
(0.0021864019 -0.01487978 -0.0011046541)
(-0.0043168522 -0.016342828 -0.002610807)
(0.00033922871 -0.00019105915 -0.0016928557)
(0.00051626932 0.0032037934 0.00068154075)
(0.0011161481 0.0011065779 0.0029303899)
(0.0050910291 -0.014694517 0.0018820465)
(0.00084382571 -0.015872941 0.0012135044)
(-0.003027761 -0.0021399082 0.00082713624)
(0.00040113816 0.0057669542 0.0013581916)
(0.0011521382 0.0092528251 0.0019011079)
(0.0032779883 0.0068824211 -0.0010828381)
(0.0035239531 0.0085922585 -0.0029594779)
(-0.00046063412 0.0097247234 -0.0012925075)
(-0.0011139122 0.0047237735 -0.00075345461)
(-0.0010409393 -0.002877701 -0.0017630824)
(-0.002138429 -0.0034091926 -0.0007145138)
(-0.0012461703 0.003312536 0.001133922)
(-0.0004363815 0.010476084 -0.0012505264)
(-0.0045103606 0.011128333 -0.0019857851)
(-0.0019109265 0.0082353384 0.0024229967)
(-0.00086145334 0.0085262146 0.00093446369)
(-0.000256027 0.0079514946 -0.00089399353)
(0.0029793444 0.007618726 -0.0022508749)
(0.0021248676 0.009961553 -0.0025935265)
(0.0019784393 -7.7358366e-05 -0.00060456431)
(-2.2180948e-05 -0.0039662969 4.1071291e-05)
(0.00081418803 0.0068937156 -0.0034897505)
(-0.0032312861 0.009734892 -0.00013538349)
(-0.002881204 0.0074238893 0.00025406226)
(0.0015581081 0.0058961506 -0.00034570883)
(0.0048926747 0.008447567 -0.0028149369)
(-0.0038573361 0.011144862 -0.0021406654)
(-0.0040496064 0.0079822201 -0.0018687566)
(-0.00041922234 0.0096935937 -0.00048195267)
(0.0036288385 0.0079177966 0.00053691527)
(0.0045942426 0.011599002 0.00036723464)
(-0.0025654961 0.0087376953 0.00085764731)
(-0.0041228775 0.0074071688 0.00054032362)
(-0.0015952 0.0099808187 0.0012142009)
(0.0019303771 0.0034332393 0.00021066663)
(0.0034822813 -0.00016398944 0.00037278076)
(0.0040040381 -0.0047072611 -0.00017368551)
(0.0039567918 -0.005760256 -0.0010851087)
(0.0041234354 -0.0085748292 -0.0040218654)
(0.00071515523 -0.0097879065 -0.004149062)
(-0.0050057152 -0.0096718969 -0.0032284148)
(-0.0062055907 -0.0092084891 -0.0017623649)
(-0.0059399627 -0.0073937417 -0.00052706403)
(-0.0040289463 -0.0042696308 0.00021989865)
(-0.0015648147 -0.00017988086 0.0020234632)
(0.00084526586 3.9355617e-05 0.0027329786)
(0.0020026899 -0.0010509019 0.0018882148)
(0.0035912693 -0.0036313207 0.001203191)
(0.0044066738 -0.0095888688 6.9936999e-05)
(0.003924552 -0.0099845531 -0.0018031805)
(-0.0025749651 -0.010061995 -1.924922e-05)
(-0.004524083 -0.0069664078 0.0028232967)
(-0.0029090027 -0.0021065044 0.0016856049)
(3.7679542e-05 -0.0038293913 0.0032397839)
(-0.00099055504 -0.0088112907 0.0023673575)
(-0.0038550389 -0.0051170232 0.0011255733)
(-0.0021992232 0.0010243633 -0.001020956)
(0.0008502031 -0.0028200266 -0.0016885304)
(-0.00034034265 -0.0055369948 -0.0010864096)
(-0.0018242555 -0.0038685672 0.00016369961)
(-0.0019470516 -0.0036251679 0.00045328069)
(-0.0034590128 -0.0044861576 0.00016242611)
(-0.0039557245 -0.0019739278 -5.8514665e-05)
(-0.0025722984 0.0030103354 0.00043612608)
(0.00016199601 -0.015338847 -0.0010393287)
(-0.0010089687 -0.015825486 0.00023215024)
(-0.0023481327 -0.015450959 0.0023479965)
(-0.0029435763 -0.015544405 0.0025060486)
(-0.0030543167 -0.013744338 0.0016269155)
(-0.0016864897 -0.011179232 0.00094145871)
(0.0018102272 -0.011450936 0.0018547033)
(0.0020946421 -0.015045728 0.0019568026)
(0.00086410541 -0.015780138 0.0026664627)
(-0.00028175732 -0.016616072 0.00054352009)
(-0.0022626199 -0.01501483 -0.0015032307)
(-0.00046106493 -0.010348765 -0.00094012581)
(0.00081640973 -0.013891186 -0.0023540097)
(-0.00020505619 -0.017181832 -0.0021351144)
(-0.001182931 -0.017258869 0.0010821021)
(-0.0023399672 -0.015805836 0.0026443585)
(-0.00029512884 -0.011778935 0.0020766679)
(0.0028453793 -0.014029771 0.0032226731)
(0.0013308948 -0.015603335 0.0031295121)
(0.00070499591 -0.01729703 0.0021183161)
(-0.0018375206 -0.014650919 -0.00046414106)
(-0.00098594551 -0.010838388 -0.0018203751)
(0.0016188431 -0.012607667 -0.0033317244)
(0.0014602797 -0.014439852 -0.0026016882)
(-0.0012001333 -0.017994955 0.00034004008)
(-0.00072936886 -0.01616148 0.0011046072)
(-0.0040792681 -0.012884062 0.00031769743)
(-0.0021393854 -0.011402155 -0.00052372526)
(0.0018177921 -0.018307009 -0.002235035)
(-0.00023848282 -0.018674532 -0.00060644099)
(0.0025692257 0.015930852 -0.0054745083)
(0.00033586758 0.017523072 -0.0026872333)
(-0.0050124163 0.017171908 0.0036054832)
(-0.0050111752 0.016147401 0.0047177349)
(-0.0034982764 0.011133146 0.002277645)
(-0.00058029256 0.00021913072 -9.4416163e-05)
(0.0013678457 0.001963452 0.0008836711)
(0.0053040313 0.01509933 0.0036663593)
(0.0045681475 0.017344975 0.0044407689)
(-0.0014116419 0.018609375 -0.00037046321)
(-0.0042749602 0.015544705 -0.0044530142)
(-0.00093867076 0.0028160045 -0.00056947085)
(0.002830226 0.014122045 -0.0044466673)
(0.0034916746 0.017948932 -0.0046595787)
(-0.003842906 0.018928618 0.0017191751)
(-0.0046885782 0.015421871 0.0032900592)
(-0.00087416403 0.00065063404 0.00022779436)
(0.0031810439 0.011337668 0.0036983673)
(0.0034451285 0.017316507 0.0043628538)
(0.00081603682 0.019227311 0.0017938359)
(-0.0050980555 0.016481129 -0.0017887279)
(0.0014486914 0.0021680396 -0.0022377767)
(0.00215901 0.0063143535 -0.0042591035)
(0.0051182275 0.015386228 -0.005104415)
(0.00011180764 0.019560765 -0.0022073612)
(-0.0038307413 0.018469221 0.0012351594)
(-0.0048637202 0.015841319 0.0010268035)
(0.0030354864 0.0014175647 -0.0018607441)
(0.0059122489 0.016259833 -0.0051875619)
(0.004864381 0.020127799 -0.0046535941)
(-0.0015971945 -0.015258179 0.0030254085)
(0.0013160619 0.0034152518 -0.0026616915)
(-0.0024605484 0.0016290919 0.0012846315)
(0.0036891187 -0.012398361 -0.0023019034)
(0.0030890979 -0.014854734 -0.0038391481)
(0.0015383974 -0.014055611 -0.0030290878)
(-0.0019881082 -0.014698418 -0.0017522092)
(-0.0038390023 -0.015091037 -0.0010309279)
(0.0018081568 0.0013831529 0.0017352405)
(-0.0011907589 0.004796389 0.00027350104)
(0.0022929963 -0.012785308 0.003991564)
(-0.0019723829 -0.013755141 0.0039367445)
(-0.0035373707 -0.013639149 0.0028316851)
(0.003683699 -0.0015118882 -0.0021550691)
(-0.0016197792 0.0042815618 -0.00016979198)
(0.004727718 -0.014791721 -0.0031114866)
(-0.0012255824 -0.015791191 -0.0028463441)
(-0.0019646952 -0.014966821 -0.0038970865)
(0.0010289163 -0.01276393 -0.0061965473)
(0.0010383442 0.00054044018 -1.9401927e-05)
(0.004218358 -0.011959239 0.00033078621)
(0.0043817528 -0.01431813 -0.0011771733)
(-0.0031385473 -0.01413367 -0.0011960598)
(-0.0030583006 -0.0051199691 -0.0019997786)
(-0.0021535281 0.0034834951 -0.0013119235)
(-0.00077210994 0.0018476956 -0.00071903804)
(0.0048117412 -0.010692087 -0.0012102472)
(0.002413368 -0.015888559 -0.001114335)
(-0.0058071834 -0.014110107 0.0022134638)
(0.0031367793 0.006192518 -0.002185238)
(-0.004834479 0.01181113 0.00075805716)
(-0.0019929409 0.0086217292 -0.0018171229)
(0.0004105792 0.0062559005 0.0013804489)
(0.0033016147 0.006158765 -0.0012595935)
(0.0021707552 0.010234329 -0.003148293)
(0.00049976682 0.002127893 -0.0015841543)
(-0.00043202734 0.0059948088 0.0011915125)
(-0.0048254875 0.0098314418 -0.0013159083)
(-0.0032466801 0.0071494543 -0.0004586487)
(0.0011928283 0.0086207183 -0.00014655628)
(0.0016380232 0.011911897 0.0037000355)
(0.00037626765 0.0054706957 0.002538924)
(-0.0015778117 0.0015673715 0.0019835331)
(0.00025909364 0.0075659833 -0.00052510392)
(0.001870118 0.0083516284 0.00020573203)
(0.0041733718 0.011259951 -0.0012528566)
(-5.7935338e-05 0.0090086653 0.0017624237)
(-0.00045320987 1.9743933e-05 -0.0020036513)
(-0.0024090654 0.011279284 -0.0055509953)
(0.00043891131 0.0082542564 -0.0026431539)
(0.0028312702 0.010103024 -0.0014959798)
(0.0022229056 0.0045385792 -0.0018600924)
(-0.0022524931 0.0093902389 -0.003561359)
(-0.0054185597 0.008534223 -0.0016557749)
(-0.003381559 0.0097673916 -0.0013644791)
(0.004154313 0.0075489425 -0.0015393907)
(0.0063536876 0.010575921 -0.0018177956)
(0.0051681896 0.010826992 -0.00029562576)
(-0.0038197372 0.011420269 0.0027554072)
(-0.00075467852 0.0090802812 0.00075494319)
(4.9277821e-05 -0.0020325857 0.0024794021)
(0.0031010848 -0.0027290078 0.0019473179)
(0.0040324214 -0.007990426 0.00075358473)
(0.00042971874 -0.01111034 -0.00094029709)
(0.001333289 -0.0078288165 -0.0041134718)
(-0.00037725393 -0.0094680447 -0.0057896889)
(-0.0044149369 -0.0077472367 -0.0054336104)
(-0.0028446226 -0.005504569 -0.0041376835)
(-0.0017819839 -0.0045884474 -0.0026015654)
(0.00030467446 -0.0029826748 -0.00098359707)
(0.0023384212 -0.007913475 0.00090840047)
(0.0036834635 -0.0084836721 0.0028574216)
(0.00050878121 -0.0094792693 0.0025857923)
(-0.002835847 -0.007733613 -0.00019984193)
(-0.00022719659 -0.0034425734 -0.001711655)
(0.00097910127 -0.0059539875 -0.0033112124)
(0.0030417184 -0.0094488607 -0.0047923935)
(0.00023936398 -0.011179314 -0.00075983955)
(-0.0035525127 -0.010022065 0.0016364803)
(0.00050741386 -0.0020366862 0.00060203524)
(0.0024756704 -0.01125271 0.0019731283)
(-0.001766795 -0.0090782317 0.0030183059)
(-0.0024487559 -0.0044071701 0.0014867185)
(-0.0016198591 -0.0032089746 -2.0449851e-05)
(-0.00065144981 -0.00709152 0.0027654563)
(-0.0029604158 -0.0089262297 0.0034179868)
(-0.0041960007 -0.0083757115 0.0042431537)
(-0.0034953856 -0.0045106943 0.0034689856)
(-0.0038441179 -0.0034576334 0.0026801207)
(-0.0011703023 0.00024596785 0.0013001742)
(0.000996035 -0.011071509 -0.0015723526)
(0.0028355504 -0.01140527 -0.0015323233)
(0.0037235958 -0.015646295 -0.0013236538)
(0.0025252422 -0.015895279 -0.0007874244)
(0.00093422362 -0.0159065 -0.00030997563)
(-0.00082368134 -0.017665258 0.0015778847)
(0.00014873342 -0.017029719 0.0019004991)
(-0.0012426433 -0.016043425 0.00047412922)
(-0.0019844332 -0.016057085 0.00028085613)
(-0.0037521567 -0.01390771 -0.00025438462)
(-0.0026220419 -0.011879109 -0.00082179387)
(-0.00019494894 -0.012427959 -0.0011774402)
(0.0011904815 -0.011511031 -0.0022432136)
(0.0024598368 -0.011614519 -0.0013654305)
(0.0030525575 -0.016046537 -0.0010576263)
(0.0015479753 -0.016830015 -0.00014583528)
(0.00070055628 -0.018344436 0.0015879783)
(0.00093220062 -0.016785335 0.001176346)
(-0.00033831955 -0.017622943 0.00021871527)
(-0.00061986703 -0.016023349 -0.00032844233)
(-0.0031306849 -0.013261985 -0.0014167502)
(-0.0020139462 -0.011357762 -0.0012779027)
(0.0013960566 -0.012227439 -0.0016869739)
(0.0024185917 -0.011968135 -0.0019520275)
(0.00036829592 -0.016389779 -0.00090900304)
(-0.00082231062 -0.018003544 -0.0005349768)
(-0.0030204853 -0.013086523 -0.00026430745)
(-0.0025923333 -0.011284695 0.00020164917)
(0.0010770633 -0.012052138 -0.00095361139)
(0.0009669398 -0.020150945 -0.0012482129)
(0.00078119111 0.0012711467 2.9708878e-06)
(0.0024665471 0.0037000109 -3.2961039e-05)
(0.0056895755 0.01571889 -0.0017279968)
(0.0048670626 0.017962332 -0.00012184335)
(-0.001105087 0.017985447 0.002302141)
(-0.0030360811 0.018672038 0.0040004667)
(0.0031184626 0.018163661 0.0036503496)
(0.002629475 0.018163862 0.0028987795)
(-0.0039479047 0.017828793 0.00041378791)
(-0.0064772423 0.014328061 -0.00014407368)
(-0.0020110872 0.0011069549 0.0011056452)
(-0.0010611729 0.0037539363 -0.0014517968)
(0.0024569266 0.0011975282 -0.001233932)
(0.0030307129 0.0029858537 -0.00019458752)
(0.0065863394 0.01590111 -0.0016873123)
(0.004292337 0.018619368 -1.1164965e-05)
(0.0027631918 0.019617003 0.0021246888)
(0.0033677966 0.018678822 0.0028457528)
(0.0017037861 0.019176896 0.0028231282)
(-0.0036576958 0.017672673 -0.00031186025)
(-0.0056534613 0.012548945 -0.00070154227)
(-0.0011505105 -0.001128843 -0.00069394562)
(0.00091543803 -0.00054307568 -0.0015705623)
(0.0018705172 0.0070972492 -0.0022359423)
(0.002366944 0.017689693 -0.0027200789)
(-0.0033725436 0.019175072 -0.0017159553)
(-0.0042564859 0.014100192 -0.0010310349)
(0.0015888954 0.0021587171 -0.00052305439)
(0.0018910535 0.0015338487 -0.00056709244)
(0.0051693756 0.019468539 -0.003186414)
(-0.00023921804 -0.012967906 0.0026075692)
(7.1841726e-05 -0.013261239 0.0034129256)
(-0.0027072792 -0.015461768 0.0018695003)
(0.0034174468 0.0035768247 -0.00010526268)
(-0.0010266292 0.0046715126 0.00047304939)
(0.0022221194 -0.016185747 -0.0030674363)
(-0.0024024181 -0.017135131 -0.0028358953)
(0.0019176652 0.0059322161 0.001225126)
(-0.0013595012 0.0045847588 -0.00013621511)
(0.0045728649 -0.012034072 0.0020807645)
(0.0019185735 -0.015163692 0.0038742975)
(-0.0014720433 -0.013258879 0.001233588)
(0.0006930033 -0.013880551 0.0015527334)
(0.00011854737 -0.014265036 0.0026079204)
(-0.002948016 -0.015605499 9.5789552e-06)
(0.0012914368 -0.0014124367 -0.00086132733)
(-0.0012043922 -0.01180397 -0.0033351996)
(0.0005315582 -0.0024577491 0.0017091237)
(0.0019289982 0.003166344 0.00052173232)
(0.0006011056 0.00059153035 -0.00010677527)
(0.0046340466 -0.013525003 -0.00067302528)
(0.0031692452 -0.0143968 -5.8955624e-05)
(-0.0010801706 -0.013848127 -8.9792271e-05)
(-0.0067805903 -0.014138325 0.00047027705)
(-0.0049149405 -0.0086844692 -0.00098901917)
(-0.0017352694 -0.0051866406 -0.0017641523)
(0.004304369 -0.014291083 -0.00032823584)
(0.0048861275 -0.013897108 0.00039978955)
(-0.0002990127 -0.014985443 0.0023014502)
(-0.0022232709 -0.013725557 0.001071732)
(-0.00070795216 0.00016035794 0.0012173335)
(0.0011370698 0.0023261977 0.0023509048)
(-0.0022573984 0.011559489 0.0035273721)
(-0.00049732694 0.0078374525 -0.0014138967)
(0.0020909113 0.0086844938 -0.0014221783)
(0.0062713094 0.012720053 -9.9214496e-05)
(-0.0040233648 0.012031646 0.00078917968)
(-0.0016571171 0.0092456291 -0.00087028808)
(0.0010702492 0.0082683768 -0.00051762023)
(0.0041354781 0.010311832 0.0027548437)
(-0.00022484492 0.010748523 0.002233455)
(0.0012980465 0.0032133996 0.0015299572)
(0.0010486852 -0.003085788 0.00042160131)
(0.002750377 0.0022492631 0.0018360424)
(-0.00045795308 0.011633245 0.0039398172)
(0.00034142138 0.0075214515 -0.0034559162)
(-0.0028464299 0.011622712 0.00097785378)
(-0.0053558418 0.0078825126 -0.00013511632)
(-0.00096770832 0.0063166961 -0.0014563094)
(0.0021073551 0.008203875 -0.0014828642)
(0.0031357646 0.0055630761 -0.00048321293)
(0.0011510391 -0.0013943928 0.00099490876)
(0.00063618132 0.003204997 0.00045374111)
(-0.0040324132 0.0080694068 0.0018119689)
(-0.0036710025 0.0038705182 0.0022268077)
(-0.00037553978 0.0016732249 0.0015094264)
(0.0011396634 0.00035619618 0.0015963917)
(-0.00014525003 0.0008857489 0.0029998552)
(0.0017038804 0.009265688 0.00212648)
(0.00015095049 0.012069801 0.0054989187)
(-0.00052461062 -0.0084792008 0.0042148551)
(-0.0030324124 -0.0081990491 0.0015836489)
(-0.002933655 -0.0055913255 -0.00014114606)
(0.00035645856 -0.0010521673 -0.0028002348)
(-0.00053552868 -0.0049930077 -0.0021792336)
(-0.0012847379 -0.0067025988 -0.0038815513)
(-0.0030538409 -0.0017922923 -0.0023665517)
(-0.00035077762 0.0014940657 -0.0020966543)
(0.00078345512 -7.3193137e-05 -0.0016953134)
(0.0024992212 -0.0048043905 6.6217893e-05)
(0.0039948097 -0.0057654601 0.00055083866)
(0.0057980014 -0.0083970501 0.0012170758)
(0.002387975 -0.01004072 0.0013486809)
(-0.0042861299 -0.0091490177 0.00082611754)
(-0.0031209916 -0.0052531926 -3.092038e-05)
(-0.002083915 -0.00085226748 -0.002064478)
(-0.0010642532 0.0017409202 -0.00060402798)
(0.0028755636 -0.004336021 -0.0013633787)
(0.00035969225 -0.0090975507 0.0011388814)
(0.0016407171 -0.0053329613 0.0010705089)
(0.0031783859 -0.010282096 0.0025272974)
(6.955427e-05 -0.0097425938 0.0030474256)
(-0.0027243237 -0.0075840344 0.0028651128)
(-0.0014338591 -0.0062956998 0.001948767)
(-0.00071866193 -0.0098180896 0.0032925118)
(-0.0028753701 -0.0098085822 0.0037624108)
(-0.0044887339 -0.010351641 0.004850364)
(-0.0063583335 -0.0095078351 0.0049050106)
(-0.0060255185 -0.0093452007 0.0040081633)
(-0.0022615664 -0.0039961446 0.0035067872)
)
;

boundaryField
{
    minX
    {
        type            fixedValue;
        value           uniform (0 0 0);
    }
    maxX
    {
        type            fixedValue;
        value           uniform (0 0 0);
    }
    minY
    {
        type            fixedValue;
        value           uniform (0 0.001 0);
    }
    minZ
    {
        type            fixedValue;
        value           uniform (0 0 0);
    }
    maxZ
    {
        type            fixedValue;
        value           uniform (0 0 0);
    }
    bottomWater_to_rightSolid
    {
        type            fixedValue;
        value           uniform (0 0 0);
    }
    bottomWater_to_leftSolid
    {
        type            fixedValue;
        value           uniform (0 0 0);
    }
    bottomWater_to_heater
    {
        type            fixedValue;
        value           uniform (0 0 0);
    }
}


// ************************************************************************* //
