/*--------------------------------*- C++ -*----------------------------------*\
| =========                 |                                                 |
| \\      /  F ield         | OpenFOAM: The Open Source CFD Toolbox           |
|  \\    /   O peration     | Version:  v2012                                 |
|   \\  /    A nd           | Website:  www.openfoam.com                      |
|    \\/     M anipulation  |                                                 |
\*---------------------------------------------------------------------------*/
FoamFile
{
    version     2.0;
    format      ascii;
    class       volVectorField;
    location    "400/bottomWater";
    object      U;
}
// * * * * * * * * * * * * * * * * * * * * * * * * * * * * * * * * * * * * * //

dimensions      [0 1 -1 0 0 0 0];


internalField   nonuniform List<vector> 
1460
(
(-0.0023870589 -0.014728209 0.0012349788)
(-0.0020341359 -0.010188929 0.0010537777)
(-0.000283626 -0.010469668 0.0016970002)
(-0.00048683359 -0.014599085 0.0006066872)
(-0.0017155519 -0.015780229 -0.00069522138)
(-0.002135589 -0.015784689 -0.0019345598)
(-0.0027683778 -0.016072869 -0.0029880051)
(-0.0031812836 -0.016073336 -0.0034118445)
(-0.0034333324 -0.015650568 -0.0029154045)
(-0.0033784306 -0.015920735 -0.0022451655)
(-0.0037630597 -0.01554166 -0.00088521121)
(-0.0030062883 -0.013409793 0.0010941161)
(-0.00052199662 -0.014341042 0.0019007523)
(-0.0015543066 -0.016684313 0.0015099887)
(-0.0041349678 -0.013995561 0.00093416852)
(-0.0050979823 -0.011723535 0.001356034)
(-0.0040248492 -0.012012629 0.0015867759)
(-0.0014152419 -0.01306496 0.0011704581)
(0.001758621 -0.012555301 0.0013356423)
(0.0030042129 -0.01175125 0.00084594521)
(0.0030106731 -0.014587345 0.00053685731)
(9.5014339e-05 -0.017072453 0.0012734428)
(-0.002975407 -0.016256109 0.00024197419)
(-0.0037313635 -0.01394134 -0.00057330986)
(-0.00085695838 -0.012577353 0.00074228664)
(-0.00015050543 -0.013935979 -0.00094401536)
(0.00061472883 -0.01317541 0.0014335724)
(0.0027464649 -0.017114669 -0.00013447014)
(0.0024222935 -0.017416846 -0.00010803097)
(0.00038751643 -0.019040719 0.00043733384)
(-0.0024399207 0.015941477 0.002477444)
(0.00033580428 0.0018041256 0.0010996117)
(0.0013018362 0.0053133961 0.00087534283)
(0.0044522203 0.015741645 0.0012726197)
(0.0010318224 0.017673614 0.00062012348)
(-0.0048180477 0.017803733 -0.0015255545)
(-0.0046369415 0.018129521 -0.0028198625)
(-0.0026875138 0.017965589 -0.0035496577)
(-0.0010822866 0.017401509 -0.0025857478)
(-0.0014218257 0.017586774 -0.00072361908)
(-0.0034595432 0.016807446 0.00025504852)
(0.0011966414 0.0075511229 0.00085711197)
(0.0035421068 0.0074459859 0.0011354717)
(0.0050649218 0.017116985 0.0020294934)
(-0.0051104968 0.015442023 0.0018469994)
(-0.0026413282 0.007136887 0.00023079051)
(-0.0029025229 -0.00029841021 0.00043769186)
(-0.0002824553 -0.0026326238 2.9659244e-05)
(0.0023811506 -0.00044482571 0.00075948954)
(0.0032554724 0.0043681438 0.00012616279)
(0.0062945945 0.015396189 0.00081916051)
(0.0012275489 0.018848479 0.0012711998)
(-0.0059791485 0.017422044 0.00028282899)
(-0.0039788705 0.010568629 -0.00039508919)
(-0.0005495552 0.0016777517 0.00032246256)
(0.0019591619 0.010388611 0.00065258488)
(0.0027264031 0.0030717151 -2.7014828e-05)
(0.007625133 0.014573781 -0.0024165318)
(0.0072067086 0.018658872 -0.0034668547)
(0.0041677618 0.019699791 -0.0027028457)
(0.00082143415 -0.014080958 0.00079826057)
(0.00023891689 -0.012769484 2.6541636e-05)
(-0.0034223797 -0.012542677 -0.00040424918)
(-0.0041624392 -0.0078128112 0.0010398487)
(-0.0020286456 0.002557395 0.001246472)
(-0.0032243161 -0.0012840957 0.0013926359)
(-0.0018253053 -0.01469149 0.0042512303)
(-0.0039654886 -0.016380181 0.0036915223)
(-0.004400317 -0.010537121 0.0018289501)
(-0.0030860266 -0.0068890764 0.0007392694)
(0.0020964486 -0.01034019 -0.00066744656)
(0.0058912505 -0.015185064 -0.0028052949)
(-0.00080671218 -0.015166902 -0.0041009877)
(0.0022566484 -8.955147e-06 0.0002020547)
(0.0013491466 -0.0047106935 -0.0011722705)
(0.0031682761 -0.013330413 -0.0037954599)
(-0.00020851629 -0.013600747 -0.0022669607)
(0.0001618659 -0.01471855 -0.0022716293)
(-0.00022563432 -0.013498777 -0.0010262291)
(-0.0024639396 -0.01399374 -0.0032708858)
(-0.0048046859 -0.010526335 -0.0017655532)
(-0.00041713387 0.0032872171 0.0015996257)
(-0.0028868576 -0.0050123423 0.0022752192)
(0.0028066647 -0.014341133 0.0024548748)
(0.00050104136 -0.014134005 0.0004515521)
(0.0027647751 -0.013660107 0.00068982664)
(0.00053970388 -0.015798051 -0.0025925048)
(-0.0046475003 -0.014771377 -0.00025700976)
(0.00038938582 0.0030915062 -0.0028047386)
(-0.00040681219 0.0071921943 -0.00059378704)
(-0.0022117426 0.008939234 -0.00014826899)
(-0.0018241283 -0.00079486621 -0.00050100977)
(-0.0026958347 0.0057163836 0.00029917298)
(-0.0045321539 0.0096068975 0.00036066166)
(-0.0029322041 0.0083154841 0.0014561887)
(5.4574388e-05 0.0082437902 0.001417511)
(0.0032735703 0.01232918 0.0023989111)
(-0.00028019252 0.013332671 -0.00079821231)
(-0.0044597892 0.0099778187 -0.0016340112)
(-0.0016514983 0.0036648226 -0.00032527273)
(-0.0014925196 -0.0005080368 -0.0015197429)
(0.0030967072 0.012449843 -0.00084031544)
(-0.0042179201 0.01188835 -0.0015034453)
(-0.00055218945 0.0077939211 7.2200952e-05)
(0.0022098331 0.0080015139 -0.0018197881)
(0.0017265574 0.0094858475 -0.00224842)
(-0.00032342049 0.0013174087 -0.00053893992)
(0.00091190591 -0.0055964197 -0.0019959237)
(-0.0014707104 -0.0031787781 -0.002028564)
(0.00047745698 0.0095849825 -0.0022095005)
(-0.0042112092 0.010758991 -0.0018484657)
(-0.0010448637 0.008325524 0.0013458302)
(0.0021034556 0.0083622871 0.0032141767)
(0.0024621669 0.00093606935 0.00028036982)
(0.0013453453 -0.0038611501 -0.00036390284)
(0.0016215552 0.0037345171 -0.00065103775)
(-0.00063925291 0.012002522 -0.00043269173)
(-0.005920346 0.011083552 -0.00033941907)
(-0.004481463 0.0082038865 0.00053670804)
(-0.0019341025 0.011635222 0.00045056634)
(0.0028233407 -0.0070984738 -0.00073807337)
(-0.0023298076 -0.0098494812 -0.00089166264)
(-0.0054966609 -0.008254569 -0.00061040427)
(-0.0040550277 -0.0045457508 0.00014256053)
(-0.002397799 -0.0033896003 0.00022017172)
(-0.00089103996 -0.0081146127 0.00097311015)
(-0.0026571666 -0.013025251 0.00034337584)
(-0.0001231625 -0.0032634851 0.0022642268)
(0.0020392499 -0.0043413792 0.0019300523)
(0.0033467416 -0.0091738187 0.0013670469)
(-0.0047040186 -0.010614822 -0.0022288615)
(-0.0042894047 -0.0087624353 -0.0019638798)
(-0.0024609812 -0.0072316054 -0.0021753078)
(-0.0008897503 -0.0078858294 -0.0027659989)
(-0.00070002419 -0.0056290187 -0.0032355938)
(0.0024116377 -0.0055402034 -0.0027595139)
(0.0043612991 -0.0082451366 -0.0037540345)
(0.00086292212 -0.0097763514 -0.0034196487)
(-0.0057091669 -0.0099715263 -0.0034654018)
(-0.005258025 -0.0081065748 -0.0019248143)
(-0.0029553045 -0.0035887906 -0.0017414221)
(0.0013221524 -0.0017439406 -0.0008469607)
(0.0039853082 -0.0082130247 -0.0022099326)
(0.0044057683 -0.01076804 -0.0029479605)
(-0.00086989031 -0.010639816 -0.00088548202)
(-0.0071592118 -0.0074106968 0.001518028)
(-0.0063268281 -0.0033542587 0.0016780922)
(-0.006118895 -0.0033894082 0.0015784053)
(-0.0047781938 0.00023379533 0.0016024047)
(-0.0029142657 0.0047949539 0.0017559592)
(-0.0023000782 -0.014538113 0.0019680718)
(-0.0012773738 -0.010476665 0.0028730754)
(-8.1018726e-05 -0.014269151 -0.00013409625)
(-0.0017866851 -0.013939406 -0.0026292118)
(-0.0030170373 -0.014579494 -0.002803817)
(-0.0043366578 -0.013993733 -0.0021882264)
(-0.0046196805 -0.012061411 -0.00097926906)
(-0.0030326919 -0.011152998 -3.0546441e-05)
(-0.0013625592 -0.011016778 -0.0016083856)
(-0.0001507438 -0.013269772 -0.0024083108)
(-0.00050240216 -0.017601244 -0.0032740253)
(-0.00030599549 -0.017473091 -0.0013294481)
(-0.00064815842 -0.016858874 0.00073880804)
(-0.00055033307 -0.01741548 0.00022754471)
(-0.0015937271 -0.016298582 0.00053088997)
(-0.0029552389 -0.014369973 0.0016946819)
(-0.0037232351 -0.014589731 0.0031901935)
(-0.0028487075 -0.013166744 0.0037505912)
(-0.0004523449 -0.014196775 0.003608139)
(-0.00026764468 -0.01668819 0.0022821205)
(-0.0018342442 -0.017353757 0.00075178539)
(-0.0035579991 -0.015524644 0.00089879598)
(-0.0051682761 -0.014659771 0.00066252375)
(-0.0035298069 -0.012661838 0.00045808113)
(-0.0017745763 -0.012320255 0.0016710947)
(0.0018152915 -0.013159142 0.0015484374)
(-0.0010294807 -0.01827347 0.0013394778)
(0.00040556705 -0.013556531 -0.0010265566)
(0.0025147246 -0.017609719 -0.0017312429)
(0.0011793137 -0.018184843 -0.00054705007)
(-0.0020148006 0.016229936 0.0040354002)
(0.00059034168 0.00280709 0.0036091821)
(0.0035705977 0.014383822 0.0010176174)
(0.0036239655 0.016126451 -0.0024110181)
(0.0010873335 0.016872719 -0.0019346902)
(-0.0043727878 0.015403554 0.00064559231)
(-0.0036524381 0.0068777422 0.0025760427)
(-0.0030196382 -0.0001979445 0.002905349)
(-0.00092631204 0.0022522337 0.0009046923)
(0.0022760048 0.0086949109 -0.00099976938)
(0.0041307466 0.016753978 -0.0038542144)
(0.0045765758 0.018133359 -0.0028937659)
(0.0049036207 0.018245817 -0.0010564899)
(0.0041261396 0.018923013 -0.00080904853)
(-0.0013083985 0.018044826 0.003710836)
(-0.0035160026 0.016378281 0.0054637121)
(-0.0042085422 0.015208676 0.0063912714)
(-0.00093128061 0.0073592437 0.0039030109)
(0.0030038621 0.0095407093 0.0038591595)
(0.0047723373 0.017460991 0.004199781)
(-0.00061813385 0.01917503 0.0025258785)
(-0.0061386826 0.017649338 0.0012868149)
(-0.007559132 0.01341836 0.00082499543)
(-0.0030581699 0.00066699268 -0.00077192695)
(-0.00212227 0.001091769 0.00093653102)
(0.0026911699 0.0058310249 0.0014169535)
(0.00089024452 0.018793788 0.001360953)
(0.0021976114 0.0044390297 -0.0023877489)
(0.0062919516 0.016351696 -0.0057580918)
(0.0052367058 0.019453629 -0.0047330143)
(0.0015966003 -0.0094965814 0.0033269067)
(-0.00023030699 -0.0136733 0.0021754726)
(-0.0026050514 -0.014586699 0.0021386677)
(0.00031410215 -0.0032530941 0.00028842465)
(-0.00012616611 0.0046190477 0.00034579858)
(-0.00050325076 0.00055319985 0.0017709353)
(0.0033101753 -0.01381488 0.0012963633)
(-0.0026646197 -0.014684332 0.0026950019)
(-0.0033535645 -0.013218606 0.0022510011)
(-0.0027847049 -0.014192513 0.0018093295)
(0.0015526141 -0.012295763 0.0015590213)
(0.0038838361 -0.010922101 -0.0013296903)
(0.003230437 -0.0059941497 -0.0008240581)
(0.0026365353 0.0023675571 0.00026889943)
(0.00090797357 0.0042450825 0.002854238)
(0.0012725917 -0.000777049 -1.4819082e-06)
(0.0022794338 -0.01415229 -0.0037398594)
(0.0024733092 -0.015472955 -0.0021735903)
(-0.00059784929 -0.015537439 -0.0011768705)
(-0.0010673729 0.00013084709 -9.3769864e-05)
(-0.0014932865 0.0058872157 0.00062837383)
(-0.0022118825 0.0027071146 -0.0014453259)
(0.0036634005 -0.014761078 -0.0019235017)
(0.00043027753 -0.016229232 -0.0023246671)
(-0.0031397259 -0.014234668 -0.00097159924)
(-0.0019471634 -0.01425821 -0.00039305893)
(0.0027169469 -0.010427935 -0.0015505865)
(0.0010758474 -0.016108253 -0.00043234455)
(-0.0058038905 -0.014984114 0.0014175717)
(0.0023679048 0.0047479125 -0.0017901736)
(-0.0010502822 0.0096772357 0.00016514943)
(-0.00099212049 0.0033112997 0.00091660562)
(-0.0021015945 0.0095165331 0.00088366483)
(-0.002976257 0.0075017773 0.00018366177)
(-0.0013314935 0.0087092309 0.0021142129)
(0.0022211075 0.0074417705 0.00055866168)
(0.0037524241 0.0093921995 -0.0017522813)
(0.0012135209 0.0080401082 -0.00079647613)
(0.0017040681 6.9483396e-05 -0.00056280504)
(0.00152031 -0.0029724396 0.00028674345)
(0.002609534 0.0026130167 -0.0010030554)
(0.0022778463 0.010216773 -0.00082862712)
(-0.0018970699 0.0089064067 0.00070981768)
(0.0003468861 0.0087300479 0.0022741024)
(0.0010694188 0.0093117726 0.0023450324)
(0.0037997137 0.0076627197 -0.00066379769)
(0.0028654857 0.010591329 -0.0012262963)
(0.0010091867 0.002308501 0.0012933132)
(-0.0019797979 0.0086602744 0.0031727195)
(-0.0038500183 0.0075229649 0.001037273)
(-0.0018418947 0.0096119151 -0.0002188792)
(0.001219471 0.0077585367 -0.0012201717)
(0.0045008044 0.010369782 -0.0015917255)
(-2.0855216e-05 0.010428906 0.001638015)
(0.0011932484 0.00097026884 0.0011930769)
(-0.00010174797 -0.0038250357 0.0013123711)
(0.0026170876 0.0081705371 -0.0020268406)
(0.00052837589 0.012128775 -0.0022771899)
(-0.0053656173 0.012207368 0.0010341696)
(-0.0019592465 0.0091325701 7.0980795e-06)
(0.002325634 -0.0044445746 0.00151399)
(-0.0014152841 -0.01015429 -0.00055665839)
(-0.004830342 -0.0084912868 -0.0010840263)
(-0.0036414544 -0.0026483064 -0.00025523579)
(-0.0019142117 0.00087694909 0.00052605699)
(0.0017951933 -0.0019880714 -0.0011217544)
(0.0030604816 -0.0059492034 -0.0018481902)
(0.0051907747 -0.0092035348 -0.00050664424)
(0.0054482679 -0.01007132 -0.00059778192)
(0.0020588635 -0.010819639 -0.00044306986)
(-0.0033688084 -0.0085817058 -0.00056157664)
(-0.0026206121 -0.0028583062 0.00125182)
(-0.0025154418 -0.0016036411 0.0014050996)
(-0.0015776329 0.00019242189 0.0006651886)
(0.00064447283 0.0019341205 0.00075327246)
(0.002428942 -0.00118951 -0.0016717089)
(0.0046209414 -0.0056981375 -0.0027210367)
(0.0017343175 -0.0097714531 -0.0030405454)
(-0.0046943883 -0.0088177183 -0.0039997789)
(-0.003822415 -0.0017100986 -0.0020157022)
(-0.0023311814 0.0010440173 -0.00093932165)
(0.00094364597 -0.00029772537 -0.0028516707)
(0.0032956802 -0.0041079677 -0.0025550257)
(0.0040272906 -0.0067604607 -0.0030167427)
(0.0052952025 -0.0093590759 -0.0028741778)
(-0.0039270751 -0.010757957 0.0022777565)
(-0.0067056629 -0.0084752457 0.0041214358)
(-0.0051695969 -0.0045480559 0.0035533956)
(-0.0044656878 -0.0039876356 0.0037611681)
(-0.0019667198 -0.0003819075 0.0038227275)
(-0.0010362793 -0.014320277 0.0021747231)
(-0.0028919083 -0.012326399 0.002778396)
(-0.0016876445 -0.011000324 0.0013213565)
(0.00094467358 -0.011865662 -0.00017798041)
(0.00046166367 -0.015220299 -0.0026875965)
(-0.00052674239 -0.016833705 -0.0032573726)
(-0.0015223913 -0.01802642 -0.0013411843)
(-0.0025093654 -0.014701592 0.00042708338)
(-0.0016263613 -0.011689511 0.00032992257)
(-0.00070860355 -0.01228872 -0.0014555918)
(-0.00022152926 -0.011969978 -0.0021030807)
(0.00071642319 -0.012042399 -0.0027716726)
(0.0018792005 -0.012313517 -0.0022814471)
(0.0025521398 -0.015009828 -0.0027204442)
(0.0013870304 -0.014867332 -0.0016134428)
(-0.00074317729 -0.0178412 -0.0015744616)
(-0.0011842193 -0.01736891 -0.00046127483)
(-0.0014391164 -0.017002575 0.00030475327)
(-0.00067170992 -0.018261933 0.00070246697)
(0.00021772871 -0.018475322 -0.0016557591)
(-0.00065249041 -0.016732814 -0.0011730278)
(-0.0014764258 -0.017770133 -0.00048458384)
(-0.0025940895 -0.017108983 0.00050630436)
(-0.0029478052 -0.018335389 0.0023163219)
(-0.0015419819 -0.017190016 0.0028077154)
(-0.0019623766 -0.016038649 0.0023889301)
(-0.0024524356 -0.012823596 0.0009346226)
(0.0012345596 -0.012539592 0.00043902919)
(0.0013990471 -0.013899138 -0.0013489536)
(0.0021451429 -0.018265402 0.00028885987)
(-0.0021426587 0.016443976 0.004251851)
(-0.0033024045 0.013360279 0.0040088186)
(0.0020651143 0.00077298379 0.00050293168)
(0.0027038667 0.002626443 0.00043710445)
(0.006992885 0.014022088 -0.0033006993)
(0.0054685161 0.017493496 -0.0042296064)
(-0.0039451997 0.018468595 0.0032803783)
(-0.0048844145 0.014501015 0.003863838)
(-0.0018582459 0.0041312386 0.00072711742)
(-0.00031366862 0.0069255296 -0.0011463844)
(0.0018751133 0.0045041361 -0.003208844)
(0.0031769934 0.005736002 -0.0031936702)
(0.0055851426 0.0061916072 -0.0027561795)
(0.0080692811 0.014239504 -0.0044708903)
(0.0070349265 0.016872035 -0.0037670019)
(0.0032261473 0.018977369 -0.0023030943)
(-0.0031901266 0.019077399 0.00083384088)
(-0.0022863624 0.018403758 -6.3624454e-05)
(0.00084358778 0.018777445 -0.0014478422)
(0.0040531941 0.01923168 -0.0045389083)
(0.0045610076 0.018727973 -0.0034164846)
(-0.00022457408 0.01908986 -0.0011198773)
(-0.0064770198 0.018957349 0.001801454)
(-0.0059621496 0.018069225 0.0030474146)
(-0.002688143 0.015535343 0.003714381)
(-0.0023705179 0.015871332 0.0040084262)
(-0.0021217366 0.0028373952 -0.00019316605)
(0.0026377853 0.0035578788 -0.001261218)
(0.0029545345 0.0066829304 -0.004032231)
(0.0051391623 0.018545066 -0.0044726048)
(0.00023545211 -0.0019099268 0.0026364934)
(0.0050552626 -0.013000201 -6.4048701e-05)
(0.0046223016 -0.014293384 -1.8172555e-05)
(-0.0014637946 -0.01460089 0.0020297738)
(-0.0029719607 -0.012641032 0.0034242969)
(0.0022186266 0.0059024269 -0.0014706823)
(-0.001803146 0.0047623032 0.001167035)
(0.0046411894 -0.011650808 -0.0027732908)
(0.0012203452 -0.014307315 -0.0012856627)
(-0.00081058298 -0.013266123 0.0014211961)
(0.0021949341 -0.013705493 0.00042147715)
(0.0021826003 -0.013095285 0.0012763701)
(0.0029388389 -0.014194811 0.0022842336)
(-0.0014996832 -0.014118699 0.0065692802)
(0.0011205013 0.0012663451 0.00043340995)
(0.00098518921 0.0062380659 -0.0017050895)
(-0.001306244 0.0046027276 -4.7261481e-05)
(0.00058678509 -0.012051616 0.001098936)
(0.0017687817 -0.018797033 0.00092095733)
(0.00021203457 -0.016889854 0.003418419)
(0.0011253356 0.0012313564 0.00015267811)
(-0.0005166807 0.0061378516 -0.001102767)
(-0.0026040406 0.002662038 -0.0016660678)
(0.0015623503 -0.018275741 -0.0044004254)
(-0.0034875011 -0.016585715 -0.0043064407)
(0.0010334311 -0.013409086 -0.0027473069)
(0.0015764825 -0.014428013 -0.00069789052)
(0.0026562936 -0.013614073 -0.0018230446)
(-0.0023358445 -0.015253767 -0.0029141045)
(-0.00059564537 -0.0041342881 -0.0030951317)
(0.0024173719 0.0070930918 -0.00067337486)
(0.0041422557 0.0078441116 -0.00077825904)
(0.0034761489 0.0096181884 -0.00089135935)
(0.00025912925 0.010506593 0.0017574987)
(-0.0024831432 0.010488978 0.0024937239)
(-0.00048883135 0.0087900788 0.00032271441)
(0.0023792797 0.0086177661 -0.0012677336)
(0.0040174739 0.010627785 -0.0036544778)
(0.00070472978 0.0090203173 -0.0015736323)
(0.0015008942 0.00188395 -0.0022524542)
(0.0021739729 -0.0028492562 -0.0028875109)
(0.00047228647 -0.0022692131 -0.00041606269)
(0.002392555 0.0075789683 -0.00073754338)
(-0.0040565404 0.010234399 0.0029373656)
(-0.0023956962 0.0074595601 0.0014592766)
(5.2324707e-07 0.010509398 -0.0015898708)
(0.0016454669 0.0088710438 -0.0011423949)
(0.0044517091 0.0081744865 0.00063526774)
(0.0041439746 0.012162938 0.00066494807)
(-0.0044814078 0.012662566 0.002655162)
(-0.0027553707 0.0085088687 0.0016908839)
(-0.00059806501 0.011002082 -0.0005998696)
(0.0018313314 0.0087325301 -0.0031119363)
(0.0038164835 0.012563398 -0.003555736)
(-0.0038307078 0.011031937 -0.0029199758)
(-0.00036524742 0.0011778949 -0.0021010352)
(-0.0019990803 -0.0038203963 -0.00012292387)
(-0.00057601239 0.0032234998 -0.0010562346)
(-0.0021687435 0.010978914 -0.0025052282)
(-0.0026148532 0.0088732097 0.00045515856)
(0.0018399504 -0.0077567146 0.002269307)
(-0.0021783657 -0.010697787 0.0012903505)
(-0.0021021913 -0.0047999571 0.0017699185)
(-0.0025250365 -0.0053191784 0.0023579053)
(-0.002331325 -0.0047237944 0.0017449309)
(-0.00028314596 0.0019602846 -2.308503e-05)
(0.0022225027 -0.00061829981 -0.0020082281)
(0.0039001052 -0.0049841902 -0.0036034831)
(0.0057524765 -0.009008092 -0.0049147114)
(0.0050392637 -0.010289729 -0.0053616217)
(0.0020454514 -0.01072213 -0.0037888816)
(-0.0047232229 -0.0085079388 0.0032330045)
(-0.0051593151 -0.0063640573 0.0031495818)
(-0.0042962207 -0.0029197274 0.0023542711)
(-0.0025840265 -0.0013644869 0.001671227)
(-0.00070936633 0.0039869268 -0.00060077138)
(0.0037718292 -0.00084760661 0.00018330341)
(0.00026002326 -0.01032814 0.0018473296)
(-0.0026937599 -0.0044618476 0.0028550118)
(-0.0025031666 -0.0022206203 0.0024937215)
(-0.0018841567 -0.0023805503 0.001514948)
(-0.00018668544 0.0033925886 -0.00010719863)
(0.0027641016 6.8719898e-05 -0.0014189012)
(0.0040118213 -0.0018400718 -0.0017811442)
(0.0039298821 -0.0041566847 -0.001392714)
(0.0048857228 -0.009769471 -0.00034903902)
(-0.0030744033 -0.010912482 0.003563577)
(-0.0053202119 -0.0096659624 0.0048192829)
(-0.0043787955 -0.0089338807 0.0039551711)
(-0.001399423 -0.0075304434 0.001453859)
(-0.00051007437 -0.014568626 0.0018801255)
(-0.0020635132 -0.013829174 0.0018575672)
(-0.0025131555 -0.012731301 0.0022609373)
(-0.0032908151 -0.012271956 0.0010534606)
(-0.00088963483 -0.011215986 -0.0014930082)
(0.00044712177 -0.013461339 -0.0022445333)
(0.00050623808 -0.018628188 -0.0014526838)
(-0.0012861139 -0.018262197 -0.00020511411)
(-0.0033591888 -0.014899666 0.00094745559)
(-0.0033215025 -0.012502382 0.00087786371)
(-0.0022029538 -0.013184928 0.00057520441)
(0.00018161839 -0.012544175 0.0014995563)
(-0.00024157546 -0.011407918 0.0019313226)
(0.0023688371 -0.012190125 0.00017099868)
(0.0039791342 -0.013242194 -3.125581e-05)
(0.0026804551 -0.014837102 0.00011366506)
(-0.0012718523 -0.016233871 -0.0015355354)
(-0.0020348472 -0.012009806 -0.0027783163)
(-0.00032143254 -0.011361708 -0.0021729066)
(0.0023976839 -0.011272553 -0.0014290248)
(0.0029926745 -0.014186888 -0.002767686)
(0.0027011153 -0.015859464 -0.0022660665)
(-0.00020906891 -0.019385588 -0.0024268944)
(0.00032079729 -0.014918031 -0.0026219359)
(0.001288552 -0.016128783 -0.00074123294)
(-0.00092793221 -0.017465036 0.0026681842)
(-0.0024537121 -0.014881968 0.0030063136)
(-0.00047832683 -0.011040533 0.0015508525)
(0.0018480115 -0.012533087 0.00090341711)
(0.0015140398 -0.019449407 0.0021932483)
(-0.0021045693 0.016406189 0.0035697153)
(-0.0031407913 0.015856244 0.0034739461)
(-0.0022561836 0.014358166 0.0035396987)
(-5.9970361e-05 0.011951796 -0.00050910961)
(0.0044009536 0.0025456406 -0.0031656324)
(0.005509199 0.0077106441 -0.0029277232)
(0.0071006459 0.017883027 -0.0029043917)
(-0.0034658114 0.019408228 0.0022975321)
(-0.0064992484 0.014963783 0.0030510235)
(-0.0038895003 0.0035894222 0.0014120631)
(-0.0027582726 0.0041890003 0.00030410677)
(0.00010189754 1.1211787e-05 9.8046457e-06)
(0.00081891942 0.00012771722 -0.00097043104)
(0.0027865034 1.544074e-05 0.0015584928)
(0.0059383223 0.011249308 0.00044482045)
(0.0047905144 0.01660751 -0.00042920813)
(-0.0032045699 0.017897322 -0.0029332396)
(-0.0009178066 0.0090465901 -0.0019746387)
(0.0016197342 0.0017354258 9.3451506e-05)
(0.0041532231 0.00096183718 0.00020776602)
(0.0066569774 0.01224829 -0.003114989)
(0.00619851 0.01718189 -0.0039726506)
(-0.002321732 0.020160077 -0.0029989099)
(-0.0021569132 0.013147839 -0.0032098718)
(0.0032118863 0.017984116 -0.001225318)
(-0.0017977621 0.01885254 0.0028630722)
(-0.0037970305 0.013375466 0.0033260113)
(0.00098593386 -0.0014025229 -0.00059518914)
(0.0019344946 0.0050124499 -0.0018271418)
(0.0037006076 0.019684766 -0.002276946)
(-0.00027371734 2.8041727e-05 0.0012143476)
(0.0019000498 -0.0051947092 -0.00056106429)
(0.0046768673 -0.010092398 -0.0029384106)
(0.0062967303 -0.013459112 -0.003802057)
(0.0067374869 -0.014710164 -0.0024527029)
(-0.0012199904 -0.014434031 0.0016117827)
(0.0031286009 0.0054594302 -0.0006530396)
(-0.0011460851 0.0089090173 0.001137894)
(0.0030149111 -0.010490374 -0.0014713318)
(0.00079884458 -0.014909049 -0.00076581641)
(-0.0023428335 -0.01349225 0.00043389428)
(-0.00139351 -0.013879926 -0.00039393563)
(-0.00017809314 -0.013626809 -0.0015972168)
(-0.00067819816 -0.015195634 0.005307593)
(-0.0043954208 -0.013287921 0.0039030344)
(0.00087274442 7.6469743e-05 0.0021737712)
(-0.0013685656 -0.0059664297 -0.00049165516)
(0.0040038246 -0.013686034 0.00099759117)
(0.0033056193 -0.01401698 0.0027946011)
(0.0011825938 -0.015285247 0.0034662513)
(-0.0035768189 -0.013272426 0.0056586582)
(0.00026321793 0.0021048553 0.0010413019)
(-0.0022948271 -0.00063434853 -0.00091415626)
(-0.0008573742 -0.015104915 -0.00012462266)
(-0.0023315176 -0.0081743222 0.0016506346)
(-0.0010362291 0.00083244677 0.0034279739)
(0.0037978653 -0.014932944 -0.0018277127)
(0.0035485725 -0.014582049 -0.0029529785)
(0.000619402 -0.013628024 -0.0028944893)
(-0.0019218129 -0.013713916 -0.002380478)
(0.0015790563 0.0084743954 -0.00025870781)
(0.004210529 0.0050651528 -0.0007438397)
(0.0048883907 0.0051930352 -0.0014117582)
(0.0042307264 0.0078453455 -0.0016423017)
(0.0046606362 0.0096951409 -0.0019692441)
(-0.0016376157 0.0087603241 0.0016958373)
(-0.00046041167 0.0085662111 0.0015782207)
(0.0015976219 0.01017607 -0.0009292532)
(0.0048611273 0.0099509572 -0.0029741944)
(0.0013598557 0.010991792 -9.8877658e-06)
(-0.00013285043 0.0053974705 -0.00042186736)
(-0.00038364712 -0.0056587423 -0.0011868489)
(-0.0022246688 -0.0028714255 0.00036685191)
(0.00053187222 0.010140612 0.00065774948)
(-0.0034188554 0.0097803594 0.003197202)
(9.4227889e-05 0.0071321975 0.0024681316)
(0.0012840886 0.0087815122 0.0023024325)
(0.0035194251 0.0010891546 0.00057123706)
(0.00061496224 -0.00055377517 0.0017137071)
(0.0010643335 0.0077957158 -0.00087104601)
(-0.0036499888 0.010263246 0.0023623308)
(-0.0018236553 0.0079183477 0.0021640042)
(0.00070237435 0.0089512376 -0.0012864507)
(-0.00029653292 0.0091017281 -0.0042290657)
(-0.0030930581 0.0064968069 -0.0029858586)
(0.0010441471 0.0011036855 0.00024943089)
(0.0023049971 -0.0018017843 -0.0022595683)
(0.0015590418 -0.002932298 -0.0021447799)
(0.0024344673 0.0031009711 -0.0016078472)
(0.0020007782 0.012599647 -0.00050689241)
(0.0018276006 -0.0071063548 0.0012380028)
(0.00083468884 -0.0108903 0.0015592174)
(-0.0020480993 -0.0098307806 0.0037259999)
(-0.0037993929 -0.0088842211 0.0043580022)
(-0.0029855231 -0.0055314448 0.003404694)
(-0.0028952846 -0.0044002444 0.0030443433)
(-0.001324152 0.0012706356 0.0011469888)
(0.0020510271 0.0012759872 -0.0014268631)
(0.003861014 -0.00548472 -0.0034343295)
(0.0039751682 -0.007680258 -0.0048490945)
(0.0044247745 -0.0090146977 -0.0055536495)
(0.0013839465 -0.010509786 -0.0027785427)
(-0.0052881602 -0.0098517588 0.0027284643)
(-0.0046684481 -0.0093562509 0.0029494748)
(-0.0020172763 -0.0065675596 0.0028877489)
(0.0006251718 -0.0024363948 0.003448342)
(0.0037277248 -0.0060346807 0.0032207)
(0.0039868266 -0.0099432982 0.0036960205)
(-0.0040669887 -0.0085687503 0.0064929125)
(-0.0044694152 -0.0068334428 0.0057596192)
(-0.0030292914 -0.0035752513 0.0032122154)
(-0.00017932346 -0.00096289583 0.0034768489)
(0.0023502452 -0.0013010729 0.0021618107)
(0.0045834759 -0.008037224 0.0039615717)
(0.0050037418 -0.0099572717 0.0027911125)
(0.0033155203 -0.010372108 0.00019151042)
(0.00064376439 -0.011129843 -0.0017231578)
(-0.0042436698 -0.010786402 -0.0015886499)
(-0.0061929019 -0.0084216529 -0.001596227)
(-0.0029421284 -0.0020687082 -0.0024721456)
(-0.0002030514 -0.015706105 0.00064701583)
(-0.0017060956 -0.01605976 -6.019213e-05)
(-0.0028195708 -0.014187274 -0.0015286412)
(-0.0036483085 -0.012563112 -0.0021194535)
(-0.0020451083 -0.010663392 -0.0011784895)
(0.00071104754 -0.011222747 -0.0010916552)
(0.0013333161 -0.015567199 -0.00061241381)
(0.00058132947 -0.017440146 0.0014198536)
(-0.0015032197 -0.015906971 0.0023120653)
(-0.0027904655 -0.012721331 0.0026133761)
(-0.00152609 -0.011138855 0.0010718232)
(0.0022650264 -0.012237951 0.0041465093)
(0.00064211044 -0.013541284 0.0043085662)
(-0.0011150727 -0.014678221 0.0010133897)
(-0.00051925715 -0.012929097 0.0022909759)
(0.0012028838 -0.013629177 0.00095103898)
(0.0022215719 -0.01384102 -0.00073174729)
(0.0046435 -0.015617528 -0.00050418664)
(0.0026615917 -0.01898593 -0.00051899433)
(-0.001062012 -0.013583761 -0.00035420216)
(0.0024693194 -0.010942314 -0.0012405634)
(0.0021125384 -0.015912879 0.0015780448)
(0.0014087186 -0.017232224 0.0011849788)
(-0.0011389897 -0.013334112 0.0030547913)
(-0.00036810733 -0.011370334 0.0014323662)
(0.0017678339 -0.019525956 0.0021758124)
(-0.0018869101 0.017244916 0.0017685158)
(-0.0031669248 0.017688264 0.00014889872)
(-0.0030882453 0.016025799 -0.0020583374)
(-0.0032046488 0.012428776 -0.0031149798)
(0.0013782502 0.0022321584 -0.0016698586)
(0.0033022386 0.0024276951 -0.002177278)
(0.0065310178 0.01411982 -0.0041202883)
(0.0053152105 0.018582474 -0.0024015047)
(-0.0049558913 0.017472452 0.0028498399)
(-0.0059169132 0.012754699 0.0024430508)
(-0.0022212827 -0.00097916703 -0.0016164554)
(-0.00097526453 0.0076430859 0.0019083317)
(0.0015968912 0.014760383 0.0053703719)
(-0.00060035686 0.0096961526 0.0010966941)
(-0.00082685304 0.000352097 0.0026635326)
(0.0014912503 0.0046065455 0.0010120825)
(0.0028486695 0.00040209258 -0.00044264945)
(0.006584114 0.0089281834 -0.00088998864)
(0.002617934 0.019831167 -6.1413284e-05)
(-0.0030138564 0.0067100777 -0.00082591563)
(0.0007559453 0.0022195239 0.0014362765)
(0.004198811 0.016879565 0.00090144747)
(0.0011023965 0.018895257 0.0025265338)
(-0.0037664646 0.01429311 0.0041620994)
(0.0014640013 0.0030576327 0.0010241801)
(0.0027511596 0.019666676 0.0025864386)
(-0.00014965124 -0.0022205371 0.0022328393)
(0.00095656862 -0.0080938914 0.0019587591)
(0.0014453881 -0.0093707582 0.0011373156)
(0.0040582745 -0.013511846 5.0051675e-05)
(0.0036486372 -0.013100781 -0.0011172818)
(0.00024903023 -0.013738667 -0.00053255447)
(-0.0037759709 -0.014019943 0.0025170024)
(0.0025530032 0.0065221439 -0.0011930906)
(-0.0020767171 0.0055195856 0.00049654875)
(0.0036553297 -0.010860459 -0.0049968008)
(6.9406845e-05 -0.01536176 -0.0050777614)
(-0.0052716392 -0.015051021 -0.0026874697)
(-0.0021188566 -0.013514464 -0.003420279)
(0.0017781987 -0.014842435 -0.0012683286)
(0.00088411941 -0.014707365 0.00049674533)
(0.0026847073 -0.013204553 0.00050081934)
(0.00098573482 -0.016223762 0.0012869922)
(-0.0034283172 -0.016233109 0.00045982463)
(-0.0013952164 -0.0033530175 0.0031156813)
(0.0014230063 -0.013292599 -0.0018902787)
(-0.0018353616 -0.013798422 0.0036937416)
(-0.0016829939 -0.011294514 0.0045270856)
(0.00063327405 0.0011490304 0.003313617)
(0.0032116696 -0.011829463 -0.001843055)
(0.0030042457 -0.014180575 -0.00038308308)
(-0.004108078 -0.012588126 -2.0270237e-05)
(0.0012081653 0.0091672851 0.0025631949)
(0.0022086782 0.0086463482 0.0030704613)
(0.00097626595 0.0022048081 0.0018328681)
(0.00081243233 0.00022930542 0.00060748026)
(-0.00044683421 0.0014887862 0.00038145912)
(0.00021772261 0.0053065047 0.00075359595)
(-0.0034473022 0.01031107 0.0029059692)
(-0.0013449263 0.0093507239 0.00097261907)
(0.0018235174 0.008427268 -0.0019382947)
(0.0047628925 0.0096770106 -0.0034075383)
(0.003864393 0.010696459 -0.0019993066)
(-0.001320205 0.0097988667 0.002529059)
(0.00124412 -0.0033822314 -0.0031428912)
(-0.0002453617 -0.0010245407 0.00083066368)
(-0.00048220529 -0.0032710729 0.0025991861)
(-0.00041232027 0.00093140755 0.0007645322)
(0.001551939 0.011805701 -0.0020279376)
(-0.0027228874 0.012352595 0.0013067408)
(-0.00046096417 0.0072814487 -0.00046196198)
(0.0023972066 0.0019035623 -0.0027891886)
(0.00051888235 0.0013796554 -0.0024028031)
(-0.0024435797 0.011414218 0.0053531379)
(0.00098742001 0.0056069059 0.0002338967)
(0.0041229471 0.0032216035 -0.0027109207)
(0.0048288768 0.0070606598 -0.003843509)
(0.0016847782 0.012371807 -0.0051723212)
(0.00091910928 -0.0070840946 -0.00098127067)
(0.0018689367 -0.010652259 -0.001552091)
(-0.00020741319 -0.010452225 0.0019793033)
(-0.0030762316 -0.0099117831 0.0032620974)
(-0.0052382951 -0.0095238419 0.0031531012)
(-0.0063453078 -0.0086813693 0.0021007583)
(-0.0052354695 -0.0058903415 0.00095491846)
(-0.0021277086 0.0012221009 0.00048705331)
(0.0017364647 -0.00093571293 -0.0028971823)
(0.0025637243 -0.0054806625 -0.0041986968)
(0.0039801382 -0.004741653 -0.0045953293)
(0.0046525096 -0.0090980857 -0.0046322896)
(0.0045633244 -0.010531741 -0.0040743318)
(-0.000637475 -0.0095369529 0.0020148644)
(-0.004147748 -0.009662978 0.0036613755)
(-0.0057942248 -0.010116992 0.0026263983)
(-0.0045532945 -0.0088747993 0.0008104212)
(5.3257146e-05 -0.0056571089 0.00062405902)
(0.0038510908 -0.0093803625 -0.0014713032)
(0.0028793847 -0.011725837 -0.0040172975)
(0.00085643773 -0.010132178 -0.0058102265)
(-9.1478306e-05 -0.011391847 -0.0055749551)
(0.0025403594 -0.008387029 -0.004544586)
(-0.0022067494 -0.011910911 -0.0044714933)
(-0.0046390376 -0.0087073644 -0.0042743921)
(-0.0022613489 -0.002170629 -0.0032143049)
(-0.00064649475 -0.014537779 0.00031772895)
(-0.00356333 -0.012826077 0.00037083666)
(-0.0041334109 -0.010525373 0.00017863158)
(-0.0024562611 -0.011578975 -0.00086991429)
(-0.0010189701 -0.012442955 -0.00073026109)
(-0.00017664854 -0.013206271 0.00010648797)
(0.0023006594 -0.012256041 -0.00098483169)
(0.0034115064 -0.014028154 -0.00013906943)
(0.0021816733 -0.01509782 0.00014804951)
(0.0017522454 -0.014654101 0.00057911701)
(0.00031268307 -0.013913155 0.0023065568)
(0.00070855744 -0.014994674 0.0029322119)
(-0.00013205264 -0.013868388 0.0026076739)
(-0.00034571858 -0.017149384 0.0026477971)
(-0.001913227 -0.015335805 0.0037792463)
(-0.0001714285 -0.012039619 0.0027408124)
(0.0022165922 -0.012552597 0.002115384)
(0.0034767718 -0.016689298 0.0023708147)
(0.0015140014 -0.018621219 0.0020146074)
(-0.0024662211 -0.018107345 0.0023082599)
(0.00099827174 -0.011804641 0.0010706569)
(0.0033593417 -0.014320765 0.0010078526)
(0.00078827466 -0.017763584 0.0013820518)
(-0.00062068976 -0.016155164 0.0016561462)
(0.00035933621 -0.010904496 0.0022543739)
(0.001616134 -0.017200714 0.0025455105)
(-0.0031454737 0.016531628 0.0017589698)
(-0.0047590825 0.014339757 0.0020478028)
(-0.0024594926 0.0037468295 0.0025527046)
(-0.0014666288 -0.00033361999 -0.00019900878)
(-0.00059496624 0.0054144404 -0.001497014)
(0.0020918877 0.0062748149 -0.00043189881)
(0.0027465148 0.0038857323 -0.0019983938)
(0.0070081253 0.014824251 -0.0015270747)
(0.0045880796 0.017282831 1.5234637e-05)
(-0.0011308549 0.016993731 0.0020990189)
(-0.002502298 0.015557986 0.0053582181)
(0.00046086314 0.016728211 0.0049958622)
(0.0011685652 0.016382463 0.0045720068)
(-0.00049939728 0.018073789 0.0062838807)
(-0.0034984508 0.014847993 0.0075000131)
(0.0021163989 0.0034057448 0.0026594662)
(0.0025280621 0.00091099329 -0.00031883296)
(0.007587624 0.01526882 0.0025242785)
(0.0016583776 0.020354446 0.0027532)
(-0.0063842854 0.015990963 0.0044111606)
(-0.0016648938 -0.0028031373 0.0011359736)
(0.0052673642 0.015635156 0.001134771)
(0.0039129066 0.019684469 0.0013266194)
(-0.0038760738 0.017436721 0.0028394496)
(0.0019003479 0.0043484556 -0.00064090806)
(0.0030556782 0.017788601 0.0012275484)
(-0.00053343741 0.00077734259 0.0022954768)
(0.0038526298 -0.012900942 0.0038389119)
(0.0021071302 -0.013286285 0.004402559)
(8.0521458e-05 -0.013618185 0.0014844568)
(-0.0008134875 -0.013244293 -0.0013612746)
(0.00082972184 -0.013718299 0.0012733425)
(-0.0038851032 -0.015519227 -0.00070979099)
(-0.004582514 -0.0127587 -0.00033998814)
(0.0013316675 0.003687001 -0.0013626748)
(-0.00069387222 0.0037435599 -0.0018370464)
(0.00038761223 -0.014537937 -0.0064119844)
(-0.0023866163 -0.014201512 -0.0029885088)
(0.00083305062 0.00091636656 0.0037978581)
(0.0014040489 -0.008219715 0.0030341705)
(0.0047884901 -0.014304362 -0.00078333006)
(0.0061333474 -0.014304628 -0.001896074)
(0.0006535588 -0.016727893 -0.0051373679)
(-0.0022664275 -0.015782475 -0.004872926)
(0.00051459618 0.0054661446 0.00055293977)
(0.0048050635 -0.013377977 -0.0010964401)
(-0.0022361748 -0.016711286 0.00056531738)
(-0.0061444255 -0.014640308 0.0010597374)
(0.0012701998 0.0052898148 0.00056874353)
(0.0014099964 -0.0044318072 0.00040437305)
(0.0025448819 -0.014908654 -0.0026441931)
(-0.0026194091 0.00017439712 0.00030741462)
(0.0023663162 0.0078677951 0.0031373809)
(0.003281172 0.010629367 0.0046397406)
(-0.00035649172 0.0042429176 0.0043043987)
(0.00023338034 -0.0048391264 -0.00035499622)
(-0.0024284315 -0.0031084149 -0.00096786509)
(0.00014189869 0.0070016267 0.0015718826)
(-0.0021386661 0.010742951 -2.7465564e-05)
(-0.0041132971 0.0098749003 0.0014359345)
(-0.001332021 0.0078019748 -0.0015667293)
(0.0020256471 0.0083011475 -0.0039504242)
(0.0037548271 0.011118236 -0.0042235708)
(-0.0045357129 0.011004075 -0.0010103782)
(-0.0008013565 0.0039918391 0.0021634103)
(0.0011972198 0.0036967963 -0.00058372317)
(0.0010397636 0.0026266975 -0.0015475276)
(0.00049550854 0.0044414951 -0.0028579517)
(0.00026055619 0.012423682 -0.0020868847)
(-0.0039500327 0.012256724 -0.0040439078)
(0.00096363005 0.007973824 -0.00013736062)
(0.0041895987 0.012630952 -0.0022438719)
(-0.0028458733 0.011035337 0.0026992964)
(-0.0052879747 0.012462135 0.0026070296)
(-0.0021778866 0.0089638067 0.0013773164)
(0.0038409835 0.0077113457 -0.0018311033)
(0.0032075722 0.0096499555 0.00013993324)
(-0.0037124759 0.0083150598 -2.6301088e-05)
(0.0011206721 -0.0018255266 -0.0006673146)
(0.003240275 -0.0033919897 0.00017932476)
(0.0047320458 -0.007836594 -0.0009977972)
(0.0017659228 -0.0096659533 -0.0017106125)
(-0.0060999836 -0.0099064736 -0.0016553358)
(-0.0071690881 -0.0089519467 -0.0017082191)
(-0.0053809721 -0.0060358409 -0.00089835239)
(-0.0034022961 -0.0059329301 -0.00080996901)
(-0.0011649101 -0.00090557876 -0.0022724257)
(0.00082433041 -0.000875018 -0.0038099777)
(0.0030846529 -0.0029922832 -0.003397521)
(0.0026891162 -0.004479098 -0.0025338557)
(0.0041217835 -0.0079626697 -0.0026642931)
(-0.0015750192 -0.0097932201 -0.0034901622)
(-0.0021636454 -0.0096064146 -0.0045713622)
(-0.0045181241 -0.010878199 -0.0044218123)
(-0.0040724633 -0.010398466 -0.0039497536)
(-0.0018000123 -0.0093394674 -0.0035304092)
(0.00038395675 -0.0039501679 -0.0042243618)
(0.00070189378 -0.0076554633 -0.0048958379)
(0.00059207943 -0.0068274176 -0.0043789858)
(-0.00062389525 -0.0045277434 -0.002516303)
(0.0024762403 -0.004106509 -0.0023399161)
(-0.0012668844 -0.0098947892 -0.0033883991)
(-0.0020173399 -0.0052236665 -0.0028615348)
(-0.0021867782 -0.001321753 -0.0033074868)
(-0.00056403056 -0.014016681 0.00082580975)
(-0.0029872626 -0.01344939 0.0013410504)
(-0.0040579167 -0.012806633 0.0023675211)
(-0.0029445619 -0.011189788 0.0027276424)
(-0.0018442684 -0.011891035 0.0012104341)
(-0.00028127479 -0.013125613 -5.6817286e-06)
(0.0019272687 -0.011576524 -0.0004090656)
(0.0018832206 -0.012249532 -0.00075489958)
(-0.00058907273 -0.015239364 -0.0014009054)
(-0.0013025047 -0.016172979 -0.0014378027)
(-0.0024706108 -0.015339407 -0.0012537931)
(-0.0034355742 -0.015061652 -0.00083396843)
(-0.0047072627 -0.014193257 -0.0017183417)
(-0.0045668147 -0.012807536 -0.00084463136)
(-0.0023588592 -0.011544312 -0.00027068553)
(0.0010635951 -0.0113748 0.00035258787)
(0.0017742469 -0.014904873 0.00065692356)
(0.00096944775 -0.018226791 0.00053613133)
(0.00031668166 -0.017680537 0.0013158492)
(0.0010758423 -0.016265633 0.0014963141)
(0.0017570478 -0.016772467 0.0021888631)
(0.0015912745 -0.016588747 0.00098965703)
(0.0015412844 -0.017761544 0.0013486811)
(0.00043351365 -0.016761203 0.0012511959)
(0.0021629297 -0.015390939 0.00074495677)
(0.0029119464 -0.015548057 -0.00074771025)
(0.001286948 -0.01622112 -0.00057411604)
(0.0013495176 -0.016877344 -0.001452684)
(0.00093520825 -0.015177129 0.0017669732)
(0.00012073176 -0.017603223 0.0011732125)
(-0.0029003313 0.01609965 0.0022678464)
(-0.0047125178 0.015507121 0.0034641465)
(-0.0038254374 0.011646256 0.0039521994)
(-0.00080502232 0.00390395 0.0036560637)
(-0.00057384199 0.0055157 0.0014987496)
(0.0024826936 0.0059477374 -0.00059294019)
(0.003330955 0.0052020085 -0.0014593593)
(0.0068434252 0.013662039 -0.00086114966)
(0.0044122279 0.016970862 -0.00089332488)
(-0.0014332529 0.017794187 -0.00060580107)
(-0.0036923539 0.017433072 0.0010854561)
(-0.0043968924 0.017183817 -0.0003040165)
(-0.0044851526 0.015805348 -0.0017106274)
(-0.0028948219 0.010146806 -0.0010941596)
(0.0005312839 0.00013234369 -0.00037744054)
(0.0027935993 0.0011502275 0.00037467648)
(0.0053471431 0.012894379 0.00099034738)
(0.0034651037 0.019328215 0.0027152822)
(-0.00025304368 0.019435057 0.0035288191)
(0.00073299465 0.017526881 0.0030109552)
(0.0030029283 0.018115443 0.0045314269)
(0.0046541009 0.018664249 0.0036678866)
(0.00061783347 0.019429506 0.0023270953)
(-0.0040595199 0.018054316 0.0019272475)
(-0.0025618671 0.011853577 -0.00052641465)
(0.0030925624 0.017555295 -0.0019146866)
(0.0029350483 0.018292833 -0.0023972469)
(-0.0015882015 0.018384056 0.00026269095)
(-0.001812697 0.017288385 0.0022175956)
(-0.0011136679 0.018673389 -0.0025316343)
(-0.00039478564 0.0025270488 0.00063475617)
(0.0023572745 -0.0069912992 0.0012528268)
(0.0041746526 -0.013767935 0.0015796186)
(0.0024623011 -0.013065456 0.0022428524)
(0.00079375643 -0.012888462 0.0015248032)
(0.0010284619 -0.014652981 -0.0025935361)
(-0.0041681851 -0.014548219 -0.0043041332)
(-0.0042013022 -0.010150578 -0.0039805717)
(-0.00076251445 0.0023971961 -0.0027185692)
(-0.0015018422 0.0048147898 -0.0014746455)
(-0.0012722972 0.0016642531 -4.3933052e-05)
(-0.0017761079 -0.0024652012 0.00044350439)
(0.00073424146 -0.0091681125 0.0031060262)
(0.0016743218 -0.01379898 0.0010860792)
(0.00095679763 -0.013807555 -0.0011769382)
(-0.0015940685 -0.014216073 -0.00068234248)
(-0.0037991154 -0.014529112 -0.001927811)
(0.0014473401 0.00084663539 0.0021339956)
(0.000430223 0.0034485599 0.0026662927)
(0.00082081035 -0.007553825 -0.00087254451)
(-5.6063639e-05 -0.014257744 -0.0044343615)
(0.0012342586 0.00026488645 -0.00033894486)
(0.0011434084 0.0048833325 0.0010040301)
(0.0010319943 0.0015943726 0.0020288908)
(-0.00067022635 -0.018064851 -0.00092956692)
(-0.0042700717 -0.014307098 -0.0012198099)
(-0.00059489084 0.0018314968 -0.0018491939)
(-0.00099950549 0.0020072601 -0.00018002912)
(0.002888575 -0.013221671 -0.0040010096)
(-0.0013274133 -0.017873692 0.0035272231)
(0.0017092074 0.0080969342 0.00067074759)
(0.0046909485 0.0085627648 0.00042633237)
(0.0027571053 0.00928489 0.0024797142)
(0.0020440972 0.0028733577 0.0027598354)
(-0.00072253211 -0.0035388798 4.1769921e-05)
(0.00054289344 0.010132658 -0.0018682034)
(-0.0034878733 0.010009602 -0.0022215435)
(-0.0049963109 0.0094799691 -0.0036015383)
(-0.00300228 0.0081065722 -0.0021249435)
(-0.00075707513 0.0097441966 -0.0017304407)
(0.00055543152 0.0081458651 -0.0015072359)
(0.0015300472 0.0080622102 0.00087391443)
(0.0013280204 0.0101001 0.0020843689)
(-0.00017870348 0.0031546387 -4.3286166e-05)
(-0.00056294092 -0.0036003139 -0.0021524481)
(-0.00064337494 0.0010654418 -0.0013873517)
(-0.0018519487 0.0052678586 -0.0023096738)
(-4.5836664e-05 0.0082262304 0.0023587749)
(0.0014163305 0.0086818057 0.0033814098)
(0.003911837 0.0097694115 0.0013282618)
(-0.00067642747 0.012491551 -0.0015249109)
(-0.0020903588 0.0083232625 -0.0028041226)
(0.0012877828 0.0098972786 0.00078388067)
(0.0034278805 0.0082866334 0.001022797)
(0.0035514112 0.011318043 0.00017061422)
(-0.0051572299 0.013030882 -0.0013417542)
(-0.0032196191 0.0090348191 -9.9537234e-05)
(0.0035954649 0.0071979639 -0.0016423097)
(0.0069932846 0.01156772 -0.0018131507)
(0.0040080325 0.01378934 -0.00080675077)
(0.001628272 0.00048008789 -0.00097058346)
(0.0038614903 -0.0024882956 -0.00074977141)
(0.0048691845 -0.0042558045 -0.00045056481)
(0.0063279975 -0.0078103122 -0.001040122)
(-0.0024634044 -0.0097485857 -0.0015421874)
(-0.0063929003 -0.0081775015 -0.0010926313)
(-0.0050650009 -0.0051338738 -0.0012407929)
(-0.0042683849 -0.0039306721 -0.0015188847)
(-0.0025655677 -0.00037440568 -0.0017787903)
(0.00028281047 0.0025277492 -0.0017935249)
(0.0025992095 -0.00076771097 -0.00051142753)
(0.0031459005 -0.0027516479 -0.00012747949)
(0.0035476642 -0.0031817364 0.00042304264)
(0.0042824832 -0.0082783456 -5.9660546e-05)
(-0.00028467163 -0.0096038987 -0.0032878958)
(-0.0026185696 -0.0087269506 -0.0045854512)
(-0.0020666287 -0.0097115274 -0.003622813)
(-0.0026339595 -0.0049696654 -0.0018886505)
(-0.0012400299 -0.0012131304 -0.0026270617)
(-0.0022459411 -0.0039159263 -0.0017069109)
(-0.0019606944 -0.0026169599 -0.0020291643)
(-0.0013946056 -0.0013763442 -0.002876552)
(0.001237838 0.0017419462 -0.00065784444)
(0.0015192905 -0.0020281895 -0.0006325892)
(0.0015946388 -0.0037140372 -0.00013181672)
(0.0003836868 -0.0014329933 -6.7749417e-05)
(0.003775321 -0.0061729918 0.00077601655)
(-0.0019820062 -0.010073387 -0.00069691757)
(-0.0038360293 -0.006178599 0.00025265751)
(-0.001030079 0.00053923633 -0.00072094288)
(-0.00053938891 -0.015086072 -0.00013499534)
(-0.0018997659 -0.014532578 0.00021194363)
(-0.0031565516 -0.014099921 0.0011655509)
(-0.0035860711 -0.0136125 0.0012725368)
(-0.0020207581 -0.011123386 0.00099704325)
(0.0014119211 -0.011027226 0.00046296246)
(0.0022492307 -0.0142932 0.00034851057)
(0.0018636396 -0.014509027 -0.00050112004)
(-0.00036360971 -0.016849873 -0.0011901258)
(-0.0011297354 -0.016132147 -0.0017657182)
(-0.0026268935 -0.015052418 -0.0010460274)
(-0.0044990794 -0.013642976 -0.00043727823)
(-0.0034367975 -0.011109701 0.00031363378)
(-0.0012398871 -0.011970507 -0.001172708)
(0.00074010789 -0.011878619 0.0015246472)
(0.0022159932 -0.013847344 0.0012536192)
(0.0021591367 -0.017279286 0.0001794691)
(0.00085333674 -0.019732266 -0.00043548338)
(-0.0010427405 -0.017328055 -0.0032147002)
(3.472306e-05 -0.018276409 -0.0039378831)
(0.0014154823 -0.017814198 -0.0037397536)
(8.6103357e-05 -0.018373351 -0.0031957942)
(-0.001007102 -0.016446875 -0.0026673929)
(-0.0028075326 -0.014037459 -0.0032212079)
(0.00046885955 -0.011635205 -0.0013123456)
(0.003651738 -0.012606609 -0.0031557883)
(0.0010810235 -0.014928003 -0.0031674017)
(0.00014875859 -0.017451856 -0.0029814721)
(-0.0021732826 -0.015108448 -0.0015748719)
(-0.001791902 -0.011194047 -9.8099664e-05)
(-0.0019522677 0.016561552 0.00030788449)
(-0.0043912761 0.016673011 0.0020264285)
(-0.0052899158 0.015908908 0.0028622606)
(-0.0039767959 0.013255834 0.0033028889)
(0.00075272364 0.0026213972 0.0024392724)
(0.0037259412 0.0028814221 0.0015645705)
(0.0071532243 0.011971629 0.0018861078)
(0.0073060045 0.016077866 0.0012213556)
(0.0036906447 0.018143765 -0.0011519866)
(-0.001566394 0.017900551 -0.0038594001)
(-0.0044486783 0.017108999 -0.0020807727)
(-0.0047585503 0.015247352 -0.00095801016)
(2.3144402e-05 0.0020783435 0.0012979132)
(0.0012043019 0.0032328942 0.0011615577)
(0.0045085722 0.0026526193 0.0032440777)
(0.0057828282 0.0085907893 0.0044130622)
(0.0058840757 0.017711645 0.0038278772)
(-0.0026065186 0.021186155 -0.0013501132)
(-0.00092536825 0.018465764 -0.0051009669)
(0.0012961429 0.015498831 -0.0046417837)
(0.0048387393 0.018922618 -0.0048347071)
(0.001392737 0.019865101 -0.0037228769)
(-0.0057564153 0.018147627 -0.0035099426)
(-0.0064163652 0.013512348 -0.0037254437)
(-0.0018584452 -0.00079072585 -0.00017222105)
(0.0037726564 0.013371261 -0.0038812015)
(0.0032499896 0.017084216 -0.0046221844)
(0.0012845727 0.018959222 -0.0038494292)
(-0.0044786752 0.016418048 0.0016708852)
(-0.00056882882 0.0027223805 0.0021498807)
(0.00023147732 0.0032012897 0.0007667217)
(0.00036676532 0.0017640118 0.0018538225)
(0.0016357914 -0.0066819335 0.0022988455)
(0.0047933999 -0.014060737 0.0032041619)
(0.0027175113 -0.013806606 0.0038106259)
(0.00040213914 -0.01311892 -0.00039820627)
(-0.0013522385 -0.014116788 -0.0044451544)
(0.00038304154 -0.0013875713 -0.0023041539)
(0.0011532203 0.0032394625 -0.0023388837)
(0.0002611273 0.0052137344 -0.0025166774)
(-0.00090690498 0.0001313472 -0.0023428945)
(0.0043833952 -0.013997233 -0.0024386225)
(0.0025159129 -0.013758591 0.00059659987)
(0.0010870133 -0.013419644 0.0016403324)
(0.0032149262 -0.013857691 0.0025070741)
(-0.0030030981 -0.014480406 0.00022439633)
(-0.00070254301 0.00049347823 0.0021892563)
(-0.002399171 -0.0041138878 0.0018265)
(0.0013921493 -0.016202817 0.0052463923)
(-0.0020808126 -0.018434403 0.0018770078)
(0.00016875339 -0.0055200443 -0.0031786392)
(0.0018951744 0.0056367523 -0.0016236059)
(-0.00040850104 0.0028720245 0.00025242256)
(0.005510262 -0.011963695 0.0047438837)
(-0.001107305 -0.01616217 0.0033095464)
(-0.0066937001 -0.013662886 0.0019108)
(-0.0026619682 -0.0041528057 -0.0014979354)
(0.0004510959 0.0026364625 -0.0015737124)
(0.0024813221 -0.0037918388 0.0016276082)
(0.0031218871 -0.01470244 0.0035394097)
(0.001169401 0.0088067244 0.00044893708)
(0.0029682447 0.0078674476 0.00046552512)
(0.0047468733 0.0082987358 0.00087949834)
(0.0038803288 0.0095808339 0.0018975022)
(0.0018250964 0.0068206631 0.0022260168)
(0.0016857276 -0.00098513628 0.00068292124)
(-0.00016212694 0.0076391637 -0.0020550291)
(-0.0020601126 0.0074097334 -0.0026533703)
(0.00020072117 0.0091807404 -0.00099594344)
(0.0012417658 0.0095122243 0.00032217892)
(0.0037344241 0.0080110907 -0.00023538755)
(0.003198584 0.01136212 0.000677969)
(0.00099062126 0.0039698381 0.001693136)
(0.00084930107 -0.0029928582 -2.4578022e-05)
(0.001732018 0.0029661134 0.0021487124)
(-0.0034850706 0.010119654 3.329914e-05)
(-0.0032827183 0.0076834582 0.00030274002)
(0.0026370135 0.0096364676 0.0054857666)
(-0.00072988839 0.013758456 0.0024933097)
(-0.0044539861 0.011532572 -0.0015403748)
(-0.0032365801 0.0083671115 -0.0026724827)
(0.0003841916 0.01014025 -0.0017115798)
(0.0028129917 0.0081583248 0.0016122094)
(0.0048553645 0.01064253 0.0024185992)
(0.00076734886 0.010064338 0.0019529988)
(-0.0046812692 0.0085985003 0.00097917389)
(-0.0042271198 0.0036665664 0.0019506904)
(8.3251787e-05 0.0037912631 0.00088207447)
(0.0040642068 0.0053258931 -0.0020250973)
(0.0039392244 0.0092794787 -0.0025954819)
(0.0017389917 0.0018626743 0.00070336718)
(0.0035823694 -8.4151868e-05 0.0010520128)
(0.0050259885 -0.0028005532 0.00097682739)
(0.0055961996 -0.0040795477 0.0011789577)
(0.0065105305 -0.0079748125 0.00085383764)
(0.00053720448 -0.0098531693 0.0020671214)
(-0.0051950652 -0.0076741949 0.0016666433)
(-0.0033577372 -0.00074117334 0.00033284289)
(-0.0015886568 0.0017503071 -0.00041942351)
(0.0018987755 0.0021612932 0.00077797994)
(0.0034666534 -0.0014370969 0.0010094289)
(0.0040983592 -0.0053137174 0.001952071)
(0.0054313857 -0.0091888736 0.0019998766)
(0.00057283228 -0.010294506 -0.0020275306)
(-0.0043008229 -0.0071771598 -0.0044125099)
(-0.003167039 -0.0038185812 -0.003619926)
(-0.001755394 -0.0071500441 -0.0035971368)
(-0.0043103455 -0.0081581317 -0.00085355941)
(-0.00074720736 0.0001193089 0.0021495429)
(0.001558524 -0.013619588 0.0031074067)
(-0.0043469355 -0.0084099552 0.0027801149)
(-0.00078922674 0.0015381696 -0.00024813423)
(0.0021513709 -0.00023862541 0.0025679099)
(0.0034012101 -0.0038353858 0.00266738)
(0.0040985856 -0.0038106413 0.0038682462)
(0.0041825142 -0.0063864411 0.0050181084)
(0.0029915482 -0.0093124064 0.0043487784)
(-0.0011896114 -0.010209899 0.0026138999)
(-0.002847178 -0.0089366641 0.002212359)
(-0.0012710464 -0.004092345 0.0023023735)
(-0.0011761994 -0.014115156 -0.00013667457)
(-0.0021129701 -0.013505176 -0.0013319057)
(-0.0038744363 -0.01370396 -0.0001111135)
(-0.0038707114 -0.012186348 0.00045954006)
(-0.0017594751 -0.012079551 0.0010659142)
(0.0020008757 -0.012514241 0.00056493142)
(0.00222078 -0.015782637 -0.00048148235)
(0.0022523357 -0.016686668 -0.0013491575)
(0.0002463172 -0.017545571 -0.0017817371)
(9.4942894e-05 -0.016507739 -0.0033603037)
(-0.00092410859 -0.015051877 -0.0030358496)
(-0.0018157094 -0.015414097 -0.0026448302)
(-0.0039517586 -0.013330469 -0.00092734583)
(-0.0019313716 -0.011682685 0.0005919538)
(0.00057660214 -0.013556873 0.0022451698)
(0.0005481595 -0.017890438 0.0014438085)
(-0.0011263377 -0.01852388 -2.4442819e-05)
(-0.0035369394 -0.015742741 -0.00054104394)
(-0.002641269 -0.011426612 -0.0013370675)
(0.00074682608 -0.011854325 -0.0014145609)
(0.0029914596 -0.014682415 -0.0021714746)
(0.00031253501 -0.017133419 -0.0015354355)
(-0.0034490602 -0.016437407 -0.0006418806)
(-0.0025922753 -0.012780043 -0.00094909949)
(-0.00047226505 -0.014465484 -0.00053762201)
(0.0023340422 -0.011882405 -0.0028940245)
(0.002860827 -0.014718134 -0.0029923331)
(0.0020957792 -0.016411791 -0.002726374)
(-0.0010873253 -0.016776815 -2.8498405e-05)
(-0.0017476655 -0.013345947 0.0012034765)
(-0.0020140196 0.01636715 -0.0034853688)
(-0.0038703897 0.015800278 -0.0024627396)
(-0.0051250809 0.015681578 0.00022364844)
(-0.0013316164 0.008461808 0.00076663903)
(0.00057398479 0.0011234559 0.00020779334)
(0.004660573 0.006088454 -0.00016643244)
(0.0074897938 0.015102309 -0.0022804405)
(0.0062436274 0.017962338 -0.0031405444)
(0.00050960821 0.018490127 -0.0052921769)
(0.00048471601 0.016585089 -0.0061968436)
(-4.4391734e-05 0.016335859 -0.0049222631)
(-0.0012636202 0.016995044 -0.0026234763)
(-0.0025135066 0.015802417 0.00046529627)
(0.0039077593 0.0013012276 0.0019692006)
(0.005413225 0.0083752505 0.0029762144)
(0.0071441289 0.017325385 0.0042986062)
(-0.0021347129 0.01982643 0.00174829)
(-0.0063059457 0.015794295 0.0012846471)
(-0.0015662739 -0.0011945412 0.001084368)
(-0.00032519159 -0.0022555065 -0.00073444337)
(0.0054135054 0.01067921 -0.002017832)
(-0.0012208262 0.019095896 -0.0011638785)
(-0.0082684826 0.016142187 -0.0006578932)
(-0.0031523193 0.0017408865 -0.00015627606)
(-0.0028876452 0.0046875284 -0.001744874)
(0.0014880825 0.0024345986 -0.0018621774)
(0.003055035 0.012671151 -0.0043075186)
(0.00382136 0.017392602 -0.0051286242)
(-0.0035875843 0.018118054 -0.00011392473)
(-0.0015123848 0.0090462613 0.0020043004)
(-0.00011953434 0.0029476106 -2.588154e-05)
(9.464363e-05 -0.00085047623 0.0016294015)
(0.0030939252 -0.011017742 -0.00027222928)
(0.0053827029 -0.014548796 -0.0004465917)
(0.00046900725 -0.014666463 -0.0014757666)
(-0.0015536503 -0.013279615 -0.00028194853)
(-0.00016838878 -0.010310163 -0.0026036057)
(0.0019006631 0.0017802182 -0.0036992012)
(0.00064980949 -0.001798736 -0.0018733072)
(0.00047045861 -0.016301779 0.0034801813)
(-0.0015979284 -0.0079589159 -0.0024689402)
(0.0010633533 -0.009006126 -0.0015073508)
(0.0056509215 -0.013136203 0.00025111419)
(0.0056703813 -0.015691938 -0.00065270057)
(-0.0042491583 -0.013658592 -0.0030893093)
(0.0027529713 0.0022332444 -0.00062545223)
(-0.0017220894 0.0071715303 0.0011875018)
(0.004058594 -0.014410203 0.0043191557)
(0.00083693446 -0.014807448 0.0041320383)
(-0.0014966124 -0.015086291 0.00036761252)
(-0.00079635249 -0.014232432 -0.0027037031)
(0.0006926047 0.0049091056 -4.9641881e-05)
(0.0036244194 -0.014167757 0.00069683342)
(0.0032468132 -0.016170084 0.0026225062)
(-0.0040739057 -0.015241164 -0.00035659557)
(-0.0038355618 -0.014288235 0.0016190514)
(-0.0039533295 -0.014970364 0.0015887891)
(0.0014461349 -0.0070285244 0.0014403628)
(-0.00076134437 -0.00055152529 0.00082953597)
(0.0036077471 -0.014633298 -0.0012411098)
(0.00071114742 0.0078071136 0.0012016902)
(0.0034404581 0.0067944086 0.0012791017)
(0.0045188371 0.009868139 -0.00065234416)
(0.0039462124 0.010169873 -0.0025422551)
(0.0017330347 0.010723552 -0.0015776621)
(0.0029884786 0.00075034794 0.0001720548)
(0.0014900841 0.0027178099 -0.0010609885)
(0.0019104952 0.0080016176 -0.0023669473)
(0.0043457491 0.0089527315 0.00023407623)
(0.00055750645 0.012520747 0.0019154915)
(-0.0039926564 0.0074383718 0.00062785635)
(-0.00085779515 -0.0027806398 -0.00031469914)
(0.00057206023 0.0040961549 0.0016554663)
(-0.0004049339 0.011320706 0.00049185968)
(-0.0047604778 0.0096380472 -0.0012419161)
(-0.0021022698 0.0077050202 -0.0022433196)
(0.00056136792 0.010235346 0.00057337777)
(0.0042734183 0.011776341 0.0042636835)
(-0.0015121587 0.0034213174 0.00051434771)
(0.0011289554 -0.004177605 0.00025902215)
(-0.002989814 0.0028060222 -0.0016686777)
(0.0015436685 0.0075455814 -0.00064904278)
(0.004322361 0.01035626 0.00050986041)
(0.0025723145 0.011019786 -0.0001664465)
(-0.0010142226 0.010429349 -0.00032676009)
(1.4199466e-05 -0.0014594982 0.0013580992)
(-0.001685891 -0.0021248148 0.0018775064)
(-0.00083256298 0.0047245489 0.0029677954)
(0.0018804636 0.0078224298 0.0027847558)
(0.0034030081 0.011088229 -0.0008783596)
(0.0016222169 -6.6209252e-08 0.0020488795)
(0.0032108255 -0.0028957245 0.002395487)
(0.0045269141 -0.005069587 0.0021752916)
(0.005560606 -0.0069014518 0.0022940446)
(0.0063344376 -0.0091858241 0.002729845)
(0.0046945947 -0.01067666 0.0028005386)
(-0.0028936319 -0.0083504851 0.0027441415)
(-0.0022223491 -0.00086122169 0.0011506968)
(0.00048130455 -0.00015667946 0.0016767414)
(0.0014275838 -0.00074296395 0.0031202972)
(0.0049335363 -0.0072910864 0.0039277)
(-0.00035038664 -0.010933188 0.0014417313)
(-0.0055449046 -0.0099134722 -0.0022136874)
(-0.0041638164 -0.0063005467 -0.0028425324)
(-0.0040601332 -0.004753957 -0.0032870776)
(-0.002797685 -0.00026370919 -0.0034294031)
(0.00023772459 0.0032959021 -0.0010848697)
(0.0046660695 -0.0019266095 -0.0001578892)
(0.0062111355 -0.0067671478 0.00080184559)
(0.003723926 -0.010557 0.0014760986)
(-0.0039415486 -0.0099674474 0.0012284808)
(-0.00094855956 -0.002044214 -0.0012860673)
(0.0017214925 -0.0086745314 0.0023343085)
(0.0033509818 -0.0072747519 0.0029222034)
(0.0053574544 -0.0084143443 0.0044885863)
(0.0051163624 -0.009194184 0.0045703708)
(-0.00088842647 -0.010929032 0.0013809232)
(-0.0045078375 -0.010087657 -0.0024495781)
(-0.0044562294 -0.0078408823 -0.0034350589)
(-0.0015531181 -0.0051978479 -0.0018026277)
(-0.0030531775 -0.014511685 -0.0011932319)
(-0.00078252239 -0.010675816 -0.0018170866)
(-0.00057603169 -0.016411638 -0.00069490092)
(-0.0027084578 -0.015035128 0.00089175412)
(-0.0035725234 -0.013239592 0.0010596107)
(-0.0029322847 -0.010715107 -0.00044972458)
(0.00076211059 -0.011331006 -0.0015107107)
(0.00082182647 -0.017239376 -0.0019595838)
(-0.0023927226 -0.015097487 -0.0019966786)
(-0.00033844682 -0.011507298 -0.0015084988)
(0.00096650881 -0.012080749 -0.0019785222)
(0.00019952783 -0.012961033 -0.0021191735)
(7.0057098e-05 -0.013952696 -0.0035495196)
(-1.1260553e-05 -0.018566221 -0.00089236761)
(-1.2584707e-05 -0.016518101 0.0015639487)
(-0.00048789282 -0.019413145 0.001080991)
(-0.0012443973 -0.016364965 0.00062813496)
(-0.0041695002 -0.014110226 0.00043582233)
(-0.0019992892 -0.012777304 -0.00014879646)
(0.002060194 -0.011488219 -0.00075891537)
(0.0017462739 -0.017803864 -0.00067350012)
(-0.0011970111 -0.018071238 -0.00024724628)
(-0.0034327168 -0.015620594 0.00014271532)
(-0.0037459021 -0.014019149 0.00011429895)
(-0.0022164956 -0.012702038 -0.00037393036)
(0.0008674983 -0.012625793 -0.0013995676)
(0.0017052354 -0.012573343 -0.0017903717)
(0.0027912556 -0.011988245 -0.0011547203)
(0.0030455648 -0.016031281 -0.0012175262)
(0.00069621767 -0.017428457 -0.0013499194)
(-0.0020403523 0.016393235 -0.0035987581)
(0.0011244062 0.0015056052 -0.00024336641)
(0.0031584759 0.016786602 0.00011118022)
(-0.0037691724 0.016778246 0.0030896134)
(-0.0038318687 0.014372516 0.003069713)
(0.00027778333 0.0026926206 -0.00069090075)
(0.0026495753 0.0020924137 -0.0013211814)
(0.0035396098 0.016705895 -0.003038146)
(-0.0019157626 0.012742506 -0.0028158918)
(0.00084368202 -0.00088590967 0.00046901983)
(0.0020289738 0.0046291588 -0.00015299394)
(0.0035860113 0.0079636655 0.00055732141)
(0.0053753554 0.0078973578 0.00047825427)
(0.0085005998 0.016389886 0.0024801922)
(0.0068050224 0.017808028 0.0034753409)
(0.0037049633 0.020085993 0.0020483589)
(-0.0054569304 0.01805025 0.00038977764)
(-0.0068817667 0.014283227 0.00073309208)
(0.00030679552 -0.00094179579 0.00022476934)
(0.0014618735 0.002396519 -0.0012620644)
(0.0066483383 0.017177759 0.00031932989)
(-0.0017880714 0.019558708 0.00036693829)
(-0.0081462282 0.01644718 0.00077593851)
(-0.0057331401 0.0093888512 0.00070930311)
(-0.0035997342 0.002894337 0.00032460655)
(-9.0693479e-05 0.00084516208 -0.001096765)
(0.00185162 0.0034432722 -0.00091641283)
(0.002808003 0.0032024294 0.0010336691)
(0.0062803075 0.01622635 -0.00058061565)
(0.0043965486 0.018706857 0.00093854801)
(0.0045809826 -0.015792556 0.0033534903)
(-0.001096495 -0.013888436 0.0021187234)
(-0.0022566795 -0.0042535808 -0.0016035524)
(-0.0013573284 0.0026583599 0.00092587391)
(0.0019688883 -0.0108419 -0.0018673634)
(0.002343434 -0.01313593 7.4899233e-05)
(-0.00034095991 -0.013352829 0.0015424668)
(0.0015466207 -0.012028742 0.00038240113)
(0.0045667883 -0.015400406 0.0027162899)
(0.0010622506 -0.014044325 0.0029874332)
(0.00018515551 -0.013348107 0.0031430705)
(0.0032984663 -0.013181 0.00339888)
(0.0013112497 -0.015589037 0.0032098763)
(0.00090158414 -0.010722063 -0.00085825634)
(0.0018323931 0.0013211622 0.0007764314)
(0.0026625118 0.0073823003 -0.00014580947)
(-0.00027593875 0.004402352 0.00042968461)
(0.006249311 -0.013887281 0.0011421509)
(0.0032282409 -0.015357834 0.0014782677)
(-0.0037287489 -0.01350983 -0.0017175049)
(-0.0012610204 -0.010180705 -0.0026880616)
(0.00011941045 0.0064254818 -0.0012201095)
(-0.00064843928 -0.0036043276 -0.00062072696)
(0.002461006 -0.01475072 -9.8851318e-05)
(-0.0014008148 -0.013567287 -0.00030474366)
(-0.00010887734 -0.014320897 0.00026391101)
(-0.00035246665 -0.013472381 0.0020851012)
(-0.0006862453 -0.014723947 0.0040685635)
(-0.0044918522 -0.014732558 0.0023678048)
(0.0031416254 0.0051917085 0.00018226801)
(-0.00064602071 0.012240008 0.0025787869)
(-0.00077157098 0.010226708 -0.00046959487)
(-0.0029342444 0.008911769 -0.0034903736)
(0.0016935034 0.0066600639 -0.0015042189)
(0.0038346866 0.0040349367 2.7928448e-05)
(0.0031010975 -0.00051481592 0.00083451227)
(0.0030129319 -0.0029367969 0.0015414392)
(0.0034484765 0.0032197271 0.0021664002)
(0.0022353655 0.011114667 0.0017016211)
(-0.00090141414 0.0043969711 0.0003364707)
(0.00070957394 -0.003213551 0.001944871)
(0.0012903704 0.0023914316 0.00098797353)
(0.00094491395 0.010502513 0.0010634054)
(-0.0028412634 0.010391147 -0.0012176649)
(-0.0024146785 0.0080467108 -0.00111532)
(0.0004776771 0.011216845 -0.00077567951)
(0.0028385962 0.0086360615 -2.7290351e-05)
(0.0065052619 0.010710233 -0.00038302721)
(-4.0112321e-05 0.010577194 0.0003931636)
(0.0010410828 0.00080208215 -0.00075945516)
(-0.0020673942 0.0028698683 -0.002379691)
(0.001332186 0.0094807352 -0.0013551817)
(0.0038140731 0.0078414016 -0.0017936488)
(0.0017046515 0.0086005716 6.1006207e-05)
(0.00046638561 -0.0012782288 0.00054755273)
(0.0013568801 -0.0048336443 0.00033688283)
(0.00022241023 0.00068111097 0.0016112865)
(0.0027942819 0.0084200424 0.0033952463)
(-0.0032113556 0.011539968 0.0024725303)
(-0.0011119986 0.008489198 -0.0018605586)
(0.0011790684 -0.0089273891 0.0019444463)
(0.0033037867 -0.0096305556 0.0017263654)
(0.0044680693 -0.0083615307 0.0015233291)
(0.0058908021 -0.0078763892 0.0020608291)
(0.0060696464 -0.0094948168 0.0027325409)
(0.004842855 -0.0098442321 0.0027920709)
(0.00017824299 -0.0099464725 0.0032590789)
(-0.0034772458 -0.0080895559 0.003444677)
(-0.00078675754 -0.0055109029 0.0030885544)
(0.0027473748 -0.0079797402 0.0050112034)
(0.0012950791 -0.010407135 0.003365198)
(-0.0048913473 -0.0093353715 -0.00040520098)
(-0.0043793358 -0.0059790373 -0.00063363216)
(-0.0042664158 -0.0051206428 -0.001035908)
(-0.0040258564 -0.00062208531 -0.0013890071)
(-0.001031194 0.0041695957 -0.0017488473)
(0.002679491 0.00028918443 -0.000512091)
(0.0050976831 -0.0034179398 -0.00078838263)
(0.0065150758 -0.0059855044 -0.0011330732)
(0.0071978205 -0.0083107264 -0.0010915875)
(0.00018743027 -0.010599667 -0.00070050556)
(0.00012847574 0.0015601579 -0.0027757496)
(0.0044249296 -0.0022056768 -0.0016168239)
(0.0056294537 -0.0082148676 0.00026218001)
(0.0054927378 -0.0094976127 0.002272178)
(0.0014026633 -0.0098481087 0.0015597401)
(-0.00475294 -0.0078133395 -0.00012463843)
(-0.0042319267 -0.0038280851 -0.00026864042)
(-0.0035528789 -0.0014169308 -0.00081901534)
(-0.00089328456 0.00057566447 -0.0018003425)
)
;

boundaryField
{
    minX
    {
        type            fixedValue;
        value           uniform (0 0 0);
    }
    maxX
    {
        type            fixedValue;
        value           uniform (0 0 0);
    }
    minY
    {
        type            fixedValue;
        value           uniform (0 0.001 0);
    }
    minZ
    {
        type            fixedValue;
        value           uniform (0 0 0);
    }
    maxZ
    {
        type            fixedValue;
        value           uniform (0 0 0);
    }
    bottomWater_to_rightSolid
    {
        type            fixedValue;
        value           uniform (0 0 0);
    }
    bottomWater_to_leftSolid
    {
        type            fixedValue;
        value           uniform (0 0 0);
    }
    bottomWater_to_heater
    {
        type            fixedValue;
        value           uniform (0 0 0);
    }
}


// ************************************************************************* //
