/*--------------------------------*- C++ -*----------------------------------*\
| =========                 |                                                 |
| \\      /  F ield         | OpenFOAM: The Open Source CFD Toolbox           |
|  \\    /   O peration     | Version:  v2012                                 |
|   \\  /    A nd           | Website:  www.openfoam.com                      |
|    \\/     M anipulation  |                                                 |
\*---------------------------------------------------------------------------*/
FoamFile
{
    version     2.0;
    format      ascii;
    class       volScalarField;
    location    "40/topAir";
    object      p;
}
// * * * * * * * * * * * * * * * * * * * * * * * * * * * * * * * * * * * * * //

dimensions      [1 -1 -2 0 0 0 0];


internalField   nonuniform List<scalar> 
1200
(
99999.902
99999.901
99999.9
99999.899
99999.898
99999.897
99999.896
99999.896
99999.895
99999.894
99999.893
99999.892
99999.892
99999.891
99999.89
99999.889
99999.888
99999.887
99999.886
99999.885
99999.884
99999.884
99999.883
99999.883
99999.882
99999.882
99999.882
99999.882
99999.883
99999.884
99999.812
99999.812
99999.811
99999.811
99999.811
99999.811
99999.811
99999.81
99999.81
99999.81
99999.809
99999.809
99999.809
99999.808
99999.808
99999.807
99999.807
99999.806
99999.805
99999.804
99999.804
99999.803
99999.802
99999.802
99999.802
99999.801
99999.801
99999.802
99999.803
99999.804
99999.721
99999.721
99999.721
99999.721
99999.72
99999.72
99999.72
99999.72
99999.72
99999.72
99999.72
99999.719
99999.719
99999.719
99999.719
99999.719
99999.719
99999.718
99999.718
99999.718
99999.718
99999.717
99999.717
99999.717
99999.717
99999.717
99999.718
99999.718
99999.72
99999.721
99999.631
99999.63
99999.63
99999.63
99999.63
99999.629
99999.629
99999.629
99999.629
99999.629
99999.629
99999.629
99999.629
99999.628
99999.628
99999.628
99999.629
99999.629
99999.629
99999.63
99999.631
99999.632
99999.633
99999.634
99999.635
99999.636
99999.637
99999.639
99999.64
99999.641
99999.902
99999.901
99999.9
99999.899
99999.898
99999.897
99999.897
99999.896
99999.895
99999.894
99999.894
99999.893
99999.892
99999.892
99999.891
99999.89
99999.89
99999.889
99999.889
99999.888
99999.887
99999.887
99999.886
99999.885
99999.885
99999.884
99999.883
99999.883
99999.882
99999.882
99999.812
99999.812
99999.811
99999.811
99999.811
99999.811
99999.811
99999.81
99999.81
99999.81
99999.81
99999.809
99999.809
99999.809
99999.808
99999.808
99999.807
99999.807
99999.806
99999.805
99999.805
99999.804
99999.803
99999.802
99999.801
99999.801
99999.8
99999.799
99999.797
99999.794
99999.721
99999.721
99999.721
99999.72
99999.72
99999.72
99999.72
99999.72
99999.72
99999.72
99999.719
99999.719
99999.719
99999.719
99999.719
99999.719
99999.718
99999.718
99999.717
99999.717
99999.716
99999.715
99999.714
99999.714
99999.713
99999.713
99999.713
99999.712
99999.712
99999.711
99999.63
99999.63
99999.63
99999.63
99999.629
99999.629
99999.629
99999.629
99999.629
99999.629
99999.629
99999.629
99999.628
99999.628
99999.628
99999.628
99999.628
99999.628
99999.628
99999.628
99999.628
99999.628
99999.628
99999.629
99999.629
99999.63
99999.63
99999.631
99999.633
99999.634
99999.901
99999.901
99999.9
99999.899
99999.898
99999.897
99999.897
99999.896
99999.895
99999.894
99999.894
99999.893
99999.892
99999.892
99999.891
99999.891
99999.89
99999.89
99999.889
99999.889
99999.888
99999.888
99999.888
99999.887
99999.886
99999.886
99999.885
99999.884
99999.883
99999.882
99999.812
99999.811
99999.811
99999.811
99999.811
99999.811
99999.811
99999.81
99999.81
99999.81
99999.81
99999.809
99999.809
99999.809
99999.808
99999.808
99999.808
99999.807
99999.807
99999.807
99999.806
99999.806
99999.805
99999.804
99999.803
99999.802
99999.801
99999.8
99999.798
99999.793
99999.721
99999.721
99999.721
99999.72
99999.72
99999.72
99999.72
99999.72
99999.72
99999.72
99999.719
99999.719
99999.719
99999.719
99999.719
99999.719
99999.719
99999.718
99999.718
99999.718
99999.718
99999.717
99999.717
99999.716
99999.715
99999.714
99999.713
99999.712
99999.711
99999.707
99999.63
99999.63
99999.63
99999.63
99999.629
99999.629
99999.629
99999.629
99999.629
99999.629
99999.629
99999.629
99999.628
99999.628
99999.628
99999.628
99999.628
99999.628
99999.628
99999.628
99999.628
99999.628
99999.628
99999.628
99999.628
99999.628
99999.628
99999.628
99999.629
99999.629
99999.901
99999.901
99999.9
99999.899
99999.898
99999.897
99999.897
99999.896
99999.895
99999.894
99999.894
99999.893
99999.892
99999.892
99999.891
99999.891
99999.89
99999.889
99999.889
99999.888
99999.888
99999.887
99999.887
99999.886
99999.886
99999.885
99999.885
99999.884
99999.884
99999.884
99999.811
99999.811
99999.811
99999.811
99999.811
99999.811
99999.811
99999.81
99999.81
99999.81
99999.81
99999.809
99999.809
99999.809
99999.808
99999.808
99999.808
99999.808
99999.807
99999.807
99999.807
99999.806
99999.806
99999.805
99999.805
99999.804
99999.803
99999.802
99999.801
99999.798
99999.721
99999.721
99999.721
99999.72
99999.72
99999.72
99999.72
99999.72
99999.72
99999.72
99999.72
99999.719
99999.719
99999.719
99999.719
99999.719
99999.719
99999.718
99999.718
99999.718
99999.718
99999.718
99999.718
99999.717
99999.717
99999.716
99999.715
99999.714
99999.712
99999.707
99999.63
99999.63
99999.63
99999.63
99999.629
99999.629
99999.629
99999.629
99999.629
99999.629
99999.629
99999.629
99999.628
99999.628
99999.628
99999.628
99999.628
99999.628
99999.628
99999.628
99999.628
99999.628
99999.628
99999.628
99999.628
99999.628
99999.628
99999.628
99999.628
99999.627
99999.901
99999.901
99999.9
99999.899
99999.898
99999.897
99999.897
99999.896
99999.895
99999.894
99999.894
99999.893
99999.892
99999.892
99999.891
99999.891
99999.89
99999.889
99999.889
99999.888
99999.888
99999.887
99999.887
99999.886
99999.886
99999.885
99999.884
99999.884
99999.884
99999.885
99999.811
99999.811
99999.811
99999.811
99999.811
99999.811
99999.811
99999.81
99999.81
99999.81
99999.81
99999.809
99999.809
99999.809
99999.808
99999.808
99999.808
99999.808
99999.807
99999.807
99999.807
99999.807
99999.806
99999.806
99999.805
99999.805
99999.804
99999.804
99999.804
99999.802
99999.721
99999.721
99999.721
99999.72
99999.72
99999.72
99999.72
99999.72
99999.72
99999.72
99999.72
99999.719
99999.719
99999.719
99999.719
99999.719
99999.719
99999.719
99999.718
99999.718
99999.718
99999.718
99999.718
99999.718
99999.718
99999.717
99999.717
99999.716
99999.714
99999.709
99999.63
99999.63
99999.63
99999.63
99999.629
99999.629
99999.629
99999.629
99999.629
99999.629
99999.629
99999.629
99999.628
99999.628
99999.628
99999.628
99999.628
99999.628
99999.628
99999.628
99999.628
99999.628
99999.628
99999.628
99999.628
99999.628
99999.628
99999.628
99999.628
99999.625
99999.901
99999.901
99999.9
99999.899
99999.898
99999.897
99999.897
99999.896
99999.895
99999.894
99999.894
99999.893
99999.892
99999.892
99999.891
99999.891
99999.89
99999.889
99999.889
99999.888
99999.888
99999.887
99999.887
99999.886
99999.886
99999.885
99999.884
99999.884
99999.884
99999.885
99999.811
99999.811
99999.811
99999.811
99999.811
99999.811
99999.811
99999.81
99999.81
99999.81
99999.81
99999.809
99999.809
99999.809
99999.808
99999.808
99999.808
99999.808
99999.807
99999.807
99999.807
99999.807
99999.806
99999.806
99999.805
99999.805
99999.804
99999.804
99999.804
99999.802
99999.721
99999.721
99999.721
99999.72
99999.72
99999.72
99999.72
99999.72
99999.72
99999.72
99999.72
99999.719
99999.719
99999.719
99999.719
99999.719
99999.719
99999.719
99999.718
99999.718
99999.718
99999.718
99999.718
99999.718
99999.718
99999.717
99999.717
99999.716
99999.714
99999.709
99999.63
99999.63
99999.63
99999.63
99999.629
99999.629
99999.629
99999.629
99999.629
99999.629
99999.629
99999.629
99999.628
99999.628
99999.628
99999.628
99999.628
99999.628
99999.628
99999.628
99999.628
99999.628
99999.628
99999.628
99999.628
99999.628
99999.628
99999.628
99999.628
99999.625
99999.901
99999.901
99999.9
99999.899
99999.898
99999.897
99999.897
99999.896
99999.895
99999.894
99999.894
99999.893
99999.892
99999.892
99999.891
99999.891
99999.89
99999.889
99999.889
99999.888
99999.888
99999.887
99999.887
99999.886
99999.886
99999.885
99999.885
99999.884
99999.884
99999.884
99999.811
99999.811
99999.811
99999.811
99999.811
99999.811
99999.811
99999.81
99999.81
99999.81
99999.81
99999.809
99999.809
99999.809
99999.808
99999.808
99999.808
99999.808
99999.807
99999.807
99999.807
99999.806
99999.806
99999.805
99999.805
99999.804
99999.803
99999.802
99999.801
99999.798
99999.721
99999.721
99999.721
99999.72
99999.72
99999.72
99999.72
99999.72
99999.72
99999.72
99999.72
99999.719
99999.719
99999.719
99999.719
99999.719
99999.719
99999.718
99999.718
99999.718
99999.718
99999.718
99999.718
99999.717
99999.717
99999.716
99999.715
99999.714
99999.712
99999.707
99999.63
99999.63
99999.63
99999.63
99999.629
99999.629
99999.629
99999.629
99999.629
99999.629
99999.629
99999.629
99999.628
99999.628
99999.628
99999.628
99999.628
99999.628
99999.628
99999.628
99999.628
99999.628
99999.628
99999.628
99999.628
99999.628
99999.628
99999.628
99999.628
99999.627
99999.901
99999.901
99999.9
99999.899
99999.898
99999.897
99999.897
99999.896
99999.895
99999.894
99999.894
99999.893
99999.892
99999.892
99999.891
99999.891
99999.89
99999.89
99999.889
99999.889
99999.888
99999.888
99999.888
99999.887
99999.886
99999.886
99999.885
99999.884
99999.883
99999.882
99999.812
99999.811
99999.811
99999.811
99999.811
99999.811
99999.811
99999.81
99999.81
99999.81
99999.81
99999.809
99999.809
99999.809
99999.808
99999.808
99999.808
99999.807
99999.807
99999.807
99999.806
99999.806
99999.805
99999.804
99999.803
99999.802
99999.801
99999.8
99999.798
99999.793
99999.721
99999.721
99999.721
99999.72
99999.72
99999.72
99999.72
99999.72
99999.72
99999.72
99999.719
99999.719
99999.719
99999.719
99999.719
99999.719
99999.719
99999.718
99999.718
99999.718
99999.718
99999.717
99999.717
99999.716
99999.715
99999.714
99999.713
99999.712
99999.711
99999.707
99999.63
99999.63
99999.63
99999.63
99999.629
99999.629
99999.629
99999.629
99999.629
99999.629
99999.629
99999.629
99999.628
99999.628
99999.628
99999.628
99999.628
99999.628
99999.628
99999.628
99999.628
99999.628
99999.628
99999.628
99999.628
99999.628
99999.628
99999.628
99999.629
99999.629
99999.902
99999.901
99999.9
99999.899
99999.898
99999.897
99999.897
99999.896
99999.895
99999.894
99999.894
99999.893
99999.892
99999.892
99999.891
99999.89
99999.89
99999.889
99999.889
99999.888
99999.887
99999.887
99999.886
99999.885
99999.885
99999.884
99999.883
99999.883
99999.882
99999.882
99999.812
99999.812
99999.811
99999.811
99999.811
99999.811
99999.811
99999.81
99999.81
99999.81
99999.81
99999.809
99999.809
99999.809
99999.808
99999.808
99999.807
99999.807
99999.806
99999.805
99999.805
99999.804
99999.803
99999.802
99999.801
99999.801
99999.8
99999.799
99999.797
99999.794
99999.721
99999.721
99999.721
99999.72
99999.72
99999.72
99999.72
99999.72
99999.72
99999.72
99999.719
99999.719
99999.719
99999.719
99999.719
99999.719
99999.718
99999.718
99999.717
99999.717
99999.716
99999.715
99999.714
99999.714
99999.713
99999.713
99999.713
99999.712
99999.712
99999.711
99999.63
99999.63
99999.63
99999.63
99999.629
99999.629
99999.629
99999.629
99999.629
99999.629
99999.629
99999.629
99999.628
99999.628
99999.628
99999.628
99999.628
99999.628
99999.628
99999.628
99999.628
99999.628
99999.628
99999.629
99999.629
99999.63
99999.63
99999.631
99999.633
99999.634
99999.902
99999.901
99999.9
99999.899
99999.898
99999.897
99999.896
99999.896
99999.895
99999.894
99999.893
99999.892
99999.892
99999.891
99999.89
99999.889
99999.888
99999.887
99999.886
99999.885
99999.884
99999.884
99999.883
99999.883
99999.882
99999.882
99999.882
99999.882
99999.883
99999.884
99999.812
99999.812
99999.811
99999.811
99999.811
99999.811
99999.811
99999.81
99999.81
99999.81
99999.809
99999.809
99999.809
99999.808
99999.808
99999.807
99999.807
99999.806
99999.805
99999.804
99999.804
99999.803
99999.802
99999.802
99999.802
99999.801
99999.801
99999.802
99999.803
99999.804
99999.721
99999.721
99999.721
99999.721
99999.72
99999.72
99999.72
99999.72
99999.72
99999.72
99999.72
99999.719
99999.719
99999.719
99999.719
99999.719
99999.719
99999.718
99999.718
99999.718
99999.718
99999.717
99999.717
99999.717
99999.717
99999.717
99999.718
99999.718
99999.72
99999.721
99999.631
99999.63
99999.63
99999.63
99999.63
99999.629
99999.629
99999.629
99999.629
99999.629
99999.629
99999.629
99999.629
99999.628
99999.628
99999.628
99999.629
99999.629
99999.629
99999.63
99999.631
99999.632
99999.633
99999.634
99999.635
99999.636
99999.637
99999.639
99999.64
99999.641
)
;

boundaryField
{
    maxY
    {
        type            calculated;
        value           nonuniform List<scalar> 
300
(
99999.585
99999.585
99999.585
99999.585
99999.585
99999.585
99999.585
99999.585
99999.585
99999.585
99999.585
99999.585
99999.584
99999.584
99999.584
99999.584
99999.584
99999.584
99999.585
99999.585
99999.584
99999.584
99999.584
99999.584
99999.584
99999.584
99999.584
99999.584
99999.584
99999.584
99999.584
99999.584
99999.584
99999.584
99999.584
99999.584
99999.584
99999.584
99999.584
99999.584
99999.584
99999.584
99999.584
99999.584
99999.584
99999.584
99999.584
99999.584
99999.584
99999.584
99999.584
99999.584
99999.584
99999.584
99999.584
99999.584
99999.584
99999.584
99999.584
99999.584
99999.584
99999.584
99999.584
99999.584
99999.584
99999.584
99999.584
99999.584
99999.584
99999.584
99999.584
99999.584
99999.584
99999.584
99999.584
99999.584
99999.584
99999.584
99999.584
99999.584
99999.584
99999.583
99999.583
99999.583
99999.583
99999.583
99999.583
99999.583
99999.583
99999.584
99999.583
99999.583
99999.583
99999.583
99999.583
99999.583
99999.583
99999.583
99999.583
99999.583
99999.583
99999.583
99999.583
99999.583
99999.583
99999.583
99999.583
99999.583
99999.583
99999.583
99999.583
99999.583
99999.583
99999.583
99999.583
99999.583
99999.583
99999.583
99999.583
99999.583
99999.583
99999.583
99999.583
99999.583
99999.583
99999.583
99999.583
99999.583
99999.583
99999.583
99999.583
99999.583
99999.583
99999.583
99999.583
99999.583
99999.583
99999.583
99999.583
99999.583
99999.583
99999.583
99999.583
99999.583
99999.583
99999.583
99999.583
99999.583
99999.583
99999.583
99999.583
99999.583
99999.583
99999.583
99999.583
99999.583
99999.583
99999.583
99999.583
99999.583
99999.583
99999.583
99999.582
99999.582
99999.583
99999.583
99999.582
99999.582
99999.583
99999.583
99999.584
99999.583
99999.582
99999.582
99999.582
99999.582
99999.582
99999.582
99999.583
99999.584
99999.584
99999.583
99999.582
99999.582
99999.582
99999.582
99999.582
99999.582
99999.583
99999.584
99999.586
99999.583
99999.582
99999.582
99999.582
99999.582
99999.582
99999.582
99999.583
99999.586
99999.587
99999.583
99999.582
99999.582
99999.582
99999.582
99999.582
99999.582
99999.583
99999.587
99999.589
99999.584
99999.583
99999.582
99999.582
99999.582
99999.582
99999.583
99999.584
99999.589
99999.59
99999.585
99999.583
99999.583
99999.582
99999.582
99999.583
99999.583
99999.585
99999.59
99999.592
99999.585
99999.584
99999.583
99999.583
99999.583
99999.583
99999.584
99999.585
99999.592
99999.593
99999.586
99999.584
99999.583
99999.583
99999.583
99999.583
99999.584
99999.586
99999.593
99999.595
99999.588
99999.585
99999.584
99999.583
99999.583
99999.584
99999.585
99999.588
99999.595
99999.596
99999.589
99999.586
99999.585
99999.584
99999.584
99999.585
99999.586
99999.589
99999.596
99999.598
99999.59
99999.586
99999.585
99999.584
99999.584
99999.585
99999.586
99999.59
99999.598
99999.6
99999.592
99999.587
99999.586
99999.585
99999.585
99999.586
99999.587
99999.592
99999.6
99999.601
99999.594
99999.588
99999.585
99999.583
99999.583
99999.585
99999.588
99999.594
99999.601
)
;
    }
    minX
    {
        type            calculated;
        value           nonuniform List<scalar> 
40
(
99999.902
99999.812
99999.721
99999.631
99999.902
99999.812
99999.721
99999.63
99999.901
99999.812
99999.721
99999.63
99999.901
99999.811
99999.721
99999.63
99999.901
99999.811
99999.721
99999.63
99999.901
99999.811
99999.721
99999.63
99999.901
99999.811
99999.721
99999.63
99999.901
99999.812
99999.721
99999.63
99999.902
99999.812
99999.721
99999.63
99999.902
99999.812
99999.721
99999.631
)
;
    }
    maxX
    {
        type            calculated;
        value           nonuniform List<scalar> 
40
(
99999.887
99999.806
99999.724
99999.641
99999.884
99999.787
99999.71
99999.635
99999.883
99999.785
99999.702
99999.632
99999.889
99999.793
99999.697
99999.626
99999.892
99999.802
99999.7
99999.617
99999.892
99999.802
99999.7
99999.617
99999.889
99999.793
99999.697
99999.626
99999.883
99999.785
99999.702
99999.632
99999.884
99999.787
99999.71
99999.635
99999.887
99999.806
99999.724
99999.641
)
;
    }
    minZ
    {
        type            calculated;
        value           nonuniform List<scalar> 
120
(
99999.902
99999.812
99999.721
99999.631
99999.901
99999.812
99999.721
99999.63
99999.9
99999.811
99999.721
99999.63
99999.899
99999.811
99999.721
99999.63
99999.898
99999.811
99999.72
99999.63
99999.897
99999.811
99999.72
99999.629
99999.896
99999.811
99999.72
99999.629
99999.896
99999.81
99999.72
99999.629
99999.895
99999.81
99999.72
99999.629
99999.894
99999.81
99999.72
99999.629
99999.893
99999.809
99999.72
99999.629
99999.892
99999.809
99999.719
99999.629
99999.892
99999.809
99999.719
99999.629
99999.891
99999.808
99999.719
99999.628
99999.89
99999.808
99999.719
99999.628
99999.889
99999.807
99999.719
99999.628
99999.888
99999.807
99999.719
99999.629
99999.887
99999.806
99999.718
99999.629
99999.886
99999.805
99999.718
99999.629
99999.885
99999.804
99999.718
99999.63
99999.884
99999.804
99999.718
99999.631
99999.884
99999.803
99999.717
99999.632
99999.883
99999.802
99999.717
99999.633
99999.883
99999.802
99999.717
99999.634
99999.882
99999.802
99999.717
99999.635
99999.882
99999.801
99999.717
99999.636
99999.882
99999.801
99999.718
99999.637
99999.882
99999.802
99999.718
99999.639
99999.883
99999.803
99999.72
99999.64
99999.884
99999.804
99999.721
99999.641
)
;
    }
    maxZ
    {
        type            calculated;
        value           nonuniform List<scalar> 
120
(
99999.902
99999.812
99999.721
99999.631
99999.901
99999.812
99999.721
99999.63
99999.9
99999.811
99999.721
99999.63
99999.899
99999.811
99999.721
99999.63
99999.898
99999.811
99999.72
99999.63
99999.897
99999.811
99999.72
99999.629
99999.896
99999.811
99999.72
99999.629
99999.896
99999.81
99999.72
99999.629
99999.895
99999.81
99999.72
99999.629
99999.894
99999.81
99999.72
99999.629
99999.893
99999.809
99999.72
99999.629
99999.892
99999.809
99999.719
99999.629
99999.892
99999.809
99999.719
99999.629
99999.891
99999.808
99999.719
99999.628
99999.89
99999.808
99999.719
99999.628
99999.889
99999.807
99999.719
99999.628
99999.888
99999.807
99999.719
99999.629
99999.887
99999.806
99999.718
99999.629
99999.886
99999.805
99999.718
99999.629
99999.885
99999.804
99999.718
99999.63
99999.884
99999.804
99999.718
99999.631
99999.884
99999.803
99999.717
99999.632
99999.883
99999.802
99999.717
99999.633
99999.883
99999.802
99999.717
99999.634
99999.882
99999.802
99999.717
99999.635
99999.882
99999.801
99999.717
99999.636
99999.882
99999.801
99999.718
99999.637
99999.882
99999.802
99999.718
99999.639
99999.883
99999.803
99999.72
99999.64
99999.884
99999.804
99999.721
99999.641
)
;
    }
    topAir_to_rightSolid
    {
        type            calculated;
        value           nonuniform List<scalar> 
130
(
99999.925
99999.924
99999.923
99999.922
99999.921
99999.921
99999.92
99999.92
99999.92
99999.92
99999.92
99999.92
99999.921
99999.928
99999.927
99999.927
99999.926
99999.926
99999.925
99999.925
99999.924
99999.923
99999.923
99999.922
99999.921
99999.92
99999.928
99999.928
99999.927
99999.927
99999.927
99999.927
99999.926
99999.926
99999.925
99999.925
99999.924
99999.922
99999.921
99999.927
99999.927
99999.926
99999.925
99999.925
99999.924
99999.924
99999.923
99999.923
99999.922
99999.922
99999.921
99999.921
99999.927
99999.927
99999.926
99999.925
99999.924
99999.924
99999.923
99999.922
99999.922
99999.921
99999.92
99999.921
99999.921
99999.927
99999.927
99999.926
99999.925
99999.924
99999.924
99999.923
99999.922
99999.922
99999.921
99999.92
99999.921
99999.921
99999.927
99999.927
99999.926
99999.925
99999.925
99999.924
99999.924
99999.923
99999.923
99999.922
99999.922
99999.921
99999.921
99999.928
99999.928
99999.927
99999.927
99999.927
99999.927
99999.926
99999.926
99999.925
99999.925
99999.924
99999.922
99999.921
99999.928
99999.927
99999.927
99999.926
99999.926
99999.925
99999.925
99999.924
99999.923
99999.923
99999.922
99999.921
99999.92
99999.925
99999.924
99999.923
99999.922
99999.921
99999.921
99999.92
99999.92
99999.92
99999.92
99999.92
99999.92
99999.921
)
;
    }
    topAir_to_heater
    {
        type            calculated;
        value           nonuniform List<scalar> 
40
(
99999.929
99999.928
99999.927
99999.926
99999.93
99999.93
99999.929
99999.928
99999.93
99999.93
99999.929
99999.928
99999.93
99999.929
99999.929
99999.928
99999.93
99999.93
99999.929
99999.928
99999.93
99999.93
99999.929
99999.928
99999.93
99999.929
99999.929
99999.928
99999.93
99999.93
99999.929
99999.928
99999.93
99999.93
99999.929
99999.928
99999.929
99999.928
99999.927
99999.926
)
;
    }
    topAir_to_leftSolid
    {
        type            calculated;
        value           nonuniform List<scalar> 
130
(
99999.946
99999.945
99999.943
99999.941
99999.94
99999.939
99999.937
99999.936
99999.935
99999.934
99999.932
99999.931
99999.93
99999.946
99999.945
99999.943
99999.941
99999.94
99999.939
99999.937
99999.936
99999.935
99999.934
99999.933
99999.932
99999.931
99999.946
99999.944
99999.943
99999.941
99999.94
99999.939
99999.937
99999.936
99999.935
99999.934
99999.933
99999.932
99999.931
99999.946
99999.944
99999.943
99999.941
99999.94
99999.939
99999.937
99999.936
99999.935
99999.934
99999.933
99999.932
99999.931
99999.946
99999.944
99999.943
99999.941
99999.94
99999.939
99999.937
99999.936
99999.935
99999.934
99999.933
99999.932
99999.931
99999.946
99999.944
99999.943
99999.941
99999.94
99999.939
99999.937
99999.936
99999.935
99999.934
99999.933
99999.932
99999.931
99999.946
99999.944
99999.943
99999.941
99999.94
99999.939
99999.937
99999.936
99999.935
99999.934
99999.933
99999.932
99999.931
99999.946
99999.944
99999.943
99999.941
99999.94
99999.939
99999.937
99999.936
99999.935
99999.934
99999.933
99999.932
99999.931
99999.946
99999.945
99999.943
99999.941
99999.94
99999.939
99999.937
99999.936
99999.935
99999.934
99999.933
99999.932
99999.931
99999.946
99999.945
99999.943
99999.941
99999.94
99999.939
99999.937
99999.936
99999.935
99999.934
99999.932
99999.931
99999.93
)
;
    }
}


// ************************************************************************* //
