/*--------------------------------*- C++ -*----------------------------------*\
| =========                 |                                                 |
| \\      /  F ield         | OpenFOAM: The Open Source CFD Toolbox           |
|  \\    /   O peration     | Version:  v2012                                 |
|   \\  /    A nd           | Website:  www.openfoam.com                      |
|    \\/     M anipulation  |                                                 |
\*---------------------------------------------------------------------------*/
FoamFile
{
    version     2.0;
    format      ascii;
    class       surfaceScalarField;
    location    "620/bottomWater";
    object      phi;
}
// * * * * * * * * * * * * * * * * * * * * * * * * * * * * * * * * * * * * * //

dimensions      [1 0 -1 0 0 0 0];
oriented        oriented;


internalField   nonuniform List<scalar> 
3858
(
-0.00016075969
0.00016135038
7.4936977e-06
-3.9079243e-05
-0.00021006936
9.3696434e-05
8.8689119e-05
-0.00016587018
4.0240684e-05
2.3804092e-05
3.9881236e-05
2.7266894e-05
-7.2052172e-05
3.3916244e-05
6.580377e-05
1.2807123e-05
-0.00017202841
8.8339704e-05
-0.00013535046
0.0001158872
3.9754185e-05
-0.00028476911
0.00013252486
2.0767293e-05
-0.00038171115
9.4955421e-05
7.7740328e-06
-0.00029645894
-0.00012057717
3.8819726e-05
-0.00016927596
-0.00015001313
2.495005e-05
-0.00021335332
8.2441523e-05
-3.1995566e-05
-3.660644e-05
-0.00014700659
-2.7822786e-05
0.00010604355
-0.00019448603
5.3703599e-05
0.00011378891
-5.5324509e-06
-1.040812e-06
3.6390116e-05
8.0414038e-05
-2.2129454e-06
-0.00015176809
0.00016759304
2.2062908e-05
-0.00022680116
0.00010265899
-2.5481374e-05
-6.9955474e-05
-0.00017432389
1.6622855e-05
6.9925515e-05
-0.00016434566
2.3750678e-05
0.00018572325
-0.00014800772
2.9411156e-05
0.00015989553
7.4695856e-05
-4.9348024e-05
0.00010787823
0.00013375357
-8.1978128e-05
2.2041612e-06
0.00017618397
-7.136887e-05
-0.00010101394
0.00016082255
-5.836592e-05
-0.00016824468
0.00014965829
-8.4063904e-05
-0.00021964954
3.9983346e-05
1.2282694e-05
2.4032154e-05
-0.00034010018
9.2210592e-05
0.00011652159
-0.00024098025
0.00014653132
4.8566733e-05
6.639347e-05
-1.5586652e-05
4.8188836e-05
0.0001287482
0.00023779925
-0.00056766741
0.00010421216
0.00043162732
-0.00036887685
9.1786012e-06
6.0601469e-05
0.00047189231
-6.098523e-05
-0.00026026884
0.0003375144
1.7272161e-05
-2.400869e-05
-0.00050605402
9.7765453e-05
-5.4727696e-05
3.5112631e-05
0.00011149358
-0.0003475999
0.00041920469
6.1923749e-06
-0.00056149849
0.00030809009
7.6392072e-07
-0.000394712
-0.0003771157
8.9752042e-05
-0.00020432943
-0.00040236361
6.1967905e-05
-0.00014239594
4.3176501e-05
-2.2668469e-05
6.235195e-05
-0.00034801438
-3.7401067e-06
0.00031240556
-0.00049019659
4.5656954e-05
0.00045205289
-7.3511433e-05
-7.1668337e-05
0.00027404462
0.00033583913
-7.7416816e-05
-0.00019434801
0.00060542373
3.0561953e-05
-0.00023960141
6.4760288e-08
0.00014784763
-3.2531362e-05
-0.00050320482
0.00012181088
8.1926968e-05
-0.00044960451
0.00017080051
0.00029771712
-0.00044613884
8.2340953e-05
0.00038878359
3.8169788e-05
-5.4540428e-05
0.00040133468
0.00022848626
-0.00010728379
0.00015149217
0.00052915294
-0.00010312647
-0.00018704326
0.00056147612
-6.2118157e-05
-0.00041734689
0.00045447369
-7.4511774e-05
-0.0002848267
-6.8260902e-05
-2.4275931e-05
5.0176379e-05
-0.00070714342
3.2040162e-05
0.00023708763
-0.00056740731
0.00013951583
9.895908e-05
0.00018669529
0.00041958088
-0.00036496492
-6.4271193e-06
0.00011769801
-0.00014497104
-0.0001208135
-0.00011649433
-8.0963217e-05
-5.3721284e-05
-8.7874677e-05
0.00037287051
7.040215e-05
-8.5638981e-05
0.00027989038
5.5388331e-05
-0.00036140729
-9.6435494e-05
-0.00013385021
-0.00030010833
-3.0423245e-05
4.2369267e-06
-7.3663395e-05
0.00018004703
1.2712722e-05
4.3838365e-05
0.00018453887
6.0494575e-06
-0.00010711868
-0.00013311264
-9.3046016e-05
-0.00035960512
-0.00010562255
-4.4254614e-05
-9.8206731e-05
-0.00021913853
9.1663409e-07
1.6965697e-05
-0.00044549061
-1.7696198e-05
-6.4972141e-05
-0.00041672461
8.4658628e-06
2.2324997e-05
-0.00020537184
4.4563267e-05
0.00011279732
0.00018908836
5.6278455e-05
0.00016481096
0.00050020546
5.3204624e-05
0.00020080068
-5.9873449e-05
2.3948491e-05
7.854634e-05
-0.00032808943
-5.2861061e-05
3.9759038e-05
-0.00044271636
3.1899131e-05
-0.00021060823
-0.00015185778
-4.3913823e-05
-0.00011634397
-0.00010688093
5.0786425e-05
2.2057936e-05
5.5997028e-05
3.4087289e-05
-1.6005333e-06
0.0004273574
0.00012545398
-1.9522934e-05
0.00053049681
4.8901698e-05
0.0001926417
0.0003546182
-0.00011230915
0.00036221142
-6.3908461e-05
-0.00017392215
-3.7346018e-05
-0.00011024725
-0.00019733871
-0.00031923625
-0.00027149776
-1.40193e-05
-0.00030034117
8.0064022e-05
8.7160089e-05
-0.00040987417
-4.225083e-05
-1.0759847e-05
-4.5512201e-06
-4.2499875e-05
-0.00022874204
0.00015599203
-1.8973056e-05
-3.0988556e-05
8.0774153e-05
9.4342885e-05
5.4727467e-05
0.00017562128
1.8553086e-05
-0.00015443715
0.0002054733
-9.2744162e-05
-0.00030004871
7.6496446e-05
3.8691869e-05
6.2147011e-05
-0.0001870554
4.9067214e-06
0.00033420753
-0.0001055896
1.8067954e-05
0.00013165566
0.00010263945
-3.3200223e-05
-9.9306583e-05
0.00021572659
-9.03869e-05
-0.00012036909
-0.0001106213
-8.7454726e-05
-8.8705597e-05
-0.00043100358
-4.6150525e-05
-0.00010439793
-0.00040769525
6.6629682e-06
-0.00021228886
-0.0001137692
1.62883e-05
-0.00010371443
2.6997684e-06
7.7814165e-05
0.00018262445
0.00012975775
8.4108833e-05
5.0976606e-05
0.00022878315
-0.00015700876
-1.4992521e-05
-0.00022794623
-3.4174078e-05
1.0072153e-05
-0.00045303835
-1.474271e-05
-0.00013337999
-5.3134315e-06
-3.0922354e-06
-0.00029250787
0.0001205766
-6.8329691e-05
-0.00023497346
6.1659305e-07
-2.1540176e-06
-8.2777224e-05
0.00017186006
0.00010330107
6.9473035e-05
0.00031703989
6.1206637e-05
0.00036539219
0.00015107495
-9.2375899e-05
0.00027114949
0.00016199194
-0.0001316577
0.00011327184
0.00012353332
-7.5902887e-05
1.1680345e-05
-0.00022390848
5.400225e-05
-0.00035141102
6.2750206e-05
-0.00039474435
-1.5129816e-05
-0.000390512
-8.7835649e-06
-0.00020482165
-2.9698315e-05
-0.0001138816
-1.0165893e-05
2.9670605e-05
3.2069081e-05
0.00026609159
-3.0947676e-05
0.0003611948
-1.860677e-05
0.0001753661
-1.2266877e-06
4.5107489e-05
2.4669005e-05
0.00012151706
2.6229877e-05
0.00030722766
3.0015982e-05
0.00020570092
-9.0945578e-06
-0.00014479329
-8.0509373e-05
-0.00038722122
-0.00016526731
-0.00035403582
-0.0001469546
-0.00025944901
-9.1887036e-05
-8.178275e-05
-4.7908501e-05
0.00019715973
-5.0159333e-05
7.9490037e-05
-0.00011027656
-0.00025362808
-0.00011992025
-0.00022201768
-3.6923856e-05
-0.00014684381
4.5402696e-05
-0.0002510608
0.00010483355
-0.00016759247
8.8391712e-05
3.5741701e-05
0.00011370571
0.00022369379
-3.6877133e-05
0.00037503031
1.0655438e-05
0.00047554869
2.3014958e-05
0.00033083717
-7.9196937e-05
-2.0573838e-05
-0.00011688886
0.00014875719
-1.8414236e-05
-0.00021953997
0.00016030876
4.4996252e-05
5.6942927e-05
-0.00033707834
0.00010225561
0.000164789
-6.1225646e-05
-1.8191946e-05
8.508593e-05
0.00010358793
4.4583772e-05
-1.8502573e-05
0.00011291943
8.2073469e-05
-0.00012047165
0.00012873853
1.6110391e-05
-0.00019773764
0.00015074594
-4.9500904e-05
-0.00028708777
0.00017151075
-7.0382374e-05
-0.00032855805
8.2432946e-05
1.9652565e-06
-0.00022732995
-0.00011210196
3.7893636e-05
-8.631222e-05
-0.00016811702
-1.0448571e-06
4.1239767e-05
-0.0001868826
3.216927e-05
-5.0669598e-05
9.9323065e-05
4.8722568e-05
5.1169616e-05
-0.00017202236
6.8628318e-05
0.0001916961
-0.00026540288
0.00012214695
4.9119342e-05
7.6930035e-05
8.8698156e-05
-9.2213565e-05
0.00013994576
-2.5027933e-05
-0.00018242322
0.00012989266
-2.3622011e-05
-0.00024960574
0.00010596593
-1.5649572e-05
-0.00020667394
-2.9480513e-05
1.418382e-05
3.9364102e-05
-0.00028954861
-9.2405467e-06
0.00024597741
-0.00024431886
-4.6129685e-05
0.00023779527
1.7944914e-05
-8.154381e-05
0.00011526537
0.00016600225
-0.00010129117
6.6084525e-06
0.00016115086
-0.00013821158
-0.00011059323
0.00017280858
-4.3126044e-05
-3.3945817e-05
1.0810691e-05
4.7087434e-06
-3.3905246e-06
0.00010400369
1.1923208e-05
0.00014919979
-8.7227922e-05
-0.00015053023
0.00029775267
0.00013028295
-4.5252355e-05
1.3344698e-05
0.00014589834
0.0002976794
-0.00073601793
6.5186425e-05
0.00037190387
-0.00012884347
-6.7591871e-05
9.5973873e-05
0.00047673568
-7.9945581e-05
-6.7521605e-05
0.00027607715
9.8103218e-05
-9.4750361e-05
0.00028861532
-2.1154448e-05
-0.00034252067
0.00058633872
-0.00018163009
-0.00056675546
0.00057258016
-0.0001760707
-0.00046654726
2.6063518e-05
4.5913271e-05
-0.00026037275
-0.00036072207
0.0001044135
-4.6801104e-05
-0.00043160811
2.7250973e-05
0.00013604755
-0.00039024652
1.6775146e-05
5.7966267e-05
0.00022900508
-5.9437685e-06
0.00016618877
-0.00038339277
3.1479583e-05
0.00037362409
-0.00065757443
0.00010731942
0.00035899943
1.2982976e-05
0.00010913368
2.602361e-05
0.00057222081
4.8548404e-05
-0.00027884045
0.00048203812
7.4529479e-05
-0.00038594101
0.00025349131
0.00013037568
-0.00026256422
-0.00015702929
8.6512931e-05
2.0781187e-05
-0.00064233833
1.4903858e-05
0.0002927155
-0.00059698614
-2.6550845e-05
0.00039423276
-0.00013008098
-5.6617857e-05
0.00026666433
0.00029728244
-6.5829928e-05
-8.8864378e-05
0.000600261
-0.00015809321
-0.00013202205
0.00026202189
-7.0331558e-05
0.00010947462
-0.00016756683
-3.107898e-05
0.00025469425
0.00011421056
-1.5910655e-05
0.00056101536
2.957398e-05
0.00036361096
-9.2334211e-05
2.0048804e-05
0.00039279969
-8.4890151e-05
-5.1767382e-05
-0.00015192501
-0.00011910672
-0.00012590779
-0.00025153242
-3.4300179e-05
7.5466271e-05
-7.4620528e-05
0.00037613902
-2.0926891e-05
-9.8622861e-05
0.00015853285
7.6964286e-06
-5.0275646e-05
0.0001624459
8.2059139e-05
-8.0141305e-05
0.00054701531
8.1901795e-05
1.8264711e-05
0.00045804558
2.2178024e-05
0.00011308353
-6.3120914e-05
-9.8680405e-05
-7.6265694e-05
-9.8181417e-05
-0.00011744605
-9.1540162e-05
-0.00036896145
-4.6455557e-05
4.6509828e-05
-0.00045858842
-8.7404285e-05
0.00023634471
2.1838837e-05
2.5797222e-05
-4.0845948e-06
-5.4455459e-05
-4.3944741e-05
-0.00039727136
-0.00011174305
-9.6366154e-05
-0.00021358166
-0.00010734209
-1.0160014e-05
-4.6102022e-05
0.00042488753
3.802139e-06
-2.9308682e-05
0.00040352788
8.8558305e-06
9.602787e-05
0.00010861798
5.1435889e-05
9.9478834e-05
-0.00017630053
-2.8093581e-05
-3.4378058e-05
-0.00049742239
3.9727341e-05
-0.00016223482
-0.00045329443
1.825231e-05
-0.0001741811
-7.2705392e-05
8.0024635e-05
-2.4957675e-05
0.00020256971
-5.6090036e-06
3.6141783e-05
0.00055337718
-0.0001265248
7.4644471e-05
0.00016594623
-0.00011634916
-7.1467417e-05
-0.00023453501
1.5741386e-05
-7.2806436e-05
-8.0415713e-05
0.00018194601
0.00046243927
0.0001058337
0.00022000683
-0.00034840347
-6.1883946e-06
0.00018894659
2.6652498e-06
-9.8995038e-05
-9.1451005e-05
0.00019880832
-5.6490483e-05
-0.00025467285
0.00018359251
3.9672049e-05
-4.9562986e-05
0.00012522785
6.4354395e-05
-0.00014660275
0.0001704292
-7.6007349e-06
-0.00031031108
0.00026578167
9.9064431e-05
-1.0644277e-05
0.00015557615
9.6679087e-05
0.00037122801
4.9813264e-05
4.4427982e-05
0.0002169437
8.2729224e-05
-2.4766049e-05
7.9688639e-05
0.00010881454
-0.0001601278
3.4720823e-05
-0.0003487309
-6.2717465e-05
0.00010300124
-0.00046577553
-0.00010724384
4.6296155e-05
5.4738331e-05
3.0468558e-05
-0.00028026624
0.00031751071
-2.911547e-05
-0.00038624857
9.1392756e-05
-1.9339308e-05
-0.00025150852
-0.00014975755
-8.2157387e-06
4.4970682e-05
-1.3836924e-05
-1.4763513e-05
0.00018884832
0.00021582267
9.6534725e-06
0.00017162341
0.00013479746
-2.3697309e-05
3.1389604e-05
-3.8103109e-05
-1.0558888e-06
-4.2109216e-05
-0.00048849996
-3.7533447e-06
-6.6888759e-05
-0.00041062809
-2.0040858e-05
-0.00018161295
0.00016802337
-2.2703533e-05
-7.9557291e-05
0.00020900895
-4.7288273e-05
0.00019665639
0.00033502376
-0.00015023615
0.00015441972
0.00016797213
-9.1446924e-05
-4.4903769e-05
-0.00013863118
2.7516801e-05
-0.00014589674
-0.00011189485
0.00018647439
0.00023630004
0.00014299271
-0.0003551516
-8.3816764e-06
-0.00037247099
1.1201077e-05
-0.00022839677
2.5035782e-05
-0.00011655857
6.1588426e-05
-3.3213837e-05
7.395221e-05
1.724947e-05
8.9018219e-05
0.00012712104
0.00013730334
0.00013671089
0.00014475961
0.00010156663
0.00010962653
0.00019340586
1.7119863e-05
0.00032699221
5.2441765e-06
3.8694855e-05
-6.9528108e-05
-0.00038084634
-0.0001267437
-0.00037604777
-0.00011532755
-0.00014161463
-6.3877037e-05
-6.1314929e-05
-8.0793973e-05
-0.00012306238
-0.0001359186
-8.1959181e-05
-0.00010509946
0.00011715083
-9.3563916e-05
0.00025180743
-0.00011977942
0.00030032412
-0.00012354368
-5.94112e-05
-8.3361978e-05
-0.0003471654
-1.8040372e-05
-0.00019784552
0.00010709518
1.3297809e-06
0.00012353935
0.00023452073
6.4955681e-05
0.00029488292
0.00011826541
7.9252999e-05
0.00010001372
-0.00013231684
2.0478078e-05
8.3409372e-05
-7.6758308e-05
0.00013418788
-7.0025216e-05
-0.00017412764
0.00016605822
-1.7598031e-05
-0.00018678568
9.0938903e-05
3.1559255e-05
3.3368669e-05
-0.00019642978
-3.9033457e-05
7.4961882e-05
7.2217397e-05
-6.3817334e-05
4.1495646e-05
0.00014159991
-2.136125e-05
-2.6674413e-05
0.00012233459
-3.2631725e-05
-0.00010112779
0.00010635035
-7.5944959e-05
-8.1894396e-05
2.894973e-05
-0.00011542911
-0.00015388819
0.0001387926
-6.1656359e-05
-0.00021601636
0.00012368337
-2.0411848e-05
-0.00018776993
-2.3129966e-05
-2.4027534e-06
7.7309721e-06
-0.00023465865
7.1617422e-05
0.00010428965
-0.00011861655
7.2699592e-05
0.00019319188
-0.00017213724
0.00015135159
0.0001196415
3.7383763e-05
0.00016002979
-6.9582734e-05
0.00016478949
0.00011458662
-0.00015839353
0.00015295978
-8.9289882e-05
-0.00022072227
0.00015210326
-0.00011338442
-0.00030128598
0.00014238061
-7.7225552e-05
-0.00027987795
-1.1793745e-05
3.9824403e-06
-6.0310889e-05
-0.00025527856
2.4193335e-05
0.0001629152
-0.00029340864
2.1606839e-05
0.00025084969
-0.00014251664
-2.9302546e-05
0.00014490164
0.00012125476
-0.00011666171
5.0422717e-05
0.00015661796
-0.00020154619
-6.4375529e-06
0.00017240412
-0.0001582582
3.665423e-05
0.00010967682
-0.00014802857
2.9772996e-05
0.00016734015
-0.00014686331
0.00018401723
-0.00024108588
-0.00013793468
0.00031848627
8.3919235e-05
-0.00019010307
0.00027305282
9.1072141e-05
-4.5294972e-05
-7.8170297e-05
8.9487525e-05
0.00025464832
-0.00055659351
-7.3714206e-06
0.00010359651
0.00033179822
-0.00018847459
-0.00013128
0.00055406215
-7.9482512e-05
-0.00011552488
0.00012492004
-3.9495e-05
-0.00011664508
5.6116914e-05
-0.00013027646
-1.1240245e-05
-7.6046347e-05
-0.00017647946
-0.00017169508
0.00046593418
-0.00012077348
-0.00029871687
0.00037436001
-1.924135e-05
-0.00017537157
-0.00016259683
4.3372541e-05
5.561826e-05
-0.00056463613
0.00011576279
0.00019820734
-0.00033220046
6.5051054e-05
0.00040697415
-0.00047914036
0.0001297159
0.00046560224
-7.2383769e-05
0.00015845886
0.00029803726
0.00032321561
0.00011827255
-9.9929891e-06
0.00064827684
-0.0001387384
-0.00031472171
0.00066827841
-0.00013691695
-0.00049858366
0.0004747894
-1.8171176e-05
-0.00036455488
-0.00011958011
6.0270501e-05
-7.4224429e-05
-0.00057244321
4.1738026e-05
0.00015468551
-0.00059993934
5.1069889e-05
0.0003196421
-0.00043676523
7.2674122e-05
0.00022568374
0.00019730005
-4.7916856e-05
-5.192564e-05
0.00050972624
-0.00023359211
-0.00012204179
0.00035506336
-0.00018287463
8.7266199e-05
-5.6345501e-05
-7.4364635e-05
0.00025395328
1.5222603e-05
-3.0480163e-05
0.00047081293
-3.2684345e-06
0.00027080648
1.8408827e-05
4.9319768e-05
0.0003635658
6.8647825e-05
5.9878301e-05
0.00022694895
-7.1456448e-05
3.9952208e-06
-0.00019185649
-9.9812957e-05
3.749116e-05
-0.0001527061
0.00027901018
-7.2892393e-06
-7.9171989e-05
0.00047596171
1.2262759e-05
-5.5963655e-05
1.5739673e-05
0.00016803118
8.0943273e-05
-0.00021545528
0.00021656706
9.429133e-05
-0.00012566276
5.844638e-05
-3.1595675e-05
0.00032548434
0.00016765644
3.6334047e-05
0.00023516116
-4.6176927e-05
0.0001733388
-0.00034856416
2.5070161e-06
0.00016656455
-0.00045905739
-0.00018620878
7.6214235e-05
-0.00015532889
-6.0724024e-05
-0.00022072705
-0.00010545373
-0.00012069008
-0.00019786342
-9.0285645e-05
-0.0001013279
-5.2189538e-05
0.00019328782
-2.590609e-05
-4.9064137e-05
0.00059104576
5.7907821e-05
-6.9414659e-05
0.00065688253
4.0602225e-05
0.00012933424
0.00038104969
-5.3573328e-05
0.0001882937
-8.3701459e-05
-0.00012293172
-4.0284787e-05
-0.00027826975
-2.5867675e-05
-0.0001625289
-0.00037694205
-8.25009e-05
-0.00028466248
-0.00012028561
-0.00011432143
-0.00012203889
0.00011005543
-8.0987979e-05
-5.7361154e-05
0.00039603908
-7.7515363e-05
0.00010825964
4.8352295e-05
2.4741122e-05
3.3119327e-06
-0.000145443
0.00020978662
-7.5007844e-05
-8.2704539e-05
0.00035819296
0.00039463035
0.00010700845
0.0002068183
-0.00023997331
4.5375454e-05
0.0002849385
-0.00010460176
-3.8656483e-06
-3.5632773e-05
0.00018112992
1.1494426e-05
-0.00029760958
0.0001624447
3.9391208e-05
-0.00013258782
0.00010359311
7.4749713e-05
-6.5783962e-06
0.00025605333
8.6298231e-05
-0.00016975636
0.00019531357
8.2668501e-05
-9.4918961e-05
-0.00025220523
5.8591644e-05
-7.8942175e-05
-3.8833193e-05
-5.8378371e-05
8.043075e-07
6.7083014e-05
0.00015388879
0.00015056271
-2.1730467e-05
-5.2994585e-05
6.9785881e-05
-0.00034676049
1.6255687e-05
0.00010129736
-0.00045624311
-0.00014156961
-3.0780618e-05
1.360223e-05
-6.3845814e-06
-0.00035243616
0.00023549809
-4.8411743e-05
-0.00043692672
1.7237641e-05
-4.2372023e-05
-0.00027067881
2.105745e-05
-2.2332738e-06
-2.7943246e-05
0.00023029842
0.00010324827
0.00013443006
0.00041396721
9.0195476e-05
0.00029231873
0.00024526427
-4.5800589e-05
8.8716582e-05
0.00021568881
-9.6844061e-05
-5.0469569e-05
-0.00013820303
-4.6339616e-06
-5.7676489e-05
-0.00036944171
-2.0334324e-05
-0.00014524973
1.4586909e-05
-7.0002835e-05
-0.00013971506
0.00016701796
-0.00010978548
8.3860769e-05
3.7476642e-05
-1.5249536e-05
0.00026724879
-0.00027991692
5.343429e-05
4.5572641e-05
2.1856606e-05
8.1893374e-05
-0.00030649314
0.00027939844
0.00017643723
5.0603356e-05
0.00018052658
-0.00021978232
-2.8572667e-05
-0.00026924162
-4.3941376e-05
-0.00017158777
0.00010851186
-0.00011633347
0.00016877883
-4.6512284e-05
0.00010772415
7.7861539e-05
0.00022069773
0.00014903319
0.00026144526
-1.9033116e-05
6.0620701e-05
1.6083453e-05
3.5676768e-05
0.00018033418
-8.0047856e-05
0.00025489219
-9.1044301e-05
7.8798754e-06
-0.00016927628
-0.00038418263
-0.00019092431
-0.00038442199
-0.00010148597
-0.00019700355
-1.5797378e-05
-0.00020454002
-5.6019857e-05
-0.00023793739
-8.1463773e-05
-0.00011590913
3.1706914e-06
0.00013972327
6.4770877e-05
0.00026651801
-1.3099177e-06
0.00041175547
-5.3092372e-05
0.00029237735
-0.00010218692
-2.4230853e-05
-7.0873913e-05
-5.1674162e-05
0.00014912539
0.00010466129
0.00013422185
3.0158495e-05
0.00017693513
-0.00027622893
0.00014473594
-0.00028676725
0.00013240867
-9.7685011e-05
0.0001107943
3.6327727e-05
-0.00011362755
0.00014874192
-0.00010030414
-0.00023570515
0.00017541252
-6.5529145e-05
-0.00026844528
0.00014096834
-6.9003635e-05
-8.4764338e-05
-0.00021441506
-6.5829301e-06
-0.00012126877
3.2952229e-05
-5.7321875e-05
-0.00020869787
0.0001111949
-4.1804201e-05
-0.00010465977
-0.00017622972
4.0822651e-05
5.7501583e-05
-0.00029882472
6.2558938e-05
0.00026950289
-0.00029045389
-3.5873384e-05
0.00023913837
3.6350407e-05
-6.3281009e-05
0.00013066257
0.00014027473
-4.7703469e-05
0.00017150849
-3.6443091e-05
-4.1844829e-06
0.0001341181
0.00011029694
3.8940233e-06
7.9114655e-05
0.00013206519
8.8423389e-05
0.0001456743
7.3017686e-05
0.00017846647
1.9157439e-05
0.00017105699
-2.5542981e-05
0.00012973509
-0.00017177077
-7.327314e-05
0.0001364612
-0.0002007479
-0.00014122502
0.00015060397
-0.00016066542
-0.00017376267
0.000123649
-8.7383075e-05
1.9025211e-05
-0.00018217713
1.0690239e-05
0.00016060077
-0.00013770813
1.5399469e-05
9.8305304e-05
0.00010528282
-7.3975078e-05
-2.4788108e-05
0.00017436734
-0.00016842175
-9.7370202e-05
0.00011474175
-0.00024435801
-0.00016159495
0.00012670372
-0.00021827574
1.2092962e-05
-0.00023236834
-9.2035193e-05
0.00013392879
-0.00022744427
-4.5416011e-05
6.4928982e-05
-0.00017538599
-0.00023014547
0.0004739763
-1.116967e-05
-0.00031399704
0.00035752347
-7.1872362e-06
-0.00013554179
7.438908e-05
-2.2388467e-05
0.00017051422
-0.00053586881
8.0263224e-06
-5.9292531e-06
0.00013786426
-0.00011694315
-0.00020174816
0.00032980118
-0.00010226988
-0.00011767178
-0.00046997601
0.0001701749
1.3216043e-05
-0.00066455489
0.00010456589
0.00027208257
-0.0006692662
-5.6533678e-05
0.0003197312
-2.4813919e-05
-0.00010725778
4.0805501e-05
0.00046760724
-6.7648166e-05
9.4561236e-05
-0.00017404633
0.00012722004
0.00016695742
1.618197e-05
0.00013748158
0.00030931114
5.4762519e-05
0.00039591575
0.00018878558
0.00030696396
0.00042587713
0.00010548178
0.00049081172
0.00015765226
6.8647281e-05
-0.00012982106
0.0001543399
0.00011663501
-0.00011377841
-0.00021083402
0.00060395996
-0.00010635325
-0.00022728878
0.00026189654
-6.1522309e-05
7.7277098e-05
-0.00047853531
3.3530297e-05
0.00026410044
-0.00041865586
0.00014519425
0.00021085307
0.00022072404
1.048026e-05
-8.3119661e-05
0.00052596341
-0.0001055402
-0.00018869329
0.00016381623
-0.00017709295
-7.5023415e-06
-7.7374357e-05
-0.00015998749
0.00021247965
-0.0005830388
5.6323855e-05
0.00036148603
-0.00059932666
0.00019239586
0.00026377094
0.00015937566
6.4428008e-05
0.00041365854
4.5209526e-05
0.00018028345
0.00020334872
9.8197619e-05
0.00025519756
-0.00019770872
0.00020117892
-0.00014985478
-0.00019724571
0.00010392041
-0.00015299937
4.2227516e-05
9.1492101e-05
4.5476261e-05
0.00019094982
-4.7361502e-05
3.2795079e-05
-0.00036887319
7.9609546e-05
-1.9099998e-05
-0.00050854503
0.00011245229
-8.994531e-05
-0.00051278051
-2.7193999e-05
-9.3337156e-05
-1.17441e-05
0.00015797847
-1.3665827e-05
0.00036873721
-2.6978227e-05
-9.0332345e-05
-8.5572972e-05
-9.2998275e-06
9.3132064e-05
-0.00029535262
-5.81386e-05
0.00014396464
-5.6794083e-05
0.00014908544
6.297472e-05
0.00014965285
0.00032398183
0.00017777776
0.00043678073
0.00011693692
1.4428271e-05
0.00017296769
8.5009747e-05
3.3757191e-05
0.00015540721
0.00017797976
0.0005323287
-7.4912112e-05
0.00031573358
0.0001557167
-0.00015450574
-6.0727595e-07
-8.171485e-05
-0.00010634732
-0.00031576861
-8.108438e-05
-0.00010491108
-0.00015267989
3.6819022e-05
-9.3505147e-05
-3.0419837e-05
0.0002793596
4.3355776e-05
0.00021638614
-0.00024140777
8.090267e-05
0.00044588773
-0.00043036834
0.00014823354
0.00018841898
-0.00027158891
0.0001558055
-0.00011116674
-0.00012308561
0.00018153767
0.00015942623
0.00010018643
0.00016574357
0.00022838189
6.4908536e-05
0.00025448056
-2.9849575e-05
0.00014059566
0.00022404068
-0.0002953314
0.00013955699
3.6089214e-07
-4.0589979e-05
0.00010641528
-0.00024998463
0.00031925563
4.8067132e-05
-7.0880924e-05
8.3272103e-05
1.4872253e-05
-5.4689582e-05
-0.00033209292
2.96969e-05
-6.7236969e-05
-0.00048647305
4.9067059e-05
-1.4986158e-05
-0.00048795954
-0.00013545015
-2.8526607e-05
9.9101026e-05
5.6584111e-05
0.00012378588
0.00018257635
-1.9146225e-05
5.5947951e-05
5.9123942e-05
-6.06033e-05
6.3417756e-05
-0.00033176788
-0.00011262416
-5.6823312e-05
5.7062404e-05
-0.00010732165
6.5061324e-05
0.00010329776
7.0990408e-05
0.00033047374
0.00020737148
7.4956867e-05
0.00032905673
4.413668e-05
-0.00011985375
0.00022681802
9.1945253e-05
0.00019113623
0.00021514267
-3.9604577e-05
0.00023419527
8.9722894e-05
-7.3909355e-05
-3.6848667e-05
0.00013001714
5.4677932e-05
-0.00025053657
0.0001125489
-2.7975192e-07
-0.00022063054
-0.00010385412
4.0764261e-05
6.0371391e-05
-0.00015513002
4.3702201e-05
0.00012493979
-0.00038234278
6.1117096e-05
0.00010267258
-0.0004556059
0.00010093908
-2.9956829e-05
-0.00019982132
0.00014275524
-0.00023690378
8.8017605e-05
0.00017228101
1.413569e-05
8.891336e-05
0.00020105861
-1.2493835e-06
0.00014516896
-1.7901297e-05
-0.00012282222
8.1171645e-05
-0.00019519615
0.00020056279
3.7010571e-05
0.00019477306
0.00021441917
0.00012656124
0.00010394469
3.9826817e-05
-0.00014802392
-0.00017388374
-0.00034929011
-0.00025101659
-0.00015646493
-0.00017377201
9.3086367e-05
-0.00015801925
0.00015072926
-0.00016779524
-0.00014191262
-0.00023005031
-0.00018633617
-0.00013707222
-0.00012210166
3.8060484e-06
9.138489e-05
0.00024464858
0.00010947529
0.00027349849
0.00017905762
0.00014425038
0.00024881506
-3.3126946e-05
0.00030679602
-3.0150782e-05
0.00034894098
-4.6998161e-07
0.00031203657
8.2175654e-05
0.00020389374
8.7234675e-05
-5.4537484e-05
5.3023582e-05
-0.00036215094
-3.2564876e-06
-0.00039354079
-3.6022773e-05
-0.00016151107
-3.3217791e-05
-0.00011104764
-0.00012543829
0.00015340974
-0.00012393671
-0.00026093388
0.00018120052
-0.00010509542
-0.00028431784
6.3200517e-05
-0.00010193336
-0.00013116809
-0.00019759675
4.1665234e-05
4.6244721e-06
-0.00022735226
3.747355e-05
-6.7161491e-05
1.3638938e-05
2.1783985e-05
-0.00013436828
3.4860367e-05
7.685933e-05
-9.5971684e-06
-0.00020320438
0.0001436537
0.00013718671
-0.00019453056
1.4775109e-05
0.00031664485
-0.00028345077
4.2288188e-05
0.00032657846
-7.4392283e-05
2.0969919e-05
0.00017264364
0.00014749531
6.9419512e-06
0.00016766307
1.1264295e-05
0.00015933468
-0.00022653834
-0.00010559796
0.00017632208
-8.9223781e-05
-0.00012958717
2.5612811e-05
0.00011576317
-0.00012754161
-8.3169823e-05
0.00011972408
-0.00010029174
5.2223684e-05
-0.00013691916
7.8695146e-06
1.5096766e-05
6.0915757e-05
-1.1889257e-05
-0.00014502086
0.00015055744
-6.8084376e-05
-0.00021730984
3.7660162e-05
-0.00013502426
-0.00012074838
-0.00018627269
-0.0001596621
-7.1456496e-05
-0.00010263357
-0.00016708881
0.00010326085
-0.00024889583
-2.4879511e-05
0.00018300885
-0.00016229172
2.8707107e-05
3.9000869e-05
-3.912148e-05
-0.00032515085
0.00051535961
-4.7968684e-05
-0.00042505793
0.00032255774
-4.8637381e-05
-0.00028792198
-6.1029999e-05
-3.5293899e-05
-5.4346344e-05
-0.00049041277
6.7266709e-05
0.00010203885
-0.00055529953
5.4618934e-05
1.0782151e-05
-1.2193268e-05
1.4819032e-05
-0.00015547756
0.00012856227
0.00024273271
-9.921519e-06
-0.0005004438
0.00025624927
0.00014053922
-0.00040926775
7.742771e-06
0.00032532089
-0.00063788873
6.2398515e-05
0.00035208507
-0.0002779338
0.00010912917
0.00030945502
0.00019399302
0.00012335237
0.00058417268
3.0426984e-05
0.00021086538
-0.00055647766
-1.0747112e-05
0.00034653062
-0.00032433314
-1.4334288e-05
6.2843745e-05
0.00040651593
-0.00011341915
-6.4972395e-05
0.00026743836
-8.1420481e-05
0.00021723498
-0.00046056258
7.4966315e-05
-4.0176269e-05
0.00034254905
0.00012097218
-0.00033909357
0.00052534707
-6.5392079e-05
-0.00023146438
-0.00011494576
-6.056346e-05
-1.5935738e-05
-0.00049934788
-7.9546394e-05
0.00013694269
-0.00032312056
-9.2378912e-05
0.00035550005
-0.00050660192
9.5472604e-05
0.00050760031
-0.00035902385
0.00023702775
0.00050439558
0.00020158128
4.0936477e-05
0.00048186974
3.7762926e-05
0.00015749062
0.0002048812
9.9320024e-05
0.00022622972
-0.00015925221
0.00023066203
-2.5997213e-05
-0.00029881106
0.00016454564
-0.00021962544
-0.00031396722
4.3788032e-05
0.00014327372
-0.00039767897
-2.4774959e-05
0.00037209512
-9.7731197e-05
7.7081625e-05
0.00016301755
-0.00014732876
-3.1585181e-05
7.4266099e-05
-0.00026886882
-7.8841472e-05
-0.00013465288
-0.00010775885
-0.00016323244
-0.00022865029
-0.00011855244
-9.2362179e-05
-7.1527314e-05
2.8856449e-05
-1.2862432e-06
0.00035977339
9.4733374e-05
-0.00013395166
-0.00030870287
5.9144567e-05
-6.2017112e-05
-0.00026728765
2.6427167e-05
0.00010511303
0.00025511483
-9.0641175e-05
0.00013124703
0.00012375402
-3.6955439e-05
-0.00015895599
-0.0001165851
-0.00016012183
-0.00019575063
0.00023204227
4.239031e-05
-3.268582e-05
0.00018769843
8.1078676e-05
0.00019122229
-0.00048707159
0.00019157349
0.00024891774
-0.00052734633
5.1205688e-05
0.00039148602
-0.00034689639
2.9441108e-05
5.2195185e-05
-0.00012669758
0.00011519204
-9.9843606e-05
-8.9107655e-05
6.3660303e-05
0.00041010995
9.4628474e-05
0.00022434649
0.00029289752
2.9534269e-05
0.0002700884
0.0001230321
0.00017670287
0.00018835011
-8.3805677e-05
0.00014584875
0.00011831025
-0.00029608077
0.00017372487
2.5830359e-05
-0.00023838047
6.4960279e-05
8.8536769e-05
-0.00039881446
-4.6698657e-05
0.00014842027
-9.1341596e-05
-3.657619e-05
-1.5822413e-05
2.5929773e-05
4.0051209e-05
-6.6519679e-05
-0.00026090979
-9.2711911e-05
-0.0001180112
0.00011511258
-0.00011479581
-0.00028479174
0.00015854228
-0.00012946042
-0.00028101613
5.4274558e-05
-8.9797027e-05
-0.00016430263
0.00013043572
-5.5521277e-05
-0.00020526854
-3.776367e-06
-8.9411662e-06
-0.00021303221
-8.8903058e-06
0.00024250646
1.0858097e-06
-3.702323e-05
5.3752356e-05
0.00023048064
8.1180877e-06
-0.00026027199
0.00017752247
7.4594655e-05
-0.0001024867
3.9450616e-05
3.4526575e-05
0.00013351118
-0.00023393295
0.00022639774
8.6617305e-05
-0.00047292946
7.6453955e-05
0.00011528006
-0.00048294238
-1.1949593e-05
0.00014211683
-0.00029347276
2.0678714e-05
-6.3690863e-05
6.0239278e-05
0.0001616261
-0.00025167177
0.00012878357
0.00014237074
0.00021209268
3.5258889e-05
0.00027756371
1.4084431e-05
0.00035768875
2.5005769e-05
0.00033656338
1.8491338e-05
0.00017391428
6.7131119e-05
3.1618355e-06
0.00012714505
-0.00021098013
-5.8111245e-05
-0.00011328368
-0.00014921122
-6.2487116e-05
-0.00019875052
-0.00024069555
-0.00033371795
-0.00010874008
-0.0001906149
8.0473067e-05
-0.00018869012
0.00015070237
-0.00018374999
-0.00024365057
-7.3435765e-05
0.00011281581
-0.00014546816
0.00013249866
-5.4554765e-05
5.4422764e-05
0.0001852474
-4.2448507e-05
0.0003772218
-4.4602745e-05
0.00045930776
-4.3105345e-05
0.00036960672
-6.2056274e-05
4.3786642e-05
-5.9874696e-05
-0.00031526157
-7.0870572e-05
-0.00051601673
-9.5974068e-05
-0.00040571302
-8.6087173e-05
-0.000221318
-8.8829215e-05
-0.00012027295
-0.00019944802
0.00015112584
-7.2514168e-05
-0.00031069339
9.254288e-05
-8.1030218e-05
-0.00012670231
-0.00024131957
-4.3768606e-05
5.7363491e-05
-0.00027212531
0.00013084075
0.00017798147
-0.00022685516
0.0001448438
0.00015669811
-9.2167557e-05
0.00013680086
1.5800504e-05
9.6898134e-05
0.00012213724
2.4306132e-07
5.3991704e-05
0.00010882607
0.00022235103
-0.00028207792
7.6214231e-05
0.00030333974
-7.2125752e-05
3.6950485e-05
0.00021615367
0.00012722394
-1.3830168e-05
0.00010800993
0.00014957091
-3.0100299e-05
0.00012285959
1.302987e-06
0.00018572267
-0.00028064439
-1.4854509e-05
0.00029726109
-0.00023477262
-1.1093232e-05
0.00019455384
9.7548946e-06
-3.7283616e-05
0.00011697175
-5.2482551e-06
-2.1001844e-05
4.3813169e-05
7.0976594e-05
6.070484e-06
-0.00014960534
0.00015648254
2.1815269e-05
-0.00031961058
8.7770721e-05
1.3567062e-05
-0.00022277153
-0.00024734615
1.2668822e-05
-5.0711835e-05
-0.00030042148
-3.7996664e-05
1.145997e-05
-0.00012860134
-0.00010443234
0.00013892439
-0.00015192484
-9.7551682e-06
0.00013678099
1.5534174e-05
6.8715984e-06
0.00010151508
-1.2237044e-05
-0.00042545843
0.00057270505
-4.4089467e-05
-0.00036939933
5.2063235e-05
-6.4216831e-05
-8.0436216e-05
-0.00054998834
-1.5588231e-05
0.00011459142
-0.00054293609
0.00014304986
0.00028658838
-0.0005318241
0.00018759092
0.00031474883
-0.00029806941
0.00019256044
-5.6395225e-05
0.00048990829
0.00022086661
-0.00010482817
0.00014373629
0.00021493762
0.0002433139
-0.00066639029
4.3913073e-05
0.00036486823
-0.00024281334
0.00011153178
0.00018772063
0.00033917359
7.4327121e-05
-0.0001080761
0.00052248092
4.6239082e-05
6.304505e-06
3.8905963e-05
0.0001994689
-0.00055630946
6.5449073e-05
0.00038559119
-0.00052911066
9.3881465e-05
0.00035126344
-8.5437055e-05
1.6100535e-05
0.00035377886
-0.00017048178
8.1297592e-05
0.00018146527
0.00016080854
0.00015744794
-0.00028466923
0.00064381479
9.9774416e-05
-0.0003888745
6.0392828e-05
6.6191078e-05
-0.00017203336
-0.00060798268
8.3231939e-05
9.2970345e-05
-0.00060939248
-3.557909e-05
0.00030207867
-0.00033471623
-9.5372333e-05
0.00058712978
-0.00037928282
3.7779489e-05
0.00055527231
0.00018178891
0.0001026305
0.00075960463
9.8764061e-05
0.00013243681
0.0004979799
-1.9948738e-05
0.0003535422
-4.2797804e-05
-2.6924322e-05
0.00013268592
-0.00010913824
1.0668219e-05
-6.7583695e-05
-0.00015723353
-2.0887305e-05
-5.3234984e-05
-0.00040479265
-9.7592121e-05
5.5966361e-05
-0.00040945422
-2.2591489e-05
0.00025152701
0.00027701221
9.4417063e-05
0.00036380459
4.1207669e-05
-4.1334131e-05
-4.2495869e-05
-0.00012502197
-0.00021390934
-0.00018067274
-5.170538e-05
-0.00021616353
-0.0001120046
0.00027443497
-9.6291719e-05
-6.6521373e-05
0.00044534922
3.0362224e-05
-6.1692556e-05
9.6209055e-05
-7.1284572e-05
-0.00045892248
3.3042169e-05
-9.1925252e-05
-0.00044840627
-3.3636547e-05
4.8079765e-05
-0.00030436116
-1.172211e-05
7.7129086e-05
-0.00014218741
-9.4299172e-05
8.5754952e-05
6.5216827e-06
-1.4460879e-05
0.00014068044
0.00055406937
7.7210214e-05
0.00013944131
-2.8305325e-05
0.00017101595
2.8466253e-05
-0.00046486432
0.00015943019
6.9307767e-05
-0.00054989435
-4.913394e-05
8.6081303e-05
-0.00024190995
-8.0138688e-05
-0.00014585765
-9.8824263e-05
6.6672468e-05
-2.6443342e-05
6.4477479e-05
6.1557453e-05
0.00073922255
8.8567222e-05
0.00029776605
0.00023982444
-1.0076314e-05
0.00024971583
0.00010069891
8.1256384e-05
0.00010974557
8.1972776e-05
9.4708002e-05
0.00010559574
-7.7464567e-05
9.8105747e-05
0.00016372839
-0.00039422461
-3.7404019e-06
0.00016631751
-0.00037252678
-8.6215201e-05
0.00033154828
6.0131256e-05
1.5073992e-05
0.00019518564
0.0002239279
-6.3063736e-06
-6.5464808e-05
6.3114844e-05
-2.0198269e-05
-0.00017783703
9.3532263e-05
-0.00014766123
-7.2506865e-05
0.00014707596
-0.00010743158
0.00010975367
0.00015602878
1.7262872e-05
5.7438849e-05
0.00012105797
1.3117633e-05
-0.00045083651
-2.497996e-05
2.7648633e-05
-0.00046197738
-9.8502067e-06
0.00013382264
-0.00030521783
-0.0001423406
-1.6892826e-05
0.00012253015
-0.00010588406
-0.00020177426
0.00034284347
-7.6845742e-05
0.00010187141
0.00024855015
3.6400091e-05
8.2645234e-05
6.1311719e-05
0.00015600686
2.0118871e-05
-0.00043263182
0.00010674782
7.5997429e-05
-0.00054384475
-7.3877744e-05
2.6853628e-05
-0.00013662814
-3.5459264e-05
-0.00023571391
0.00021847742
0.00010689199
-0.0003116069
0.0001885535
9.4187748e-05
0.00042080039
4.2074178e-05
0.00025180579
2.1030848e-06
0.00039070499
-1.3194515e-05
0.00049372758
-2.558468e-06
0.00048208856
1.3055775e-06
0.00021969909
-4.6900764e-06
-0.00012983364
-8.1105296e-05
-0.00014577037
-7.3143232e-05
-3.2068693e-05
-8.8524298e-05
-9.3484017e-05
-0.00020918778
-7.3448326e-05
-0.00011711833
2.42584e-05
-0.0001393209
9.285227e-05
-9.6315094e-05
-9.3359456e-05
-0.00021944975
-0.00011857094
-0.00040555502
-0.00014337348
-0.0004820839
-0.00017426621
-0.00030779231
-9.4209987e-05
6.0067616e-05
-6.9619222e-05
0.00033524358
-6.9731187e-05
0.0004418099
-0.00010731087
0.00010585823
-0.00015655485
-0.00038810071
-0.00012075637
-0.00058751466
-3.3188239e-05
-0.00045416443
-9.5996287e-07
-0.00032899257
-2.5447546e-05
-2.8465131e-05
-0.00015916126
0.00012703023
-4.0219997e-05
-0.00019624177
3.5525206e-06
-4.653756e-05
8.3982682e-05
-0.00036730569
4.0916268e-05
0.00021857583
-0.00014830184
0.00014743893
0.00018527792
4.7529611e-05
0.00013462991
0.00010419454
0.00012532222
9.6906741e-05
1.86315e-05
0.000133549
7.7071375e-05
-3.7659399e-05
0.00013347567
3.5306671e-05
-5.0420784e-05
2.2902592e-05
6.9210743e-05
-0.00016655353
0.00012134373
3.4508678e-05
-0.00028705111
0.00015817605
-4.8868505e-05
-0.0004029703
0.00018038379
-9.0940651e-05
-0.00044611456
8.9121423e-05
-4.1548048e-05
-0.00030183636
-0.00019624396
5.0858365e-05
-0.00011116878
-0.0002736632
7.8454987e-05
-3.8013926e-05
-0.00012581464
5.0313591e-05
0.00015405497
-0.00026233426
6.481504e-05
0.0002779324
-0.00013313525
-1.0225099e-05
0.00022053553
4.3634699e-05
-4.5257898e-07
0.0002201009
-5.7652878e-05
1.6806004e-05
0.00011132743
0.00010481694
-1.9854085e-05
-8.290556e-05
0.00018232094
1.4125107e-05
-0.00026692719
0.00016069058
4.2747298e-05
-0.00030701825
-2.434111e-05
7.6241495e-05
-0.00015405271
-0.00025432727
0.00011043307
-3.8658223e-05
-0.0002380734
7.8748451e-05
1.4690849e-05
-0.00017756436
1.5985342e-05
0.00017347121
-0.00017848532
1.1558806e-06
0.00012580839
4.872656e-05
-1.406169e-06
0.00011836019
-1.2716435e-05
-0.00048177018
0.00065937066
-9.4659715e-05
-0.00041925165
-5.5707858e-06
-0.00011761205
-4.4013419e-05
-0.0007264253
-3.1706846e-05
0.0002367817
-0.00041549434
0.00012944725
0.00035388512
-4.9971941e-05
0.00016798906
0.0003460592
0.00018060199
0.00014510659
7.3113966e-05
0.00059527963
3.2081219e-05
2.1559036e-06
0.00036793016
5.1441197e-05
0.00018865309
-0.00013957804
1.9896526e-05
3.0668611e-05
0.000334783
5.6076984e-05
-0.00030168894
0.00061443596
-4.9575243e-05
-0.00050564737
0.00062118858
-0.00019060727
-0.00035702608
-2.542551e-05
4.831595e-06
-0.00018068612
-0.00049980384
0.00012721991
-3.4969426e-05
-0.00057738758
0.00015800768
5.7147343e-05
-0.000367372
0.00014944059
0.00022654979
-0.00056786634
0.00013612965
0.00047789587
-0.00033764579
1.8613544e-05
0.00029361168
0.00030179741
2.0002951e-05
0.00039874017
-0.00022880906
8.2128216e-05
0.00046723032
4.4928266e-05
7.2696083e-05
7.4302403e-06
0.00070397969
9.5589246e-05
-0.00038635185
0.0005044304
0.00014981668
-0.00033415329
-0.00019687765
0.00018652905
-8.5369562e-05
-0.00059644402
0.00017656496
9.1833218e-05
-0.00052292054
7.2065278e-05
0.00022675709
-0.00041769539
9.8348474e-06
0.00055640338
-0.0004662963
-4.0558173e-06
0.00056970695
0.0001532868
-1.5233281e-05
0.00079056484
-3.733631e-06
0.00013493662
0.00057984798
-7.5362668e-05
0.00022499507
-7.2259229e-05
-5.0294323e-05
-0.0002467599
-0.00010261314
-0.00014138897
-0.00040958083
-0.00012807301
-0.0001454877
-0.00013209792
-0.00035914624
-6.5900718e-05
4.1049342e-05
-1.6330671e-05
1.1939162e-06
0.00012689421
0.00057006272
3.378911e-05
0.00018594867
0.00026825781
-7.1623456e-07
9.5920182e-05
-0.00010697599
-0.0001564829
3.8853028e-05
0.00021416544
-3.8478815e-05
-3.076046e-05
0.00060726616
-1.9508431e-05
4.968383e-05
0.00052490953
4.6196967e-05
0.00027457985
-9.661784e-05
-5.7494651e-05
2.2303584e-06
-0.00010544508
-0.00012200928
-0.00022574448
-9.9108233e-05
-0.00025030451
-1.2489865e-05
-0.00046498187
-0.00011564474
6.1069095e-05
-0.00048643296
-0.00015499233
1.2647627e-05
-0.00014580664
-0.00011037552
0.00013013676
0.00016366499
-1.2993278e-05
-2.5282803e-05
-8.9478113e-05
4.3664847e-06
8.3249235e-05
-6.266786e-05
-9.5235119e-05
0.00011070411
0.00060346901
5.8594896e-05
0.00017030585
0.00043554187
8.6496969e-05
0.00023823524
-8.8359436e-05
-5.4316693e-06
3.8890684e-05
-0.00020413564
-3.3533617e-05
2.7573456e-05
-0.00051118336
-4.9553877e-05
-1.7136628e-05
-0.00038798523
-6.5138742e-05
-0.00026425868
-0.00010068486
-5.1816892e-05
-8.2243328e-05
4.0373367e-05
-7.5444464e-06
0.00077513855
2.1750196e-05
0.00028231548
0.00027871494
8.7412497e-06
0.00016290096
0.00014625768
-1.7845996e-05
-8.2819652e-05
0.00022410901
1.3706483e-05
-0.00014135279
2.4883599e-05
3.6822789e-06
-0.00010868644
-0.00039562973
7.6744389e-08
-5.4715943e-05
-9.3943535e-05
-6.2572821e-05
0.00024201749
0.00023816358
5.0239695e-05
0.00023497174
0.00024564794
2.334926e-05
-8.7270621e-05
0.00028885297
-9.3784863e-05
-0.00010444564
0.00013229545
-4.861622e-05
4.6231709e-05
0.00033927385
9.8833749e-06
0.00023887073
0.00024697884
0.00010255454
0.00016485034
0.00018945532
-9.0994812e-05
-1.5597479e-05
0.0001553099
-8.0307173e-05
-5.9517196e-05
0.00010816963
-0.00016335814
-1.328334e-05
-0.00044803807
-6.317765e-05
8.2020185e-05
-0.00049429018
-8.7446295e-05
8.0653658e-05
2.149948e-05
-0.00019091955
0.0001337633
8.9228544e-05
1.1476585e-05
-3.2376688e-05
9.4313982e-05
-0.00015999275
-0.00017806758
0.00011813274
-0.00014099381
8.8274072e-05
0.00024663155
1.3650024e-05
0.00029168426
0.00021102133
5.7510418e-05
0.00013943424
0.00022118827
-1.2908351e-06
4.9380813e-05
-5.7683502e-05
5.0349102e-05
3.1588825e-05
-0.00052128575
-4.5983345e-05
-2.867824e-05
-0.00035304459
-1.0132824e-05
-0.00019368528
0.000189623
-1.8408807e-05
-0.00036545326
0.00023869493
6.7634193e-05
0.00042407301
2.7686479e-05
0.00018172919
9.9088836e-05
0.00025796407
5.6828295e-05
0.00037000435
0.00010951026
0.00029633355
9.9859988e-05
-0.00011850641
1.4520155e-05
-0.00026758898
-2.596625e-05
-0.00012931518
2.6746555e-05
-3.6251302e-05
6.4059772e-05
1.9895455e-05
2.3518431e-05
-1.6575211e-05
5.1647789e-05
0.00010498751
7.8390223e-05
0.00020974239
4.5908847e-05
0.00026361949
4.2218758e-05
0.00034322512
7.5704265e-05
0.00042824738
2.3147369e-05
3.3173411e-05
-5.2964094e-05
-0.00029920435
-0.00016191241
-0.00025864339
-0.00013763244
-0.00021495673
-9.7831611e-05
-0.00020365126
-9.1257722e-05
-0.00011696899
-6.2759557e-05
7.6396946e-05
-1.6353636e-05
0.00023289361
-1.5206539e-05
0.00041833038
-7.1559374e-05
0.00032562329
-0.00012153126
-0.00018601384
-0.00013040498
-0.0006047835
3.2536851e-05
-0.00049570371
7.9583266e-05
-0.00034306427
6.0607969e-05
5.2543609e-05
-8.4553363e-05
0.0001631701
-0.00011503465
-7.8431867e-05
3.7545037e-05
-8.6386163e-05
5.4501732e-05
-8.561551e-05
-3.1005529e-06
5.2101504e-05
0.00015275995
2.7169518e-06
2.5199572e-05
0.00014425678
2.063348e-05
2.9463693e-05
0.00013302827
-3.6459427e-05
1.4086129e-05
0.00014627448
-5.1082873e-05
1.3004258e-05
0.00010226238
-6.0230527e-05
7.6313765e-05
3.710298e-05
-2.7283147e-05
2.0303799e-06
0.00012176581
-9.0334151e-06
-0.00012601882
0.00015073448
-6.8002526e-05
-0.00018611821
6.9211253e-05
-9.6565111e-05
-0.00023173611
0.00013409652
-0.00012787651
-0.00024092579
0.00011628445
-5.5690844e-05
-0.00022927154
9.657495e-05
-2.9965409e-05
-0.00022125508
9.7418638e-05
-5.629555e-05
-0.00016965537
7.448336e-05
-6.2836626e-05
6.6987238e-05
-0.00024440625
-8.9430514e-06
0.00010964885
9.9877265e-06
-5.7402391e-05
3.0586653e-05
0.0001528393
-6.1086295e-05
-7.3995137e-05
0.00017161543
-9.0337949e-05
-0.00015830814
0.00015115368
-5.7046271e-05
-0.00026299843
0.0001636978
-1.9540198e-05
-0.00032929126
0.00012401608
1.6085325e-05
-0.00025241901
-6.2868183e-05
9.1973895e-05
-0.00014709359
-0.00012064469
8.858574e-05
-3.4282982e-06
-0.00019448053
6.1250757e-05
0.00018429258
-0.00018203376
-1.3822989e-05
0.00014211654
4.1197422e-05
-9.0020708e-06
0.00012768315
-7.1611019e-06
-0.00027608915
0.00040102394
-5.6424404e-05
-0.00020557972
-9.7484847e-05
-5.3091599e-05
6.3187633e-05
-0.00036395095
-2.2138748e-05
0.000264539
0.00013775138
-5.6895536e-05
0.00028663616
0.00032895027
-3.8801597e-05
0.00012208047
0.00057661192
-0.00013392137
7.3317043e-06
0.0005232332
-0.00023012874
0.00019088926
-2.1116858e-06
-2.7742288e-05
0.00033685121
-6.2161183e-05
-2.680126e-05
0.0001864924
0.00039755755
-6.9355942e-05
-2.4546113e-05
0.00042875578
-0.00011655804
3.14671e-05
-1.0988978e-05
-0.00016642025
-0.0001108868
0.00040864287
-0.00012736086
-0.000270642
0.00042106931
-1.7809757e-05
-0.00015252629
7.9497281e-05
5.6969643e-05
-0.0001880577
0.00022123418
6.1156471e-05
-0.00013713803
7.1359686e-05
8.8333656e-05
0.00027350352
-0.00060128391
-3.5150343e-05
0.00044947445
-9.0509359e-06
-0.00013692932
0.00027262453
0.00057569703
-0.00016387961
0.00010542566
0.00050847262
-9.6962253e-05
-0.00020611486
0.00066602071
-0.00010773728
-0.00045770059
0.000592258
-2.7157814e-05
-0.00042525821
0.00012615027
0.00015195247
-0.00022167661
-0.00024631388
0.00015642907
-3.2038001e-05
-0.00033507686
9.6858847e-05
0.00019668696
-0.00045526735
4.1896716e-05
0.00053726392
-0.00047526226
-5.1404271e-05
0.00057508152
7.338352e-05
-8.5236962e-05
0.00077703286
-7.8001816e-05
0.00010642487
0.00026013098
-4.0894579e-05
-4.711794e-06
-0.00011062457
7.3982073e-05
-0.00034825697
-0.00012476297
-3.7031777e-05
-0.00021695693
-9.2804859e-05
-4.6231496e-05
6.0566313e-05
2.7918649e-05
-4.2392328e-05
0.0001266404
0.00044063858
7.1093182e-05
0.00018066634
0.00040683655
9.6159825e-05
0.00023232337
-3.0042274e-05
-2.444267e-05
0.00015650113
-9.8818003e-05
-4.4003845e-05
0.00015491045
0.00028065448
8.001493e-05
6.2719022e-05
0.00034839341
0.00015304536
2.4575144e-06
-8.6806675e-05
0.00018227616
-4.1821676e-05
0.00032965384
6.5773559e-05
-0.00010593499
0.0003042825
5.889084e-05
-0.00014022186
-3.1358672e-05
-0.0001051617
0.0001911542
-0.00022102815
-4.7584654e-06
0.00031776782
-0.00011285313
-9.7393128e-05
-0.00013904217
-7.614537e-05
-0.00017870406
-3.0260715e-05
-0.00012646861
-4.357064e-06
0.00011882823
0.00041478554
1.6189016e-05
-1.1445953e-05
0.00042046731
0.00012304435
-5.7481237e-05
0.00063345864
0.00013719221
8.2033096e-05
0.00052941482
9.8257998e-06
0.00023082246
7.4949716e-06
-3.5565743e-05
0.00012958961
-9.114687e-05
-8.746778e-05
4.1949715e-05
-0.00038102797
8.4037133e-05
5.2671839e-06
-0.00045956195
-2.4161597e-05
-0.00024577583
-0.00017618348
-9.9852628e-05
-9.6787815e-05
-3.1415262e-05
-5.1733667e-05
0.00074237459
-4.0379346e-05
0.00020083637
4.8917257e-05
1.9118609e-05
-0.00018382015
0.00019990002
5.6285936e-05
-0.00038146062
7.2928371e-05
1.3655622e-05
-0.00033220488
-0.00018230493
4.3926626e-05
-0.00014436786
-0.00027058917
0.00011074755
0.00014775245
-9.1380398e-05
0.00017732585
0.00046675878
3.0246082e-06
0.00013504532
0.00034153492
0.00015485463
-3.6323778e-05
8.7458631e-05
0.0002093819
-0.00014790847
0.00015806433
0.00011398859
4.7443968e-05
0.00021296357
0.00018482205
0.0001185555
-0.0001199857
0.00031126688
3.7430235e-05
-1.0347201e-05
0.00018544878
-5.6428261e-05
8.2399932e-05
0.00011371808
1.7510106e-05
-4.3366433e-05
5.3990445e-05
-0.0001229409
5.8368337e-05
-0.00041595172
3.0011161e-05
0.00010723783
-0.00014107868
-0.00010809023
1.2071836e-06
4.4677762e-05
-0.00020571204
-0.00013497814
0.00012565792
-0.00010446464
-4.1827632e-05
0.00016940835
-7.7660969e-06
-5.2724909e-05
0.00024676087
4.3609878e-05
8.373524e-05
0.00038206307
0.00012858542
0.00036388557
0.00027019294
3.6581942e-05
0.00027986287
0.00016480113
-7.4574303e-05
0.00016166891
0.00011765552
-4.0259326e-05
5.6447501e-05
-0.00037341577
5.1625874e-05
5.3854775e-05
-0.00047355711
6.45508e-06
-0.00010640033
6.4047382e-05
-9.8384547e-05
-0.00035971943
0.00030702703
-1.7488975e-05
0.00040306739
7.2742687e-06
8.5008694e-05
6.2997405e-05
0.00027064833
7.1088682e-05
0.0003381476
0.00011493937
0.00014569984
0.00011000282
-0.00017599291
6.5623745e-05
-0.00032350059
3.0161037e-05
-0.00030687823
1.3148811e-05
-0.00014460393
5.6640106e-05
5.6257212e-06
8.2670672e-05
3.3008626e-05
0.00013825348
5.7747661e-05
0.00023847324
0.00017684562
0.00023807776
0.00022061204
0.00018390111
0.00024821344
0.00016182093
0.0002576337
6.7717554e-05
-0.00011889727
-9.2384846e-05
-0.00028287084
-0.00013901752
-0.00026119395
-0.00011463158
-0.000209791
-2.3576658e-05
-0.00023727474
0.00010563435
-0.00016079271
0.00010751926
8.2395242e-05
0.00012252145
0.00026224374
7.5137883e-05
0.00038970015
-3.4214664e-05
0.00041453825
-2.8713834e-05
-4.9556005e-05
-3.9726484e-05
-0.0005783834
8.7807147e-05
-0.00057186251
0.00013710978
-0.00033068332
0.00012645582
0.00012492769
-0.00015203282
6.0678808e-05
-2.4260708e-05
-5.1443918e-05
-0.00018358491
-4.5438606e-06
0.00018574828
-0.00023061352
-1.0028004e-05
0.00021427851
7.4849445e-05
-9.6648932e-05
0.0001417146
0.00014009874
-4.3394535e-05
7.8197738e-05
0.00010755324
-7.6758553e-05
-7.6080124e-06
0.0001152889
-7.6820291e-05
-0.00013037066
0.00016512409
-9.882531e-05
-0.0002149284
0.00016940489
-0.00010890974
-0.00028774421
0.00016148874
-9.3377252e-05
-0.0002606919
1.4592848e-05
-0.00010515718
-9.4386757e-06
-0.00032012145
-2.8881934e-05
0.00011161978
-0.00010376632
-0.00014551698
0.00013936658
5.0066298e-05
-0.00013463559
0.00011919757
0.00012301152
-0.00013376348
4.2721837e-05
0.00016316201
-0.00014448045
-3.8109969e-05
0.00014654409
-0.00013208656
-0.00016815524
0.00018110839
-6.2434031e-05
-0.00025205279
0.00013886641
-0.00011349631
-0.00010587177
-7.9905302e-05
-0.00012945206
4.3997169e-05
-0.00014808067
-9.5862943e-05
5.0666837e-06
7.1397817e-05
-9.3417372e-05
-9.6203131e-05
0.00014109796
-6.3851942e-05
-0.00015874074
0.0001527063
-7.8706304e-05
-0.00020645044
0.00018027863
-4.4077065e-05
-0.00022316856
0.00015659971
-5.4417017e-05
-0.00016871281
7.0019809e-05
-6.537353e-05
7.0776817e-05
-0.00020570035
-5.5146635e-05
9.4925972e-05
3.0430832e-05
-7.0722976e-05
0.00014947801
-6.9250533e-05
-0.00037101582
0.00032599174
4.9278483e-05
-0.00020626434
-0.00048080228
7.937429e-05
8.6165144e-05
-0.00054827313
3.0913874e-06
0.0002837732
-2.0520096e-05
-0.00015913404
0.00023481218
0.00027174611
-0.00012148794
0.00021034237
0.00012654306
-0.00012844138
0.00013895884
6.4772858e-05
-0.00010822916
-0.00016029149
0.00045011886
-1.348673e-05
-0.00033425241
0.00037093201
-5.4367455e-05
-0.00027152829
0.000119117
-8.9708319e-05
-0.00015707595
-0.00012482015
-9.1597398e-05
9.4351866e-05
-0.00070431814
-3.3651382e-05
0.00028797353
-0.00030430637
-0.00012044248
0.00038770942
0.00012361962
-0.00019109896
0.00041035772
0.00030532148
-0.00014798862
0.00028370463
0.00046236643
-0.00011139484
-2.7838104e-05
0.00061404316
-6.762268e-05
-0.00032112869
0.00051588233
-7.6633699e-05
-0.00024301808
5.7821457e-05
-0.00013399498
1.8579606e-05
-0.00033396746
-0.00017141515
0.00032494399
-0.00047050004
-8.0907279e-05
0.00033610964
7.8311814e-05
-0.00012581694
-1.3504571e-05
0.00062341239
-0.00015985805
-0.00035094218
0.00066358726
-2.14909e-05
-0.00042709349
0.00044843384
-3.5574832e-05
-0.00022998301
5.4351423e-05
1.996663e-06
3.0370311e-05
-0.00010734521
-4.1091581e-05
0.00041903688
-0.00057379112
-7.198006e-05
0.00046893614
1.278466e-05
-0.00011749004
0.00066956533
-0.00012915299
4.6914283e-05
0.00022087509
1.7307793e-05
-0.00019089212
-0.00012753055
-4.1483247e-05
-0.00037922921
-0.00044158514
4.4617329e-05
-3.5698555e-05
-0.00045209474
4.1812504e-05
0.00016861796
9.688731e-05
-7.1850032e-05
0.00010273016
4.0801426e-05
0.00022272262
-4.1083698e-06
-3.3416953e-05
0.00030118817
-2.6184043e-05
0.00039160855
5.6143325e-05
9.7096352e-05
0.00018527458
1.8373195e-05
0.00031833578
-0.00015198238
0.00012987489
0.00032890668
-0.00017498094
0.00019263526
-8.4034674e-05
-0.00013747133
2.8370702e-05
-0.00025369789
-0.00014488314
7.6013541e-05
6.5733695e-05
-0.00022843572
9.1514581e-05
0.00017350569
3.0719757e-05
6.1668028e-05
0.00016263601
0.0003354163
0.00013306136
0.00012416648
0.0005488148
6.3047599e-06
9.9569629e-05
0.00042587509
-6.4099961e-05
0.0002282774
-0.00019842019
0.0001231768
0.00019108108
-0.00033943691
5.8854774e-05
-0.00015974248
-0.00011411678
0.00011748461
-0.00015176311
1.5707831e-05
0.0001918168
-9.8481112e-05
0.00054205822
3.7897944e-05
-0.00012902207
0.00061049502
4.8067443e-05
-8.6195658e-05
0.00031439734
3.7423065e-06
-1.3556852e-05
-0.00012830531
0.00019405507
0.00016184482
-0.00039914502
9.2236561e-05
-0.00015592522
-0.00034150313
-1.4370567e-05
-0.00010190415
-7.8625245e-05
-1.4344815e-05
0.00060414898
-7.6867136e-05
0.00020159263
6.398622e-05
-2.5585151e-05
5.4309914e-05
-3.1401353e-05
0.00010743947
-4.244293e-05
-0.00043873858
0.00010756192
1.395046e-05
-0.00048769477
2.313328e-05
0.00019278985
-4.1087045e-05
6.988252e-05
-4.0680213e-06
0.00023129877
0.00018368638
-0.00026443513
0.00028537322
7.6622265e-05
-2.1037788e-05
8.5740222e-05
2.614721e-05
0.00021182657
-0.00012272822
-7.2770035e-05
0.00027150677
-0.00026234132
9.8122709e-05
0.00028857241
-0.00013215987
5.8668771e-05
8.4490732e-05
9.2871595e-05
1.116898e-05
-8.6902594e-05
-3.6815969e-05
6.8978818e-06
-6.4354381e-05
-0.00030847294
7.4999104e-05
-4.6620564e-05
-0.00015356544
4.3610481e-05
3.3359412e-05
0.00014889949
0.00013654799
0.00015498213
0.00032831314
-9.2112864e-06
0.00025960624
0.00019411274
-7.85738e-05
0.00020212401
-0.00022876546
-1.663716e-05
9.5314399e-05
-0.00026295872
2.2565301e-05
-0.0001740472
0.00013483361
6.4021058e-05
-0.0003496357
0.00026063912
5.9242596e-05
-9.6191239e-05
0.00023084658
9.4349094e-05
0.00014582051
0.00031424322
-2.0334263e-05
0.00025467175
0.00013633567
2.8951095e-05
0.00012819949
4.1748512e-05
8.0443208e-06
0.0001097209
-0.00040408173
2.9870393e-05
-7.5749292e-05
-0.00022553168
-2.8885782e-05
-0.00030817672
0.00021930035
-8.2987118e-05
0.00031828049
-1.5033944e-05
0.00023317827
-0.00010619464
0.0003419416
-6.9075988e-05
7.2967055e-05
-5.4824665e-05
-0.00027495439
-2.9770504e-05
-0.00032833657
7.7918885e-05
-0.00017452244
0.00010764568
7.6905407e-05
4.7094194e-05
0.00022599989
-6.7141491e-06
0.00022416776
-3.8225409e-05
9.8323242e-05
1.7566626e-06
9.2799101e-05
0.0001118375
0.00021552194
0.00020822651
0.0001666423
0.00019596477
-0.0001013564
0.00012134669
-0.00022052706
3.3322785e-05
-0.00014132208
-2.2690342e-05
5.9455285e-05
-1.1481738e-05
0.0002027422
-6.3805755e-05
-3.0843664e-05
-1.875627e-05
-0.00034233906
0.000154171
-0.00032788134
0.00022789512
-0.00016930211
0.00022458132
6.5359479e-06
0.00013014639
0.00024046972
4.6094773e-05
0.00031365708
3.443448e-05
0.0002317833
8.3895823e-05
-0.00022107369
0.00013658241
-0.00047522255
0.00016572697
-0.00030080552
0.00017133916
0.00014240265
-0.00014402453
0.00012076557
-0.00014408435
-4.132869e-06
5.4416833e-05
-0.00020735613
4.5647782e-05
-8.4468417e-05
-0.00013146784
0.00013796799
3.6158764e-05
-0.00024383359
0.00020757785
-0.0002484219
7.4178919e-05
3.66305e-05
-0.00017128142
0.00013857646
-0.000279957
1.8891944e-05
-0.00013125567
-0.00025430425
-1.7912859e-05
-0.0001416439
0.00010123571
-0.00026623014
0.00016463915
-0.00019992857
0.0001993883
-0.00017097687
0.0001147029
-6.2056732e-05
-0.00012480248
0.000104007
-0.00029256718
0.00010237506
-0.00029157398
-0.00011752346
-0.00011736244
-0.00030848019
5.1562578e-05
-0.0002692513
0.00019953638
-0.00024745005
6.8854662e-05
6.260413e-05
-0.00017947499
0.00016485922
-0.00030009985
7.2727617e-05
-0.00020436694
-0.00015617799
-1.8927252e-05
-0.00025627215
0.00019720301
-0.00027981224
0.00019116811
-7.2911325e-05
0.0001138605
-0.00051604028
0.00068608433
-0.00044280361
2.0047541e-06
-0.00010461458
-0.00054245377
-6.3771615e-05
-0.00028444543
-5.0471092e-05
3.1795263e-06
0.00014261955
-0.00056536561
0.00036924488
-0.00058327638
0.00016282878
0.00022955987
-0.00033732343
0.00058436121
-0.00034263086
-6.5508945e-05
-9.9513413e-05
-0.00058901909
4.3499112e-05
-0.00031830781
0.00022064651
-0.00056382003
0.00028830775
-0.00045868878
0.00041421172
-0.00044486946
0.00047438194
-0.00023362178
6.5563807e-06
0.00050420988
-0.00038714666
0.0004194444
-0.00027973182
-0.00035893329
-0.00010409286
-0.00065553431
0.00010450821
-0.00055875966
0.00033102466
-0.00059978345
0.00022046972
1.3301009e-05
-0.0003730811
0.00073691913
-0.00044512651
0.0001091982
-0.00014887068
-0.00045043715
0.00012196164
-0.00056819604
0.00039415952
-0.00062399016
0.00043852246
-0.0002347643
0.00042322998
6.5417224e-05
0.00063797491
9.4508277e-05
-6.8569541e-05
-0.00023095245
-0.0001723757
-8.8242144e-05
-0.00038534323
0.00030235167
-0.00045926432
7.6653268e-05
-0.00011694458
-9.9035444e-05
-0.00010639949
2.6427679e-05
0.00016024007
0.00013323438
0.00049592771
0.00026805544
-7.0455113e-05
3.7070119e-05
-0.00016539852
7.8317642e-05
-0.00033118464
0.00010676422
-0.00051625307
0.00017865065
-0.00043906063
-2.4261779e-05
-0.000180289
-3.0119642e-05
-9.4702558e-05
8.6957551e-05
0.00039343745
0.00011234728
0.00032995471
2.3827791e-05
-0.000147237
-7.6024437e-05
-0.00049682732
-9.5160244e-05
-0.00042213926
-0.00023672468
-0.00026640223
-0.00014392086
-4.1604879e-05
6.4935554e-06
0.00063457215
0.00011368973
5.7443236e-06
-4.0354294e-06
-0.00013865691
3.9121262e-05
-0.00051911616
-4.6952927e-05
-0.00055228653
-3.865533e-05
-0.0002574067
0.00030770752
0.00027094847
0.00034144129
2.7696634e-05
0.00028212177
-9.3499831e-05
5.6382689e-05
-8.6755441e-05
-0.00036895433
2.3668821e-05
-0.00049980605
8.3759576e-05
6.651047e-06
-0.00011142663
0.00016540898
-3.5018425e-05
0.00010997908
0.0002073891
0.00018075015
9.9861901e-05
0.00013519479
4.9485628e-05
-5.6353484e-05
8.8885321e-05
-0.00035941536
7.9508815e-05
-0.00049997869
0.00015412077
-0.00043867349
2.844329e-05
-1.1001032e-05
-0.00017051149
0.00024080022
5.6209514e-05
0.00015750516
0.00010335432
0.0002042361
-7.2659102e-05
1.2139249e-05
-9.8922249e-05
-0.00044799889
-6.7344287e-05
-0.00038969619
-9.797857e-05
-0.00017652538
-0.00012659279
8.135841e-05
0.00025502328
0.0002326218
0.0001425775
0.00014714119
2.8017832e-05
-1.6052911e-05
0.00010004457
-0.0005612725
3.0683538e-05
-0.00051181126
-0.00013572942
-0.00017398085
0.00015694416
0.00023524665
0.00044829244
0.00044985047
5.1125636e-05
-0.00037076153
-0.00025646479
-4.396161e-05
5.9303329e-05
0.00020182807
0.00033877952
0.00039426353
0.00024307467
-6.0939252e-05
-0.00037826605
-0.0003559443
-0.00013783442
8.1889961e-06
0.00014861933
0.0001420023
-0.0001518256
-0.00031362668
-0.00026557075
-5.4065961e-05
0.00022465061
0.00040622628
0.0004740692
4.9379131e-05
-0.00029670514
-0.00029934682
)
;

boundaryField
{
    minX
    {
        type            calculated;
        value           uniform 0;
    }
    maxX
    {
        type            calculated;
        value           uniform 0;
    }
    minY
    {
        type            calculated;
        value           nonuniform List<scalar> 
292
(
-8.0843935e-06
-5.9603939e-06
-5.8185892e-06
-4.8354514e-06
-4.3388792e-06
-3.1003539e-06
-1.6313729e-07
-3.8020877e-06
5.8007626e-07
-1.0017437e-06
-5.3075223e-06
-8.9574643e-06
-6.0945988e-06
-5.403806e-06
-6.138655e-06
-5.3627127e-06
-9.6467453e-07
-3.8179311e-06
1.1537011e-06
-3.511727e-07
-2.1388705e-06
-1.4194825e-06
-7.5845089e-06
-7.6653219e-06
-6.8868358e-06
-8.3626777e-07
2.3963693e-06
-3.3012681e-06
3.4877661e-07
-1.1730587e-06
-2.2631034e-06
-1.1615827e-06
-2.8830594e-06
-1.7164064e-06
-3.8011598e-06
-1.1160092e-06
-2.8894983e-06
-5.6377392e-06
-4.0137918e-06
-3.411463e-06
-3.8637497e-06
-2.6648697e-06
-5.4095037e-06
-2.943255e-06
-3.2357304e-06
-1.1330667e-06
-4.0178021e-06
-3.3584167e-06
-3.5068175e-06
-4.2468978e-06
-1.1705845e-06
-3.0646939e-06
-4.6989514e-06
-3.3228456e-06
-5.4411591e-06
-1.5659541e-06
-4.3447138e-06
-3.9262194e-06
-3.7372501e-06
-5.5156729e-07
-7.4837983e-06
-3.1256555e-06
-5.4224164e-06
-1.2627545e-06
-3.6902594e-06
-1.2784459e-06
-2.920092e-06
-2.7426644e-06
-3.745734e-06
1.8252261e-07
-3.873498e-06
-3.2117592e-06
-5.4529156e-06
-1.8405292e-06
-2.6614956e-06
-3.6066218e-06
-3.6653727e-06
-5.6433111e-06
-3.766651e-06
-2.0568807e-06
-5.7874116e-06
-4.0042089e-06
-3.1363846e-06
-1.103155e-06
-2.9018081e-06
-1.4691791e-06
-3.1377177e-06
-3.9185964e-06
-3.2205611e-06
-2.0258593e-06
-3.4947718e-06
-4.1081994e-06
-3.1771942e-06
-4.3612304e-06
-1.5765723e-06
-3.5252509e-06
-2.769181e-06
-3.9403294e-06
-4.3290965e-06
-3.5936193e-06
-2.1198992e-06
-2.0697206e-06
-3.249713e-06
-4.507312e-06
-4.214715e-06
-5.2377915e-06
-2.6401292e-06
-3.5512536e-06
-4.4905058e-06
4.4573864e-07
-6.3685994e-06
-3.851427e-06
-3.7585685e-06
-2.6211002e-06
-4.6869258e-06
-4.3849187e-06
-3.6242561e-06
-3.4874065e-06
1.1850493e-06
-5.8084931e-07
-1.9174994e-06
-6.6143832e-07
-2.9041112e-07
-5.1831612e-06
-2.3897034e-06
-4.8883538e-06
-3.1261306e-06
-2.1501594e-06
3.4833295e-07
1.5645946e-06
-1.8675616e-06
-2.4326674e-06
-1.9191434e-06
-4.3621435e-06
1.1073883e-06
-5.4556426e-07
1.1316511e-06
1.8895338e-06
-1.172093e-06
5.1401369e-07
5.1174185e-07
-3.6314418e-06
4.540637e-06
1.911984e-07
9.5555335e-07
2.4642454e-06
-8.0229901e-07
5.1650319e-07
-1.716215e-06
-3.0309735e-06
2.3461965e-06
1.1740465e-06
1.4986259e-06
2.2616839e-06
-1.4977388e-06
-9.8851994e-07
-1.4537261e-06
-2.6101081e-06
5.4503275e-06
1.5686028e-06
3.5376528e-06
3.411825e-06
-2.1445508e-06
9.3371487e-07
1.1297783e-07
-2.5537802e-06
1.0308642e-06
4.1782768e-06
4.6284137e-06
6.4816014e-06
2.427871e-06
2.955618e-06
8.5535179e-07
5.6186613e-07
-1.2106213e-08
-1.3675543e-06
1.0756577e-06
4.7402613e-06
3.1215214e-06
4.3004748e-06
1.1250582e-06
3.0339475e-06
7.1398982e-07
6.1684196e-07
-2.4091765e-07
7.8776914e-07
1.8222913e-06
2.6943645e-06
3.9978818e-06
4.1151991e-06
2.090049e-06
4.8165853e-06
2.7988256e-06
1.7760445e-06
5.8709069e-07
2.5415314e-07
1.9672136e-06
3.5404315e-06
2.808768e-06
3.4502155e-06
3.7367225e-06
4.4633304e-06
4.7988902e-07
3.4030834e-06
2.2776082e-06
2.8923369e-06
4.346359e-06
3.9810043e-06
3.8574184e-06
4.3306954e-06
3.9037623e-06
6.0588642e-06
2.4184739e-07
1.8570994e-06
2.4460109e-06
2.3399322e-06
3.4998758e-06
3.2314358e-06
2.3990056e-06
3.2799712e-06
4.4835931e-06
4.2256415e-06
8.5895974e-07
4.1215623e-07
2.3408808e-06
1.6851693e-06
3.6694771e-06
5.8307219e-07
1.7577357e-06
2.4329187e-06
4.6229274e-06
4.7641218e-06
7.614722e-07
-5.4709599e-07
6.3821863e-08
4.8610367e-07
1.2313291e-06
2.814022e-06
3.5974845e-06
4.4551065e-06
3.4820341e-06
3.8201784e-06
1.6363569e-06
1.6537308e-06
1.1955813e-06
6.521694e-07
5.0153274e-06
6.6963521e-06
5.9337994e-06
5.4819879e-06
3.1211732e-06
6.0280671e-06
-8.6118498e-07
-1.9815741e-07
-4.1168922e-07
-2.4614214e-06
2.1547544e-06
3.7730753e-06
3.7976027e-06
5.5498263e-06
2.1487333e-06
5.4589282e-06
4.2079056e-06
4.3749574e-08
-3.1286934e-08
2.6870568e-06
7.0228164e-06
9.3360948e-06
8.7939239e-06
9.2917607e-06
7.5343661e-06
8.5353451e-06
1.9594947e-06
4.9141903e-08
-1.6723963e-06
4.161155e-06
8.4206028e-06
8.4447419e-06
7.2140262e-06
8.5745195e-06
7.140923e-06
8.2232561e-06
1.5613922e-06
1.0310819e-06
-3.8626409e-07
3.2999252e-06
7.7434825e-06
8.3814813e-06
7.9275997e-06
8.8780625e-06
7.5373983e-06
8.0570819e-06
)
;
    }
    minZ
    {
        type            calculated;
        value           uniform 0;
    }
    maxZ
    {
        type            calculated;
        value           uniform 0;
    }
    bottomWater_to_rightSolid
    {
        type            calculated;
        value           uniform 0;
    }
    bottomWater_to_leftSolid
    {
        type            calculated;
        value           uniform 0;
    }
    bottomWater_to_heater
    {
        type            calculated;
        value           uniform 0;
    }
}


// ************************************************************************* //
