/*--------------------------------*- C++ -*----------------------------------*\
| =========                 |                                                 |
| \\      /  F ield         | OpenFOAM: The Open Source CFD Toolbox           |
|  \\    /   O peration     | Version:  v2012                                 |
|   \\  /    A nd           | Website:  www.openfoam.com                      |
|    \\/     M anipulation  |                                                 |
\*---------------------------------------------------------------------------*/
FoamFile
{
    version     2.0;
    format      ascii;
    class       surfaceScalarField;
    location    "140/bottomWater";
    object      phi;
}
// * * * * * * * * * * * * * * * * * * * * * * * * * * * * * * * * * * * * * //

dimensions      [1 0 -1 0 0 0 0];
oriented        oriented;


internalField   nonuniform List<scalar> 
3858
(
-0.00020750143
8.1732803e-05
0.00012744482
-0.00023448206
-0.00010440726
0.00013321056
-0.0001542388
-0.00016194624
8.28797e-05
8.780268e-07
-0.00023153151
7.8162493e-05
0.00021444043
-0.00028030454
6.5768858e-05
0.00020771189
4.4343443e-07
7.8416219e-06
0.00010664148
9.9515913e-05
3.352227e-06
-5.1007014e-05
0.00011594144
4.142371e-05
-0.00019943344
0.00013885591
1.1653526e-05
-6.0431524e-05
-0.00021139564
7.0408581e-05
-6.808362e-05
9.8505023e-05
-9.0678591e-05
-0.00017351816
0.00013673879
-3.201652e-05
-0.00027728549
0.0001037877
1.3020766e-06
-0.00020553332
-0.00015943381
8.6457792e-05
-5.8418009e-05
-0.00020308537
5.4146225e-05
0.00010205945
-0.00022607217
6.3057255e-05
0.0002331706
-0.00022994506
9.6405737e-05
0.00034397025
-0.00017700339
6.5182288e-05
0.00036506494
-5.269366e-05
3.2311349e-05
0.00024558466
0.00012904829
-7.4394958e-06
4.2070924e-05
0.0001554498
4.8283279e-05
-0.00012683241
0.00010596465
6.2899369e-05
-0.00020581309
8.2404935e-06
7.1762492e-05
-0.00026756503
5.6011008e-05
6.2491366e-06
-0.00017036695
-0.00010821193
9.7678645e-06
3.7089552e-05
-0.00027339128
6.36405e-05
0.00018159482
-0.00024165696
9.6466409e-05
0.00029663172
-0.0002208802
0.00010483779
0.00021013466
7.3276229e-06
8.0776087e-05
0.00013351935
7.6745184e-05
-0.00039288769
0.00032508999
0.0001495305
-0.00031676136
-0.00032531514
0.00014478155
-0.00016749902
-0.00035890589
4.7697306e-05
4.604053e-05
-0.00049474976
4.9678693e-05
0.00033433641
-0.00058094436
1.2343944e-05
0.00036194228
3.4020178e-05
-6.1182609e-05
0.00035928746
7.0465366e-05
3.1705369e-05
0.00012325168
0.00022413251
0.00012784472
-0.00012025648
0.00023559065
0.00014677342
0.00012420104
-0.00055389906
9.8045905e-05
0.00015018271
6.0631578e-05
1.1891787e-05
-0.00022367711
0.00046823854
4.2360062e-05
-0.00032264404
3.7738262e-05
0.00016501638
-0.00020207144
-0.00046146746
0.00018146106
-3.4877849e-05
-0.00043801638
6.773743e-05
0.00012892366
-0.00046132056
7.1446882e-05
0.00021179511
-0.00050234798
0.00018953147
0.00033163003
-0.0004318541
0.00013501579
0.00041702826
-0.00023887829
0.00010078639
0.00030640352
0.00021533002
2.4343007e-05
-9.0441438e-05
0.00050938014
4.2914611e-05
-0.00017763533
4.1631778e-05
0.00015152675
-0.00021407441
-7.2387642e-05
0.00011706721
-0.00042505098
0.00032028853
-5.3300951e-05
-0.00021966614
-0.00027191992
-4.1676856e-05
1.782187e-05
-0.00054309003
3.2210744e-05
0.00018278475
-0.00050579136
9.9171518e-05
0.00036833881
-0.00052152174
0.00011508749
0.00037460125
-9.4610583e-05
9.5675763e-05
0.00045099235
5.7128254e-05
4.2799183e-05
0.00021731127
6.497954e-05
-6.7802252e-05
-0.00010770706
-0.00010700664
-0.00012629614
-0.00025270463
-4.7707368e-05
-7.7230651e-05
-0.00045068483
-9.3130413e-05
-7.4197923e-05
-0.00052168995
-6.2287142e-05
8.4739673e-05
-0.00026341117
0.00013849376
6.3069775e-05
-7.7774961e-05
0.00016991023
0.00010954755
6.9965543e-05
0.0001076892
6.1117091e-05
0.00015236144
0.00013165969
-0.00028632891
-0.00015482504
-5.1628021e-05
-5.081671e-05
-0.00031707509
0.00014219448
0.00026883467
0.00010018637
4.8400814e-05
0.00029967911
-5.8897861e-05
6.5791701e-05
0.00012606121
-0.00024897124
-3.8878307e-05
6.4244142e-05
-0.00032875925
-4.7440048e-05
5.7156524e-05
-0.00042192025
-3.231268e-05
6.9836449e-05
-0.00045862553
-5.6402372e-05
-5.7112614e-05
-0.00030500571
1.0067048e-07
-0.0001490042
-9.3664325e-05
-5.3322383e-05
-2.2729921e-05
0.00013326351
-4.4207777e-05
-1.125241e-05
0.00047208793
2.5814699e-05
-2.8920447e-06
-5.3720867e-05
8.6992275e-05
7.0371223e-05
-0.00027600266
0.00013035174
0.00015119184
0.00020115173
3.8316177e-05
7.3789776e-05
-9.7267483e-05
-9.7250381e-05
1.6725822e-05
-0.00043074536
-5.5280728e-05
2.227361e-05
-0.00042466118
-8.6677976e-05
-0.00015512101
-0.00016071917
-0.00018340795
-0.00010947939
-7.3311854e-05
-6.6940344e-05
0.00036400546
-2.24925e-05
0.00016957468
1.771986e-05
3.0016724e-05
1.9824131e-05
1.8236843e-05
2.3806639e-05
-5.1552212e-05
-0.00021136481
3.0036512e-05
-1.6284346e-05
-0.00043159585
-5.4356855e-05
2.1861769e-05
-0.00050187135
-5.7964713e-05
0.00011311622
-0.00031456651
-4.0099109e-05
-2.0621416e-05
0.00010736539
-5.1402705e-05
-0.00010691732
0.0002310013
-7.4739846e-05
-2.665806e-05
6.9146955e-05
2.955226e-06
-0.0001272853
-6.156411e-05
7.3663235e-06
-5.4347592e-05
-0.00037475426
-1.5258519e-05
0.00023510859
-0.00025855003
6.9280235e-05
0.00021428648
-7.7129317e-06
-3.0362798e-05
0.00014593838
-0.00017547156
-5.151545e-06
8.8068728e-05
-0.00029189025
2.1000663e-05
3.2782741e-05
-0.00040518435
3.85501e-05
4.9662212e-05
-0.00043691247
-3.859253e-05
-3.0591791e-05
-0.00022992377
5.1720639e-06
-0.00021534821
0.00014349987
-5.2407781e-05
-0.00014010065
0.00010842504
-5.0409096e-05
0.00011144656
0.00019410534
2.6435371e-05
1.0210558e-05
8.5832448e-05
-3.8317317e-05
-4.2928723e-06
-0.00028649211
2.4992878e-05
5.5706655e-05
8.3876272e-05
5.7275928e-05
1.9785299e-05
-3.377081e-05
-2.7575325e-05
-3.788346e-06
-0.00043333607
2.6164357e-05
4.8469183e-05
-0.00043210494
-4.4813771e-05
-3.7973883e-05
-5.261823e-05
-2.1657872e-05
-0.0002192632
0.00014416489
-3.6187427e-05
0.0001155847
2.9157557e-05
0.00013825433
-0.00012053447
0.00029863339
-0.00014214222
0.00025924176
-0.00017197319
-5.9765241e-06
-0.00016637756
-0.0003443522
-0.00016349567
-0.00047121654
-0.00018770217
-0.00027659039
-8.7260754e-05
2.5603169e-05
-7.1192257e-05
0.000214194
-0.00011944387
0.00029100162
-0.00013837172
0.00011420889
-0.00019796152
3.7428062e-05
-0.00018176918
0.00017668375
-0.0001469686
0.00020228367
-0.00020107146
0.00015705503
-0.0002466616
2.4304935e-05
-0.00027243425
-0.00021223893
-0.00020036861
-0.00032551454
-0.00011664816
-0.00017522658
-6.7881002e-06
-5.7142179e-05
-9.6593638e-06
0.00013040865
6.5545059e-06
0.00022265075
-6.409667e-06
2.1150135e-05
-8.4991497e-05
7.9413676e-05
2.5612725e-05
0.00020781043
-0.00016216757
-5.4937434e-05
-0.00017058821
-0.00036343035
-0.00012361202
-0.00033915616
-7.6892423e-05
-0.00016448166
-3.0509604e-05
-4.8896954e-05
-0.000167463
0.00014247341
0.00015476414
-0.00025240015
7.03796e-05
0.00015195007
-0.00014499126
-0.000171671
0.00014849751
-0.00010746437
-7.2455457e-05
0.00011598705
1.1267618e-05
-0.00013319465
8.168962e-05
0.0001703743
-0.00022778615
7.622511e-05
0.00017483273
-7.4418296e-05
7.3449974e-05
5.2738134e-05
0.00010905681
5.4413174e-05
-9.6081087e-05
0.00014351401
1.6452667e-05
-0.00015191982
9.8199293e-05
2.9264741e-05
-3.7093898e-05
-0.00012501539
-8.2009856e-05
-5.9968355e-05
8.993964e-05
-0.00010043438
-0.00016541442
0.00012630524
-2.1848421e-05
-0.00022501969
8.0681197e-05
6.5125426e-05
-4.3750065e-05
-0.00022447555
9.3924635e-05
0.00015648092
-0.00022116208
8.1026044e-05
0.00021206756
2.912664e-05
1.0448866e-05
0.00020620415
0.00011351443
-4.299022e-05
0.00014645062
0.00016260953
-7.0959664e-05
7.3964024e-05
0.00015742057
-9.3377749e-05
-8.7757131e-06
0.00013520064
-5.7097752e-06
-0.00011030358
0.00013176673
3.0605623e-05
-0.00022474281
0.00011871064
6.9052902e-05
-0.00012615982
-0.00016994884
7.5667676e-05
4.0384515e-05
-0.0002371829
7.7463123e-05
0.00019616936
-0.00022170527
0.00012710023
0.0002680171
-8.744747e-05
0.00011161446
0.000253205
9.3587053e-05
2.7049652e-05
0.00015264325
0.00016502568
1.7218926e-05
0.00015422675
7.4955214e-05
-0.00038850057
0.00051004181
0.00017046266
-0.00038324012
1.5699049e-05
0.00019420165
-0.00016611899
-0.00047429174
0.00013319692
-7.1920843e-05
-0.00023150035
0.00011452544
9.7847046e-05
-0.00033928702
4.8668419e-05
0.00031113721
-0.0005420284
3.9769483e-05
0.00041413983
-0.00028355125
0.0001378357
0.00014879073
0.00037383986
0.00012841077
-0.00021306981
0.00055361316
9.8534806e-05
-0.00013031655
1.5969919e-05
9.7522025e-05
0.00017615938
-0.00043212903
1.2529504e-05
-5.2321646e-05
0.00045895113
-9.8170386e-05
-0.00035452125
0.00055763422
3.5887008e-05
-0.00029336874
2.2288982e-05
0.00017870078
-6.5554513e-05
-0.00056081871
0.00017626637
0.00017270411
-0.00053772209
0.00014974827
0.00032850231
-4.4172024e-05
0.00010703194
0.00040671595
0.00012491019
4.540639e-05
0.00031090594
0.00041034683
-5.1140897e-05
0.00015174019
0.00051955802
-0.00017862871
-0.00012748466
0.00061843179
-0.0001610917
-0.00029548788
0.00050864578
-5.7349076e-05
-0.00017770993
8.7807478e-06
0.00010921915
-3.3129057e-05
-0.00048362832
0.00011579765
7.1950686e-05
-0.00052442129
0.00014048179
0.00019040809
-0.00050256656
0.00019461463
0.00031269652
-0.00027976393
0.00016919955
0.0004186066
7.967308e-05
2.309138e-05
0.00026685553
0.00046037584
-4.792333e-05
0.00054992959
-7.1719047e-05
9.0913916e-05
0.00044350254
4.0604893e-05
0.00013661929
-5.0637588e-05
-8.6375383e-05
-0.000108711
-9.0265322e-05
-0.0001864035
-1.154012e-05
-0.00032088799
-0.00010091366
0.00011602937
-0.00044622623
-8.2917416e-05
-0.00013953407
-9.4283043e-05
-5.3688152e-05
-0.0001383832
-0.00010902267
-5.7692078e-06
2.9724545e-05
0.00026232275
5.1098569e-05
0.00016726814
0.00046985458
7.7874681e-05
0.00016599831
-2.3155789e-05
-1.1232477e-05
-5.5014996e-05
-0.00015427165
8.5350411e-05
3.6133816e-05
0.00030003417
0.00011616897
0.00019106607
0.00045811246
1.0381231e-05
0.00026876859
-2.2872916e-05
-7.1418909e-05
-4.3247664e-05
-0.00010437868
-0.00019186382
-0.0003057146
-0.00018402188
-0.00012354595
-0.00010143063
-0.00026214836
-4.2710003e-05
5.1589814e-05
-0.00010355666
7.5547081e-05
5.5486993e-05
0.00027074644
8.2380819e-05
2.2879637e-05
0.00045821671
4.974088e-05
-1.1564455e-05
0.00059685796
8.1832614e-05
0.00012451923
0.00037418899
8.5365379e-05
0.00032586458
-0.00013845762
7.6244751e-05
0.00022695191
-0.00033844104
-7.9584292e-06
6.8226641e-05
-0.00025645425
-0.00020649216
-5.4420169e-05
-0.00027252564
-0.00016267485
-0.0001390666
-0.0002326773
-4.9118171e-05
-3.7239206e-05
-3.3693875e-06
-0.00020219288
2.9626519e-05
0.00035230299
-2.5733213e-05
0.00051765367
3.9409937e-05
0.00026742489
0.00019986506
6.2293092e-06
0.00019003129
0.00014583288
-9.527023e-05
2.0150667e-05
0.00017170999
-6.2058182e-05
-4.3692344e-05
-0.00027278434
-3.8617494e-05
2.4253004e-05
-0.00048868225
-8.3454042e-05
-9.190925e-05
2.3114009e-05
-4.13339e-05
-0.00024218124
7.8677034e-05
-8.8830423e-05
-7.4860322e-05
8.5150294e-05
-6.4888297e-05
0.00012917301
0.00025392264
1.4853847e-05
-0.00015474231
0.00032604028
-5.7914418e-05
-0.00028250065
-6.4173873e-06
-3.5354429e-05
4.0963819e-05
-9.2931985e-05
0.00013878194
0.00030785698
0.00014975246
1.1104065e-05
0.00024889113
9.7913703e-05
-6.6972288e-05
5.647023e-05
0.00012011556
-1.1072657e-05
-0.00013477472
-2.0716458e-05
6.6489641e-05
-0.00019950346
-0.00021453369
-2.1478465e-05
-0.00022054671
-0.00010233349
2.4992134e-05
-0.00014840968
9.6497234e-05
4.9704393e-05
-5.0856072e-05
0.00026463575
4.5618252e-05
0.00011536672
0.00034274898
0.00011432155
0.00024477286
9.1286315e-05
0.0001151792
0.00017477064
-8.9627952e-05
4.6165428e-05
0.00015638389
-0.00032495283
6.2174449e-05
6.1062577e-05
-0.00013971704
-4.8991233e-05
-3.8625201e-05
-0.00018291273
3.6239218e-05
-0.00012685175
-0.00019308707
3.8225332e-06
-0.00020732377
0.00011124928
-5.5804515e-05
-0.00011622648
0.00016630235
5.8715926e-05
0.00030053247
0.00013005229
0.00014805944
-6.8728857e-05
0.00024480955
-9.3059448e-05
0.00034879056
-0.00010424422
7.1591447e-05
-0.00016196278
-0.00037509106
-0.0002054954
-0.00036590921
-0.00017377001
-0.00024574423
-0.0001287487
-0.0001211782
-0.00011060799
6.6293526e-05
-5.2992953e-05
0.00025579639
-1.8342969e-06
0.00014604583
-9.4628338e-05
-1.2551388e-05
-0.00011610393
7.4035371e-05
-8.3802881e-05
0.00013617664
-0.000165299
0.00021328014
-0.00020364953
0.00014815173
-0.00022802228
-8.7512466e-05
-0.0001792381
-0.00023338308
-7.311104e-05
-0.00022543214
8.1758185e-05
-8.3223195e-05
0.00011276744
0.00017453505
9.1545233e-05
0.0002724592
-1.3047507e-05
0.0002051366
-0.00010729686
6.2710587e-05
-0.00015691409
2.6038289e-05
-0.00026521232
-0.00011262428
-0.00021483838
-0.00029297516
-0.00013634821
-0.00024087475
-1.7743554e-05
-0.00018954343
8.4461421e-05
6.2092088e-05
-0.00010010616
0.00013225251
0.00012601822
-0.00020241442
0.00016958862
8.9564332e-05
-0.00020232668
0.00011666114
3.6491004e-05
-0.0001716993
0.00011252607
-2.2982471e-05
5.431117e-06
-6.9982994e-05
-2.3744066e-05
0.00011790169
-0.00010438458
6.9252079e-05
4.6197739e-05
8.7655896e-05
5.8219681e-05
-1.7040047e-05
0.00011732552
1.2985563e-07
-0.0001301292
0.00013418564
-5.1575573e-06
-0.00019358182
0.0001190169
-2.3256397e-05
4.0487553e-05
-0.00028875118
-3.1492566e-05
4.6043782e-05
4.6294737e-06
-0.00011111151
-3.1676358e-05
9.8271661e-05
-4.5594287e-05
-9.8448425e-05
0.00012694926
2.9941554e-06
-0.00011765794
9.7034315e-05
1.4571756e-05
-0.0001185534
6.7097159e-05
1.2670991e-05
-0.00012442357
8.7307418e-05
-7.2808418e-05
5.426528e-05
-0.00012565904
-9.9016523e-05
0.00012897763
1.0574546e-05
-0.00015422582
0.00010478841
8.5605202e-05
-0.00015248176
5.1839006e-05
0.00013496404
-8.5727527e-05
1.2838539e-05
0.00010977465
-3.9523255e-05
-4.5135332e-05
0.00015039895
-2.2011773e-05
-6.4111445e-05
9.3305209e-05
2.8014052e-06
-2.0788174e-05
3.7550782e-05
-2.4318025e-06
1.311162e-05
7.2736606e-05
2.1658323e-05
1.1468989e-05
0.00012671586
-1.3447416e-05
3.0138555e-05
0.00010838633
-0.00010026022
2.4256597e-05
9.6674753e-05
-7.3352127e-05
0.00011051315
-1.0960635e-05
-0.00029255756
0.00049681899
9.8453733e-05
-0.00044496081
0.00044356038
7.2633145e-05
-0.00031503732
5.8622738e-05
6.131183e-05
-8.369291e-05
3.8316794e-05
-4.2609697e-05
0.00015451808
-0.00023671044
-2.2815121e-05
0.00041799972
-0.00035193316
2.3836419e-05
0.00040860767
0.00015370082
8.1182823e-05
3.7801727e-05
0.00059718854
1.9353693e-05
-0.00031571077
0.00059175289
-5.5199466e-06
-0.00016536626
6.7299098e-05
-1.10468e-06
0.00026863005
-0.00068331522
-2.6902755e-05
0.00032982472
-1.9616601e-05
-0.00013511897
1.4484619e-05
0.00055330546
-0.00010380668
-0.00026267428
0.00052844719
5.4361754e-05
-0.00024615832
0.0001116061
0.00014517864
-0.000218058
8.2135045e-05
0.00010661006
-0.00029239262
0.00031268419
-4.401022e-05
-7.1700572e-06
-0.00035977353
-5.701687e-06
0.00017025685
-0.00011950414
-9.8489127e-05
0.00020265579
3.9323809e-05
-0.00016474625
0.00016328354
0.00012452707
-0.00011128248
3.053422e-05
0.00026215542
-7.6980524e-05
-0.00013685797
0.00044907155
-2.2061262e-05
-5.9121037e-05
4.2497336e-05
8.8868581e-05
4.0384424e-05
-8.8415894e-05
0.000166943
0.0001262029
2.2580976e-05
0.00015895178
-4.6708152e-05
0.00045043848
1.8387982e-05
-0.0002268086
0.00045867278
-0.00014709462
-0.00014765752
9.7880202e-05
-0.00012827985
2.8833806e-05
-0.00013769723
-2.2678957e-05
0.00049311088
6.6991955e-05
-7.8386861e-06
0.00036263184
-2.0287124e-05
3.3280131e-05
-6.3085098e-05
-0.00010581448
0.00010765642
-0.00015380955
1.6836393e-05
6.1228312e-05
-0.00030599647
3.2796719e-05
-0.00017398813
-9.2548961e-05
-7.7855901e-05
-5.0717555e-05
7.4961006e-05
-5.0299971e-05
4.4794067e-05
0.00058199092
-2.9215427e-05
0.0001749522
0.00054115846
-1.6890163e-06
0.00025260484
-3.3369551e-05
1.1783537e-05
-0.0002139775
-0.00014410327
1.272081e-05
-0.00020439078
-3.6511619e-05
0.00012347729
-5.5896494e-05
0.00045226083
-3.7068402e-05
-5.9614159e-05
0.00045512498
5.6209913e-06
-4.5944356e-05
-1.3927848e-05
-7.9999669e-05
-4.6452913e-05
-3.8791875e-05
-2.1104634e-06
-3.4832735e-05
0.00018863408
6.9719931e-05
-0.00019689008
-9.6354142e-05
-2.5814961e-05
-0.00025614354
-0.00010724982
0.00012937997
-0.00012598112
-0.00020639566
0.00016529792
-5.5451491e-05
-8.0157516e-05
0.00021598757
-9.7299044e-06
0.0001475671
0.00015423211
8.233583e-06
0.00036872757
0.00013862524
9.7189651e-05
-3.1148108e-05
-2.3269062e-05
-4.0606351e-05
-6.1839421e-05
-9.5272637e-05
-7.5618963e-05
-4.4483069e-05
-6.0598194e-05
-0.00012560782
0.00037798112
7.3328046e-05
-0.00013010385
0.00016628103
9.4694897e-05
-6.5600429e-05
-3.7910672e-05
4.5554243e-05
-5.5009924e-05
5.765324e-05
0.00015872001
0.00031578029
2.4839878e-05
0.00029104804
0.0001960227
-6.098912e-05
8.2211085e-05
0.00020996798
-0.00012627431
-4.4048655e-05
-4.5996434e-05
-2.017087e-05
-7.4582731e-05
-0.00030214888
-5.6767559e-05
-0.00023932589
0.0001035725
-7.2712196e-05
-0.00028926643
0.00014171703
-0.0001056459
-4.3607909e-05
0.00032133887
-4.9894765e-05
0.00020174471
0.00030073884
9.9208573e-06
0.00018027124
-6.2429281e-05
-7.3812142e-06
-4.7486266e-05
5.375301e-05
-5.4531827e-06
-0.00023768402
0.0002180143
7.4453797e-05
2.2735263e-05
0.00020147433
1.4713072e-06
0.00030449726
0.00017025654
-6.3865831e-05
0.00018425509
0.00021537538
-0.00012013369
-5.2931697e-05
0.00032359134
-5.8706781e-05
-1.809584e-05
0.00011630794
1.6011815e-05
-0.00014993533
0.00019998009
-0.00013950261
-0.00022921784
-1.718587e-05
3.8922954e-05
-0.00018726407
-0.00026255352
5.9822336e-05
-0.00011234208
-0.00019538299
0.00015462503
8.0705296e-05
-7.9359207e-05
0.00014905812
0.00037746528
2.1703851e-05
9.6429149e-05
0.00024499967
0.00017416846
-1.0676517e-05
-0.0001301934
0.00035314968
-8.8787266e-05
-0.00037654877
0.00026187908
-2.3767572e-05
-7.8653414e-05
3.5733916e-05
4.8174373e-05
0.00029443046
-0.00028325571
2.0648364e-05
0.00028695707
3.3667066e-05
-5.3884202e-06
0.00036829575
-6.2963098e-06
0.00020485974
4.2191697e-05
0.00025282698
5.499601e-05
0.0002917877
6.6763048e-05
8.1024562e-05
2.8039182e-06
-0.0003268503
-9.976942e-05
-0.00034335925
-5.3688556e-05
-0.00027373517
-5.6655743e-05
-1.7951945e-05
-4.5052343e-05
0.00017769249
5.2101449e-05
7.4957804e-07
0.00011267935
-0.00016051247
0.00012038673
-0.0001338797
7.5277629e-05
-3.7024718e-05
2.0816486e-05
3.6885099e-05
-6.8952259e-05
0.00012439418
-7.578322e-05
0.00021494093
5.0223179e-06
0.00015676252
-4.7517467e-06
0.00023149045
5.2141111e-05
0.00017370275
0.00012236002
-8.3108428e-05
0.0001070251
-0.00023318957
4.6243384e-05
-0.00025602101
-6.9575277e-05
-0.00021933326
-0.00012228077
-8.9424091e-05
-0.00011265481
6.7718235e-05
-6.9204979e-05
0.00017013695
-5.5378013e-05
0.000124913
-5.5390347e-05
-0.00018138947
5.3032026e-06
-0.00021057771
0.00014731673
0.00021981013
-1.6395063e-05
0.000141821
4.3650497e-06
-5.6551521e-05
0.00014893779
-1.5207634e-05
-7.7078371e-05
0.00015120848
-8.9370359e-05
-6.8886169e-05
9.4359159e-05
-0.00012058323
1.7576367e-05
-2.3088326e-05
-8.5347623e-05
-1.8159988e-05
0.00014187122
-3.3986548e-05
-9.3949235e-05
0.00018244404
-4.6786808e-05
-0.00012188257
0.000130475
-0.00010192552
-0.00021224694
0.00015666309
-7.0375818e-05
-0.00027402692
9.4558326e-05
-5.2977982e-05
-5.7928566e-05
-0.00022972804
-1.9770585e-05
0.00014765209
-0.00026293171
-5.7113261e-05
0.00014086047
6.7577717e-05
-0.00010768441
-4.8122839e-06
0.00014760598
-0.00013080719
0.00013806587
-0.00024957475
0.00013111127
-0.00025675404
-6.7913287e-05
-0.00016838511
-0.00012000598
-6.9231793e-05
-4.1846754e-05
-0.00020208292
-8.1199551e-05
0.00010643059
-0.00027737358
-2.6217289e-05
0.00014225755
-0.00014045366
1.8163801e-05
0.00020432564
-0.000149842
4.6224766e-05
0.00011994952
0.00011045389
-4.7066009e-05
1.4893253e-05
0.00014292362
-3.6455191e-05
-7.4954673e-05
0.00013324927
-4.7648289e-05
-0.00013768023
0.00013723776
-5.4140276e-05
-0.0001476084
8.4831633e-05
-8.9272598e-05
-7.9251787e-05
-5.6541293e-05
-0.0001124862
3.869473e-05
-0.00012544429
-6.6758691e-05
0.00013100531
-0.00010234239
-0.00013040133
0.00044976599
-7.9089931e-05
-0.00020723843
0.00036980585
-7.1397823e-05
-0.00010808605
0.00017876941
-6.5401484e-05
8.0096437e-05
6.9398289e-07
-0.00013712701
0.00026293294
-0.00018551157
-4.3228377e-05
0.00038239586
5.5676811e-06
4.0677043e-05
9.6768681e-05
0.00054166164
7.5923971e-06
-0.00024567226
0.00059366935
-0.00010139971
-0.00041162422
0.00043868716
-0.00012159206
-0.00022263867
-2.3126385e-05
-7.240551e-05
5.4573599e-05
-0.00054353666
9.6935941e-06
0.00031065347
-0.00060875985
-4.5370707e-05
0.00032159361
8.4632212e-05
-0.00013180131
-5.2442324e-05
0.00057600368
-0.00037956917
0.00061037136
-0.00045701358
0.00031516575
-0.00031704236
-0.00025189473
-0.00022257569
-0.00030020183
8.0027495e-05
-6.7038634e-05
-0.00047041735
1.4308238e-05
7.9287997e-05
-0.00060504236
1.6595901e-05
9.9527231e-05
-0.0003872409
0.00011526553
0.00019006971
-0.00047718587
0.00015982086
0.00030756223
5.907731e-05
-8.8177212e-05
0.00018026204
0.0004572852
-9.8192818e-05
-0.00012342151
0.00062751356
-2.3637749e-05
-0.00032296654
0.00055102354
-5.5288966e-05
-0.00039097428
0.00031620516
-0.0001449778
-0.00027494248
-0.00020068425
-0.00011898347
-5.2831358e-05
-0.00043039757
-4.5437688e-05
8.3198554e-05
-0.00014272183
6.9024807e-05
0.00041817399
2.9559144e-05
0.00015994786
0.00027074498
-1.2149303e-05
0.00020870562
-2.1921843e-05
4.6119013e-05
0.000197141
-0.0001030769
0.0001321719
-7.3963381e-06
-0.00010845333
0.00016027582
-3.7119023e-05
-0.00010409068
6.1525144e-05
-3.9917785e-05
0.00049376451
3.9592519e-07
-8.7659668e-05
0.00061595673
-3.7609293e-06
9.7342527e-05
0.00035072655
-9.8730607e-05
0.00031670728
-0.00025239492
2.1687317e-05
3.4768988e-05
-0.00028500765
3.6130109e-05
-0.00029445017
-9.1773078e-05
-6.429031e-05
-0.00013252446
6.1919508e-06
-0.00012055383
-7.1825206e-05
0.00052092543
-0.00010246173
0.00056100822
2.8014829e-05
0.00018257873
-5.0142181e-05
-0.00010401779
-0.00015093643
-0.00013205974
-9.316279e-05
-6.0317916e-05
-0.00045262604
2.0970148e-05
-4.9274857e-05
-0.00049428636
4.349886e-05
-0.00010977376
-0.00024851058
0.00013775615
-0.00032680951
-9.8092358e-05
-7.8256588e-06
-0.0001489108
-9.7198296e-06
2.9523649e-05
9.3042025e-06
0.00033577966
-5.9978531e-05
-4.5890349e-05
0.00059545519
-8.0197219e-06
-7.1840332e-05
0.00049286589
2.350944e-05
5.9295199e-05
0.00023419233
2.4205341e-05
-7.8372629e-05
-9.5364023e-05
0.0001270425
-0.00028874613
-0.00022372356
4.9253741e-05
-0.000160309
1.2414663e-05
0.00016594281
0.00026810679
8.9642741e-06
0.00031372439
3.4673469e-05
2.7300806e-05
0.00031686133
-0.00014395849
-7.3745969e-06
0.00012732896
0.00010352716
-3.7242567e-05
-0.00016968651
0.00021881854
-8.7023949e-05
-0.00033375778
0.00011883142
-0.00013156302
-0.00018263265
0.00021446346
2.2530016e-05
-3.5336156e-05
0.0003814267
3.7338779e-05
0.00016300869
0.00017050503
-8.2024526e-06
5.0043023e-05
-0.00024029937
9.3488911e-05
-0.00010202695
-0.00023750304
9.9112192e-05
-0.00023725764
0.00013305652
-1.5145082e-05
-0.00027295096
0.00016685567
-0.00012349906
-5.2321496e-05
0.00023643015
0.00010565517
0.00028289788
0.00017365733
5.5869791e-05
-3.3951956e-05
0.00011960332
-0.00010130213
-4.8890165e-05
-0.00015532201
-5.2584215e-05
-0.00045821109
-4.2099084e-06
-6.4592634e-05
-0.00046596976
4.3514149e-05
-6.5470446e-05
-0.00019389511
0.00010088737
-0.00016178099
0.00013850233
8.7739561e-06
-0.00028155418
0.00017260002
3.3882487e-05
-0.00012994924
0.00016864289
4.8552977e-06
4.0912008e-05
0.00036611567
-3.0309002e-05
0.00017490888
0.000295927
3.9174437e-05
0.00024804302
0.00017277732
3.6455242e-05
9.9589678e-05
0.00013531172
-6.1574034e-05
2.5905339e-05
-0.00015225412
-3.1735137e-06
-8.5201884e-05
-5.549808e-05
0.00017105075
0.00013924773
8.2019685e-05
0.00017870054
-0.00016603337
0.00017085761
-0.00022040358
0.0001607013
-0.00021133435
0.00010997988
-0.00025106217
0.00010487069
-0.00018385633
9.0601883e-05
6.8683456e-05
8.3834571e-05
0.00024664911
4.4640827e-05
-2.5218935e-06
0.00012155099
-0.00031573076
0.00019609257
-0.00027480597
0.00016740938
-0.00016553855
7.8404755e-05
1.9393485e-06
0.00020905401
0.00026994613
0.0003847977
0.00038538453
2.6641194e-06
2.9631362e-05
1.9902093e-05
-0.00033015112
8.3782587e-07
-0.00044360286
-3.4199994e-05
-0.00033378912
-4.0886691e-05
-0.0002354738
-4.7996071e-05
-0.00013225741
-4.7228334e-05
0.00010575427
5.8899014e-05
0.0002560089
9.0294349e-05
0.00026771972
0.00010567616
0.00027901677
0.00012931787
9.6655402e-05
0.00017742398
0.00023126365
-7.7783217e-05
0.00010111372
-1.628142e-05
-0.00017457925
9.6589939e-05
-1.1070307e-05
-4.7091865e-05
-0.00021116721
-4.3483592e-06
8.8727091e-05
-0.0002525271
-2.3804012e-06
0.00027135631
-0.0003172701
4.787106e-05
0.00031239139
-9.3810745e-05
1.9083186e-05
0.0001532059
0.00011394969
-5.3328621e-07
-3.552645e-05
0.00011832873
-3.1938218e-05
-0.00018272925
0.0001424698
-6.6198331e-05
-0.00024102985
6.3197869e-05
-5.5614925e-05
1.8013164e-05
-0.00029499095
1.2651561e-05
9.0660106e-05
-8.538447e-05
-4.672806e-05
7.1083561e-05
-9.0928397e-05
-8.0867867e-05
1.259518e-06
4.3187283e-06
2.8534397e-07
-0.00016659813
-1.4275617e-06
0.0002142847
-0.00031503489
7.046025e-05
0.00023457853
-0.00010095398
9.7417714e-05
0.00014263703
3.1428078e-05
0.00010580666
0.00020441234
-0.00019441155
8.2731296e-05
7.7888295e-05
7.2751675e-05
1.7750991e-05
-0.00016488476
0.00014701057
4.7299092e-05
-0.00030428247
6.1419235e-05
2.4725588e-05
-0.00023084443
-0.00019747971
3.3763553e-05
-3.0132038e-05
-0.00031089831
-3.8367527e-06
8.7512679e-05
-0.00018175392
-2.6690239e-06
4.0922393e-05
-5.479295e-05
-0.00021446594
0.00033135633
-9.4866599e-05
-0.00017902856
4.4593347e-05
-5.4838606e-05
6.4036076e-05
-0.00054289186
2.3258528e-05
0.00017503534
-0.00051661636
1.5962979e-05
0.00038411733
-0.00063594235
6.6361884e-05
0.00049837622
-0.00028434468
0.00011695209
0.00033972049
0.00028236363
-2.1658089e-06
-5.3881538e-05
0.00048159617
-7.1065122e-05
-0.00034652715
0.00051602178
-0.00020249844
-0.00019947934
-3.69812e-05
-0.00011927424
0.00013947015
-0.0006545615
3.0314654e-05
0.00033681755
-0.00023824285
-8.9859712e-05
0.00046939511
-0.0001932953
-0.00038364748
0.00052644579
-6.1511291e-05
-0.0001241895
-0.00038114528
-3.0602585e-05
0.00013568622
-0.00060428447
4.5969766e-05
0.00025340789
-0.00026626
0.00016284987
9.0943389e-05
0.00011980398
0.00023390946
0.00020155125
-0.00050340738
0.00011021075
0.00016242954
4.2594402e-05
-2.8913842e-05
-0.00032061763
0.00060875526
-2.3352739e-06
-0.00042151063
0.00010481211
2.2111621e-06
-0.00029125005
-0.0004875625
1.4844417e-05
-0.00011581991
-0.00059298905
-1.2322874e-05
0.00012111963
-0.00044070346
-2.3427679e-05
0.00010658131
-8.7261118e-05
0.00011186511
0.00021935864
2.9691726e-05
0.00034500092
-0.00024723604
4.654427e-05
0.00028413203
-0.00050252205
6.6618101e-05
0.00019736889
-0.00033162826
3.394693e-05
-0.00010307706
-0.00013730247
-3.791812e-05
-0.00020263574
-0.00010828573
-1.4975127e-05
-4.2582594e-05
0.00017534593
-5.263953e-05
-6.5825869e-05
0.00041093642
9.0142091e-05
4.0910166e-05
0.00037760736
-6.7052217e-05
0.00022273215
-0.0002335475
3.6431639e-05
-4.9406513e-05
-0.00041030555
6.4012826e-05
-5.4844327e-05
-0.00018978367
-0.00010731165
0.00036426713
-7.0270155e-05
-7.6021914e-06
0.00043372718
7.1580174e-06
8.5187172e-05
-0.00039554593
-5.7418565e-05
-3.1126265e-05
-0.00044500438
5.3221086e-07
7.4992009e-06
-0.00019213231
2.5002995e-05
4.2022008e-05
6.6267965e-05
1.1187544e-05
-0.00020276082
-9.0644514e-05
-0.00013845639
-8.7204337e-05
-1.3147814e-05
-0.00011979281
7.4017248e-05
0.00052764067
-8.8126729e-05
0.00020825418
4.0078072e-05
-4.5993463e-05
-2.6190736e-05
-0.00011136536
-0.00011754689
-0.00032659064
-9.1655968e-05
-7.3890666e-05
-0.00034735879
-0.00033800545
-3.2676117e-05
-0.00027749624
4.9133428e-05
0.00012025956
9.0377685e-05
1.7685668e-05
8.64163e-05
-0.00026820666
8.2114685e-05
4.7819601e-06
-0.00052417837
9.5916055e-05
-4.0240135e-05
-0.0003634728
3.9624074e-05
-0.00012753444
-5.1197009e-05
-8.58351e-05
-0.00025990513
3.6659987e-05
-0.00014413804
-0.00019922715
0.00012918013
8.0178354e-06
-8.8298647e-05
0.00024779179
8.9554922e-05
7.2700786e-05
0.00018740457
2.1000914e-05
2.5943154e-05
-0.00015400317
6.0702229e-05
-5.3139547e-05
-0.00035260102
0.00012049038
-9.8988355e-05
-0.00010935477
-4.9725149e-05
0.00015112597
-9.3462475e-06
4.0981959e-05
0.00019033396
4.708926e-05
1.383183e-05
-0.00033593363
-3.6672065e-05
4.6969167e-05
-0.00043240807
-2.2194949e-06
7.0604445e-05
-0.00012108284
6.2026212e-06
3.0862117e-05
0.000135722
-2.093776e-05
-8.4858571e-05
0.00013325801
-7.4299363e-05
-0.00021684195
0.00023162234
-0.00010793149
0.00013227657
0.00019937459
-5.1161449e-05
0.00013838387
9.8529298e-05
-2.5384097e-05
4.8093655e-05
3.5397135e-05
-2.0017038e-05
-1.3194934e-05
1.3167397e-05
-0.00010510881
-1.5462897e-05
-0.000369254
3.0343012e-05
-0.0003650897
1.6632485e-05
0.00019236069
3.7264726e-05
0.0001050159
-2.1613361e-06
-0.00020507968
-4.3225175e-05
-0.0003946075
-1.3243692e-05
-0.00036435727
2.8532645e-05
-0.00029887285
7.6046261e-05
-0.00020795911
0.00012886827
3.9549195e-06
0.00011971233
0.00021710606
1.8894259e-05
9.3282664e-05
9.1371225e-05
-0.00019993889
0.00013671312
-0.00022367912
8.1794862e-05
5.8516143e-06
0.0001896792
3.3188831e-06
-8.0301319e-05
-4.6051013e-05
-0.00040827127
-0.0001036003
-0.0004640734
-9.9480709e-05
-0.00034529641
-2.3941684e-05
-0.00021943391
-4.0600571e-05
3.9942416e-07
-3.5439344e-05
0.00022369793
3.4975091e-05
0.00033016231
8.2359264e-05
0.00036642401
0.00010481159
0.0004117355
9.7173789e-05
0.00020484575
1.5059736e-05
7.1019699e-05
0.00011544224
-0.00014528615
1.5860924e-05
-3.3404989e-05
0.00013019568
1.1039553e-05
4.0665957e-05
-0.0001855248
0.00010878858
0.00017907845
-0.00028326864
0.00014234583
0.0002343821
-0.00016271821
0.00015371139
7.5309231e-05
3.055246e-05
0.00014591994
-8.5637407e-05
5.3777522e-05
0.00010639431
-2.5254428e-05
-0.00018663358
9.2564686e-05
-0.00014535639
6.4005216e-05
-1.0081894e-05
-0.00023379748
3.9477467e-05
-5.4237864e-06
-6.1846228e-06
-0.00030562866
8.7514228e-05
7.5381445e-05
-0.00016067619
2.8943896e-05
-1.1742215e-05
-7.9287283e-06
-1.2699966e-05
-4.4003957e-06
1.8443441e-05
0.00016066895
-0.00018057988
2.2928056e-06
0.00026447597
-4.9346409e-05
1.4762423e-05
0.00022272982
0.00011052924
2.9288469e-05
0.00014311015
0.00014035
4.5311903e-05
6.9529505e-05
9.3806487e-05
6.2990896e-05
3.4225326e-05
4.7950735e-05
5.0797588e-06
-0.00011617432
0.00014996499
4.7520839e-05
-0.00025273178
0.00013855251
2.2581257e-05
-0.00030844426
-4.6586638e-06
9.4836696e-05
-0.00019700561
-0.00024616025
0.00012768465
-0.00010547269
-0.00022214921
0.00012374554
-0.00028921093
0.00012445423
4.834796e-05
-0.00040996253
0.00012146182
3.4498866e-05
5.8445357e-05
3.0760811e-05
0.00021912119
-0.00049077264
0.00014388403
0.00040005937
-0.00060014974
0.0001519059
0.00053621217
-0.00037965686
0.00014714773
8.6970203e-05
0.00047790721
0.00011883931
-0.00020236178
0.00024330351
9.7640192e-05
-5.2881603e-05
-0.00050622577
9.9046885e-05
-0.00020599399
0.00014938212
-0.00013476295
-0.00018231626
-4.429852e-06
-9.9044652e-05
0.00011921161
-0.0006212438
4.4401918e-05
0.00029475073
-0.00038075709
-4.5317927e-05
0.00024479734
-0.00015508412
-0.00019756376
0.00027296959
-0.00014131751
0.00013765854
-0.00045817411
-8.8230649e-05
0.0003496374
-0.00021643434
1.0788437e-06
0.00031038984
0.00025728065
5.5346011e-05
2.4973981e-05
0.00054530767
0.00011436765
-8.8459177e-05
0.00021589026
0.00010156012
1.0694224e-05
-5.4682329e-05
-2.5434185e-05
-0.00021450426
0.00039454636
-2.1718168e-05
-0.00037580648
0.00031196175
-9.8958586e-06
-0.00032453735
-0.00012796981
8.6886434e-05
-0.00016961199
-0.00056184639
0.00014843791
-8.0492187e-05
-0.00050615162
0.00017145493
-0.0006061408
0.00014917657
4.7623901e-05
-0.00038222084
-4.5673865e-05
0.00039798938
-0.00025523949
9.8636312e-06
0.00038253902
-0.00034417785
-6.4526322e-05
0.00017095425
-0.00020359281
-0.00015102523
5.0124821e-06
-0.00013110648
-0.00012052673
8.0222105e-05
0.00038549906
2.2234013e-06
6.698706e-05
0.00016068314
4.3215883e-05
-0.00023869184
-6.9953889e-05
-4.0450883e-05
-0.00013092653
1.5006174e-05
-4.0441572e-05
0.00011077194
-0.00019563557
-1.4061118e-05
1.2089252e-05
-0.00046659242
8.0441449e-06
-2.6806941e-05
-0.00039212298
-5.7049558e-05
0.0001539308
-6.2105515e-06
9.142813e-05
0.00017018427
1.8515213e-05
1.1489827e-06
-0.00037075324
-5.4560288e-05
-6.2026305e-06
-0.00022217043
1.3619914e-05
7.6524172e-05
0.00015164187
4.7914968e-05
1.9462664e-05
0.00049295154
0.00012060518
8.7969316e-06
0.00013823368
-5.0134085e-05
6.1157601e-06
-6.1321988e-05
-0.00011047199
3.5853844e-05
0.00032246176
-4.5780221e-05
0.00012745569
0.00015350002
2.0866412e-05
0.00019295661
-0.00023329106
-7.7726552e-05
1.1789401e-05
-0.00033367037
-0.00012089947
-4.2313365e-05
-0.00031321104
-0.00017151393
-0.00049312537
-0.00010619536
3.2786201e-05
-0.00038369606
-1.3625312e-05
7.8526792e-05
-0.00024016509
2.1299693e-05
7.7712542e-05
-0.00029149175
4.4044204e-05
-2.4016263e-05
-0.00015800551
9.5765585e-05
-0.00011446446
-0.00010865093
-1.7842438e-05
0.00020846803
-8.282112e-05
1.249648e-06
0.00032502429
9.743206e-05
-4.5287337e-05
0.0001920739
0.00022503457
-7.2483144e-05
-7.6250583e-05
0.00041156535
-0.00010723378
-0.00012893176
-4.8886557e-06
-7.7363498e-05
-1.0427024e-05
-0.00045335626
-1.1250504e-05
4.869435e-06
-0.00038906724
-6.8077326e-05
9.784936e-05
5.1604637e-05
-1.1830164e-06
7.9664853e-05
0.0001387917
-1.0132819e-05
-0.00035608996
-4.2385537e-05
-7.8313419e-05
-6.7917128e-05
-8.8292189e-05
-3.4721968e-05
0.00013991242
-2.5659375e-05
0.00013376039
0.00026888937
3.4642048e-05
5.1110964e-05
0.00024087688
-9.4293153e-05
-0.00018883629
0.00022072971
-0.00015003596
2.4691488e-05
6.6242103e-05
-8.4695763e-06
0.00021260741
-7.1255307e-05
1.14553e-05
0.00015727007
-0.00021043493
1.246417e-05
1.7335356e-05
-0.00030557714
6.7326766e-06
5.8542349e-07
-0.00025443946
-1.1678623e-05
-0.00044597426
-2.9933199e-05
-0.00011865975
-0.00022777159
-0.00012764918
-0.000233337
-0.00022747061
-0.0002348955
-0.00025543934
-0.00014328048
-0.00023900762
-9.6550009e-05
-0.00025107095
5.2884769e-06
-0.00015617543
0.00013140482
2.8246888e-05
0.00016032459
0.00031968341
0.0001390231
0.00032189072
8.4275258e-05
3.4175348e-05
-2.8927744e-05
-0.00019195021
-8.1146811e-05
-8.8249234e-05
7.3839436e-05
9.1443041e-06
-0.00027051083
-5.7790698e-05
-0.00035383406
-8.8194191e-05
-0.0002578703
-5.5532063e-05
-5.6211688e-05
4.3289068e-05
0.00010876303
3.5301581e-05
0.0002582522
3.5801189e-05
0.00040782585
-4.8356472e-05
0.00045681273
-3.7882924e-05
0.00040405888
-5.2869476e-05
0.00028969232
-9.4036781e-05
0.00023088786
-0.00018057526
-0.0001440667
3.3963153e-06
9.4864644e-05
-7.8829666e-05
-4.3662682e-05
0.00012406222
-6.2604383e-05
-2.9050444e-05
6.9047468e-05
2.8650972e-05
-2.4577457e-05
6.1985096e-05
7.898299e-05
-4.6280923e-05
0.00012757182
5.0409351e-05
-0.00011117669
0.00013138717
8.0314819e-05
-0.00018703471
0.00014607621
3.7410038e-05
-0.0002179097
0.00012049712
4.4856886e-06
-0.00018445911
-8.2274023e-05
3.8757367e-05
-9.916e-05
-0.0001806876
8.8957601e-05
6.1947291e-05
-0.00024909729
0.00017281867
0.00015289207
-0.00013014379
6.7665942e-05
0.00027173789
-0.00023051474
0.00010081731
0.0001580389
5.3752306e-05
6.1127808e-05
-3.2873336e-05
0.00013248234
5.649813e-05
-0.00022321058
0.00013348268
5.5969023e-05
-0.00031175328
3.0062974e-05
5.9454405e-05
-0.00013436811
-0.00025287178
8.9865472e-05
4.2422257e-05
-0.00022081764
4.3603064e-05
0.00022855221
-0.00022495242
5.0098396e-05
0.00027002058
-4.6192326e-05
3.2472955e-05
0.00022392755
0.00011018183
-1.9528723e-05
0.00020770222
0.00013698873
-5.867542e-05
0.00014878121
0.00014796781
-8.3435978e-05
3.6968371e-05
0.00015902959
1.0323855e-06
-5.4526323e-05
0.0001341277
-2.0532064e-05
-0.00011580692
0.00014882715
8.2281201e-06
-6.9298808e-05
4.6789296e-05
3.4890917e-05
-4.2676581e-05
5.4067589e-05
4.4144012e-05
1.3164926e-05
7.1321278e-05
3.1031129e-05
8.6428937e-05
9.8866394e-05
4.7194064e-05
0.00012015871
1.8501384e-05
0.00021926978
-2.6242031e-05
6.7097818e-05
0.00041040821
-4.3711788e-05
6.6464353e-05
0.00027506779
0.0003442705
6.5789466e-05
-0.00011314053
0.00065696078
-1.8525986e-05
-0.00032540493
0.00046539653
-9.4157227e-06
-0.00017063587
6.0783771e-05
3.991172e-06
-5.7069305e-05
-0.00032858189
-2.0216511e-06
-3.4204593e-05
-0.00044892717
0.00014633021
0.00011175123
-0.00054336205
0.00019271086
0.00020631643
-0.00029907271
2.90458e-05
0.00038863889
-0.00058187423
1.3952916e-05
0.00044945564
-1.8658705e-05
1.1594261e-05
2.8801687e-05
0.00057532009
-2.2183794e-05
-0.00038648698
0.00055575902
-6.9876681e-06
-0.00035237135
-4.1627034e-05
3.757438e-05
-0.00018051279
-0.00060874205
4.2694196e-05
2.3028742e-05
-0.00049395374
-1.8636071e-05
0.00029255969
-0.00051170751
1.830299e-05
0.00042728298
-0.00019915039
7.3580779e-05
0.00029461426
0.00033108599
2.6132208e-05
6.0464556e-05
0.00061655502
-0.00014385647
-0.00013806102
0.000506576
-0.00018551681
-0.00025705055
0.00038616545
-0.0001298645
-0.00025969388
0.00016384878
-3.6973614e-05
-0.00028252919
0.0002602516
-1.7027072e-06
-0.00014674113
-6.4042373e-05
0.00012348152
-6.3455427e-05
-4.8669048e-05
0.00019090587
-8.9677464e-05
0.00018856354
7.5596027e-05
4.0635783e-05
-7.547674e-05
0.00017724221
4.6568123e-05
-1.8191961e-05
0.00019265521
-6.7992474e-05
-3.8188885e-05
0.00018639958
-0.00010961023
-7.8871157e-05
0.00011568146
0.00022036736
7.4094526e-05
1.8699234e-05
0.00065731774
9.8848669e-05
0.0001519671
0.00030758115
6.7763404e-05
0.00034185021
-3.7925911e-05
-0.00013162432
0.00016728942
-8.3805048e-05
-0.00011065761
8.4010114e-05
-0.00034805117
-3.1657805e-05
0.00010126643
-0.00047997545
-7.2598768e-05
7.2281947e-05
-0.00028397313
-4.3164643e-05
-0.00024961365
-0.00012238951
-0.00014379967
-9.8839491e-05
-6.7816997e-05
-0.00010161587
2.6350228e-06
0.00050069691
-2.685133e-05
0.000106145
0.00048705156
-3.4802507e-05
0.00020713021
-6.2442985e-05
-8.0169258e-05
-2.8549433e-05
-0.00017692024
-0.00017762694
-2.9641691e-05
-0.00045712822
-9.0293546e-05
-0.00013668739
-0.00034391853
-4.7123368e-05
-0.00018842913
-8.8997119e-05
-1.0496561e-05
-3.4555442e-06
0.00021715904
4.9558527e-05
2.8554563e-05
0.00058880865
-5.4397834e-05
-6.8647817e-05
0.00044288015
5.042623e-05
-3.6624716e-05
0.00029037207
1.799005e-05
-5.5966442e-06
5.814207e-05
9.5545051e-05
1.7683254e-05
0.00012197729
3.7267859e-05
-2.8309177e-05
-0.00010151834
-3.743107e-05
-0.00011975415
-3.3007816e-05
-9.5730188e-05
-0.00027000691
-4.5620055e-05
0.00012128713
1.3754929e-05
-0.00010803159
6.5407341e-05
0.00018629316
-6.2545548e-05
-0.00016208842
0.00025331423
-4.976674e-05
-0.00024473156
7.8106756e-05
-9.3082607e-06
-0.00017122087
0.00012088999
8.12424e-06
2.1852502e-06
0.00034541636
0.00013974491
0.00022572197
-2.4267621e-05
6.3024718e-05
0.00020520995
-2.4915427e-05
-6.4981604e-05
9.1194597e-05
4.8635023e-05
-0.00012565849
5.1489769e-05
-0.00033598172
-4.9728109e-05
6.5117636e-05
-0.00045270879
-5.2145026e-05
6.7250733e-06
-0.00025531077
-3.834711e-05
-0.00014712354
0.00012595821
-4.2894456e-05
-0.00023071927
8.1364074e-05
-6.5585347e-05
8.7894483e-07
0.0002281309
4.0967803e-05
0.00022540505
0.00022513442
3.7391038e-05
3.073358e-05
0.0001881508
-5.5922304e-05
-7.0531181e-05
-2.3309646e-05
8.6445874e-05
-2.1588102e-05
-0.00048224474
-6.6212091e-05
-9.1447811e-05
-0.0002710605
-9.12905e-05
-0.00026280127
0.00016486502
-0.00010816806
-0.00020939823
0.00017830765
2.00904e-05
-3.2448045e-08
0.0002497357
3.5414006e-05
9.7185302e-05
0.00014794948
4.7676947e-05
0.00019955798
0.00011653557
6.2994235e-05
0.00015887311
0.00012280647
-1.2524234e-05
0.00029442544
-4.9117428e-05
4.8006555e-05
0.00020445661
1.84157e-05
-2.3232532e-05
-1.6221191e-06
0.00023479219
-7.3399894e-05
-0.00025057857
-5.0983659e-05
-6.8710667e-05
-0.00014530599
-3.3862357e-05
-8.1892152e-05
1.1232272e-05
-2.6675895e-05
-0.0001003846
4.6443152e-05
-0.00011812766
4.208304e-05
8.9566301e-05
0.00014301088
7.8564802e-05
0.0001181387
0.00013006574
8.3908227e-05
0.00025951649
5.820738e-05
8.8192234e-05
-8.0382205e-05
-0.00020214084
-0.00019130345
-0.00036759278
-0.00017100564
-0.00026378761
-6.6096199e-05
-0.00019372819
1.1304659e-05
3.8021014e-06
3.0600609e-05
0.00019552296
3.3413567e-05
0.0003510249
3.2648859e-05
0.00033701992
-1.6036034e-07
-0.00013174904
-7.1266471e-05
-0.00038386734
-0.00010713639
-0.00022654335
-4.7991032e-05
-9.4157741e-05
8.9211095e-05
3.2724053e-05
0.00015815547
6.9100579e-05
0.00014737413
0.00014461128
-7.3316052e-06
0.000236216
-6.681178e-06
0.00013371713
5.1196819e-07
0.00010771267
-4.9616617e-05
0.0002456348
-8.370518e-05
-0.00014901047
-9.1656451e-05
0.00014150456
-0.00012581302
-0.00018810693
0.00015788909
-0.0001201619
-0.00019292143
0.00015448722
-0.00011677922
-0.00013536174
0.00010611054
-8.0461562e-05
5.3624938e-05
-8.2649528e-05
-5.533575e-05
0.00010077691
7.0417454e-05
-3.5099356e-05
6.6793768e-05
0.00012558884
-5.1451306e-05
4.4970449e-05
0.00013772131
-0.00010959682
-3.7375025e-05
0.00016730108
-4.3957255e-05
-0.00010731606
0.00012819649
3.2760921e-05
-0.00012614473
0.00010944466
8.6655251e-05
8.0272617e-05
-0.0002351851
9.5272527e-05
0.00014955403
-4.7367225e-05
7.8706741e-05
7.0203887e-05
0.0001287021
1.1378674e-05
4.1646574e-05
0.00011283621
-2.9384391e-05
-2.9906695e-05
0.00013370666
-7.1552055e-06
-0.00013648644
0.00015165434
1.4380368e-05
-0.00014451403
5.0451481e-05
4.8363445e-05
9.3183159e-06
-0.00019736272
8.6002e-05
0.00011058957
-0.00015409049
0.00010238175
4.0581809e-05
0.00011341964
-1.1250661e-05
-4.3714556e-05
0.00013434912
-7.0878856e-05
-8.230144e-05
0.00011117226
-0.00013122549
-0.00011599091
7.1286728e-05
-0.00012198773
-9.3894263e-05
-1.444493e-05
-7.8565016e-06
0.00012493264
-0.00030528821
6.2436512e-05
0.00016345373
-8.1642158e-06
-2.2632116e-05
0.00013554626
0.00012978287
-6.8152491e-05
6.586467e-05
0.00014511243
-3.279177e-05
0.00013360706
2.4682207e-06
-0.00017669384
0.00050720171
-9.0136915e-05
-0.0003035494
0.00044181772
-0.00013857169
-0.00030176533
0.00035221523
-0.00013241427
-7.5593945e-05
5.1877405e-05
-0.00010547389
0.00027024094
-0.00031637735
-4.6317599e-05
0.00032925057
9.8503467e-05
-0.00010562163
0.00029341257
0.00024637024
-9.4359115e-05
0.0002156744
0.00036355373
-0.00014410308
2.4919402e-06
0.00044292418
-6.4462298e-05
-0.00017115316
0.00031651092
0.00013166088
-6.8610649e-05
-7.9396334e-06
0.00020755265
0.0002359586
-0.00058205161
7.1343067e-05
0.0003821245
-0.00016619507
-1.3385132e-05
0.00028441393
0.00036039933
-0.0001223924
1.7285628e-05
0.00048402686
-0.00012624615
-0.00024847946
0.00056847609
-0.00017599202
-0.00040654762
0.0004678679
-0.00012057101
-0.00024124875
-2.4925557e-05
-4.7227629e-05
3.4023665e-06
-0.0004849327
2.4282792e-05
0.00022685928
-0.00045585597
9.6611561e-05
0.000275782
0.00011378617
2.4291531e-05
-2.7466193e-05
0.00052336267
-5.9633162e-05
-0.00022225731
0.00033045914
-0.00016835223
-0.00019032069
5.1894994e-05
-0.0001980617
-8.6289799e-05
-0.00014393401
-0.0001044063
0.00018251407
-0.0006834356
7.2369903e-05
0.00033406504
-6.2703019e-05
-9.8714878e-05
0.00023806244
0.00046594301
-0.00011667603
5.6846209e-05
0.00058409589
-6.6861351e-05
0.00036962643
9.3903765e-06
-2.5958625e-05
0.00047879807
-2.1114477e-05
-6.2857839e-05
0.00038653652
7.3988444e-05
-2.5120929e-05
0.00019662965
7.9659784e-05
5.501971e-05
-0.00019153724
8.4402845e-05
-0.00017782382
-9.6604115e-05
8.7164824e-05
-7.4488527e-05
-1.1090562e-05
0.00010510741
0.00019565604
-6.5166888e-05
0.00010915597
0.00023896655
0.00010587641
8.2742505e-05
0.00024744522
0.00034321438
-1.9426475e-05
0.00031427879
0.0002113271
6.6924504e-06
0.00037158405
-0.00012891552
-8.9281329e-06
1.5247426e-05
-0.00018167362
-8.7206002e-05
-7.5534445e-05
-8.8436204e-05
-0.00013077667
4.7291421e-06
0.00021763228
-3.91124e-05
-3.9276121e-05
0.00043103672
7.014407e-05
-6.5855496e-05
0.00051416295
4.6090009e-05
6.8463059e-06
0.00035215036
-3.7153519e-05
0.00011883059
-7.66133e-05
-0.00023792348
-5.7193482e-05
-0.00034166265
-5.7539518e-05
-0.0003471164
-0.00011050722
-0.0001025492
-0.00020272564
3.2487603e-05
-7.3588756e-05
-4.9777274e-05
0.00033981413
8.015869e-05
3.2712484e-05
0.00013637677
5.7194766e-05
0.00016446649
-8.3842819e-05
5.4410032e-05
0.00019511114
-0.00011546115
-4.1127468e-05
-0.00018271228
-0.00014296806
-6.7099072e-05
-5.5381951e-05
-0.0001608883
8.1228176e-06
6.8009819e-05
0.00024182923
6.3290951e-05
-2.3903996e-05
0.00051830901
6.1970507e-05
0.0002582853
4.1817085e-05
9.2930279e-05
0.00031341627
-3.5580065e-05
0.00012726155
0.00024904007
4.0619634e-05
0.00017359512
7.7668144e-05
2.2861191e-05
0.00014280426
-0.00015994566
-1.0108972e-05
-9.4743011e-05
0.00014717291
1.8944864e-06
-0.00024316235
0.00018315644
9.391725e-05
-8.1847745e-05
-0.00025870501
9.5248248e-05
9.7398792e-05
-0.00018583992
4.7488187e-05
0.0002454885
6.7152656e-05
2.3135298e-06
0.00034530924
6.6116005e-05
-4.3377367e-06
0.00027983099
-9.7054006e-05
-1.8528285e-05
8.1816427e-05
-5.9725968e-05
3.7719803e-05
-0.0001686255
0.00018945102
-7.0339741e-05
-0.00016188353
0.00012883238
1.6472583e-05
-4.6195295e-05
0.00026028785
9.602845e-05
9.6473898e-05
0.00027646599
0.00013241881
0.00018305969
0.00016096419
4.8678083e-05
2.0252402e-05
0.00016288704
9.7528286e-06
-5.2618378e-05
-0.00033776707
2.7631138e-06
-0.00012507888
-3.149641e-05
-9.7840799e-05
-0.0001992456
0.00014576395
-0.00014727769
9.7564721e-05
-9.734175e-05
0.00016043595
0.00034579727
-0.00016531242
8.8870639e-05
0.00018040942
7.2625769e-05
5.6596202e-05
-0.00015291357
0.00036470117
-8.3845116e-05
-0.00030909382
0.00018343245
-0.0001827445
-0.00032071761
-9.8810578e-05
-2.4473766e-06
-0.00011063564
-6.7021214e-05
7.5535941e-05
6.8953409e-06
0.00027023062
5.714753e-05
0.00019444078
1.9756204e-05
0.000153339
1.4771278e-05
0.00026416869
5.6318219e-05
0.00022012243
9.5038509e-05
-3.8635816e-05
0.00014525574
-3.2026709e-05
0.00018264684
0.00011518786
0.00017895275
-4.0540836e-05
1.5162383e-05
-0.00012372593
-1.8746591e-05
2.0980553e-05
-1.9346441e-05
0.00010702049
-0.00010030613
-5.6627898e-05
-0.00012470906
-0.00020555338
-8.1806119e-05
-0.00014511726
6.2918699e-05
-0.0001619275
0.00015694728
6.1945694e-06
0.00012276639
0.00017677559
0.00013929854
0.00019542919
0.00017495946
0.0002047332
0.00015342267
-0.00011726374
-8.7036598e-05
-0.00016926717
-8.6629374e-05
1.4764586e-05
-8.6258846e-05
-1.1888999e-05
1.8522922e-05
-0.00013646468
0.00011741873
-0.00011445201
0.00019798722
0.00011971133
0.00012320623
0.00019115757
0.00010530502
-1.9088307e-05
0.00011194727
-0.00018832559
5.2599458e-05
-4.8854734e-05
4.7054584e-05
-3.4244223e-06
-0.00016910786
0.00014288702
-9.7685181e-05
-0.00028528702
0.00011490932
-0.00011510393
-0.00023371873
-6.7835959e-05
-9.830611e-05
-0.00010208056
-0.00014695465
-6.3627429e-05
5.6364395e-05
-0.00017015743
-4.3334471e-05
0.00012215204
-7.7951946e-05
-2.2505834e-05
0.0001582074
-9.3025779e-05
5.5355339e-06
0.00015463729
8.0487325e-06
-0.00011352103
6.0604671e-05
0.00014855236
-9.6909642e-05
3.1487531e-06
0.00012689495
-3.7586567e-05
-6.4340544e-05
0.00016197274
-7.0070422e-06
-0.00013153637
0.0001283905
3.5316865e-05
-0.00017754544
0.00015008909
-2.43638e-05
-0.00015047232
5.1512253e-05
-6.6718896e-05
5.3875006e-05
-0.00016843857
-6.7742606e-05
9.4283274e-05
4.7713194e-05
-9.4821383e-05
8.707831e-05
0.00010936073
-8.8089547e-05
8.8099165e-05
0.00011371567
-6.6596656e-05
2.536659e-05
0.00016951633
-2.003956e-05
-3.0146442e-05
0.00013730647
2.0055175e-05
-0.00011863234
0.00015535583
-7.9007936e-05
-0.00015894879
7.8630724e-05
-0.00011001754
-6.7645823e-05
-0.00013997782
-8.4146992e-05
0.00012831642
-0.00026475408
-5.6026359e-05
7.1528795e-05
9.797897e-05
-4.7826479e-05
2.7373538e-05
0.00010565732
5.852514e-07
0.00012006246
-0.00011327246
-1.6441661e-06
0.00018992702
-6.0271178e-05
-7.8264459e-05
9.4178697e-05
0.00012397642
-5.9830141e-05
0.0001430807
-4.6163992e-05
-0.00034797673
0.00052936194
-0.0001286351
-0.00041780991
0.00018881085
-0.00014264004
-0.00026409447
-0.00025077413
-0.00010319155
-8.5879518e-05
-0.0003793145
-5.1328989e-05
0.00012848814
-0.00041746243
-1.3380253e-05
0.00020131495
-0.00025666283
2.6244163e-07
0.0003236516
-0.00034787336
3.8151814e-05
0.00039852952
-8.2160903e-05
-0.00012877135
0.00025940686
0.00036304461
-0.00013983188
-2.646652e-05
0.00060318859
-5.8759381e-05
-0.00020650115
0.00050046578
4.9094238e-05
-0.00017491468
0.00013245383
3.5693266e-05
-0.00029038477
0.00034347566
-9.1301614e-05
-0.00020326867
-7.4103468e-06
-0.00015058589
8.4359059e-05
-0.00048399107
-9.8321375e-05
0.00018613066
-3.1679221e-05
-0.0001983712
0.00024153431
0.00013445304
-0.00020106696
0.0001699743
0.00028973822
-0.00015169017
6.8055186e-05
0.00031920584
-2.3487606e-05
-9.9860027e-05
0.00035986737
4.1965874e-05
-0.00036642891
0.00053424217
-8.8025926e-05
-0.00030368365
6.4578331e-05
-0.00010832603
-0.00014545193
-0.0004139682
-5.2593578e-05
0.00010826268
-0.00064836134
-6.8169072e-05
0.00015750414
1.6082892e-05
-7.1751687e-05
-6.4843833e-06
0.00033060156
1.1414192e-05
0.00015229448
-0.0003412522
-2.9514e-05
0.00031173354
-0.00025386435
-8.2521917e-05
0.00024738069
0.00022461845
-0.00010315053
0.00048067919
-8.0827427e-05
2.7546787e-05
0.00050875116
-2.8050484e-05
9.6564126e-05
0.00010346842
9.0313532e-05
-4.1803141e-05
-8.1151907e-05
4.8404829e-05
-0.00010488726
-0.00028893926
5.7111715e-05
-8.5716629e-05
-0.0003876657
3.8197462e-05
4.6609719e-05
-0.00028964899
5.7672216e-06
-5.0247122e-05
-0.0001483102
6.4496489e-06
-6.4926388e-05
-0.00010692981
0.00012219068
1.8949783e-05
0.0002449525
1.4789472e-05
3.2851651e-07
0.00061105827
1.7444044e-05
4.8724345e-05
0.00042831025
1.4831574e-05
6.9955707e-05
1.821126e-05
5.8052115e-06
0.00010552003
0.00017044245
6.6922222e-06
0.00017682528
-0.00016836618
5.0538187e-05
-0.00018694464
-0.00011665329
6.6576228e-05
-0.00019184296
-7.8255802e-05
9.7564906e-05
-3.9070935e-05
-4.602806e-05
-9.4444431e-06
3.6049865e-05
-8.8892512e-06
-1.4416802e-05
-2.3862955e-05
0.00017920947
0.00014236967
-4.7837959e-05
0.00028395903
-2.6658533e-06
7.5911916e-06
0.00046169598
-5.6471716e-05
0.0001192986
-2.3225799e-05
5.6255406e-05
-2.7444906e-05
-0.00031961499
0.00010958505
-0.0002369734
-0.00036273696
-2.1685854e-05
-5.8083311e-05
-8.654903e-05
-0.00011738564
0.00018041069
0.00012018258
-9.5174095e-05
0.00011425213
-0.00025076203
-1.6208799e-05
-0.00010707623
-9.3391861e-05
0.00012414683
-7.2294829e-05
0.00014728493
0.00010452263
0.00043168648
1.8514969e-05
0.00021862064
0.00026663491
-1.2084455e-05
0.00021464729
0.00011198143
3.6079978e-05
3.9860104e-05
0.00011136684
5.12963e-06
-4.1621027e-05
-0.00025312739
3.5560295e-05
-8.5438406e-05
-0.00036333018
2.1376349e-05
-4.3115411e-05
-0.00027725469
3.9199962e-05
-5.662973e-05
-2.5730894e-06
-3.6974535e-05
-0.00023316601
0.0001587458
-4.1651134e-05
-0.00013910659
0.00014131177
1.1894848e-05
8.3643183e-05
0.00038205658
1.9141832e-06
0.00027994051
0.00023277536
-1.9290716e-05
0.00014341092
0.00023823102
-4.5770355e-05
0.00024624267
-1.4506963e-05
1.1777925e-05
0.00021364766
-0.00015017445
3.0875861e-05
-2.1405936e-05
0.00016870625
4.5722512e-05
-0.00028366919
0.00026832717
4.8099091e-05
-0.0003368247
1.6267277e-05
3.953827e-05
-0.00014407604
-0.00023119384
3.9308752e-05
-6.9101608e-05
-3.1828236e-05
0.0001388264
-3.1843506e-06
0.00017622164
-5.6020673e-05
0.0001318147
0.0002457913
-6.6372067e-05
6.8323952e-05
0.00011217064
8.8530248e-05
8.3283087e-05
-0.00032909641
8.3392909e-05
2.4411511e-05
-0.00029813735
5.0868159e-05
-0.00018045714
0.00016896054
-0.00013448604
-8.1146662e-05
-7.0594799e-05
-9.1277595e-05
-7.7325007e-05
-0.00026932722
1.2296159e-05
-0.00021778001
6.6122714e-05
5.6476373e-05
-0.00020068752
0.00012788606
5.9453909e-05
0.00023819449
1.256068e-05
0.00019762313
8.3783059e-05
0.00028151055
8.4412225e-05
0.0003609429
0.000126973
0.00012535534
0.0001277159
-0.00018337646
0.00012804847
-0.00035344045
7.1762047e-05
-0.00031441799
-2.6433161e-05
-0.00021574672
4.1327935e-05
-0.00016532764
7.1546261e-05
4.8979825e-05
6.7442986e-05
0.00017114454
-1.4098415e-05
0.00027582879
5.1740661e-05
0.00017342273
0.0001508178
-4.3266537e-05
0.00022346211
1.680107e-05
0.00023140503
0.00019433506
0.00023009172
0.00015843262
0.00022712919
-7.8581527e-05
0.00015924298
-0.00018467301
-1.2773348e-05
-7.1767535e-05
-2.3313207e-05
0.00012296647
-3.5201554e-05
0.0002897617
-3.6101668e-05
8.6581731e-05
-8.4977152e-06
-0.00011814262
0.00010457421
3.579757e-05
0.00013822658
-5.2847093e-05
0.00012335489
-0.00031172477
0.00010149773
-0.00026137331
6.8370721e-05
-0.00016572767
7.9295006e-05
6.9042399e-05
-0.0002100906
0.00011459518
-0.00026666579
-5.5060506e-05
-0.00018049767
-0.00018264412
-4.4228293e-05
-0.00019805568
0.0001667196
-0.00025451427
0.00011347713
3.2325124e-05
1.8357145e-05
0.00010287988
0.00016046896
-0.00025634834
0.00013332395
-6.7672873e-05
-2.7150454e-05
0.00012388163
-0.00018436085
0.00015122046
-0.00028076236
0.00013401727
-0.000231912
-7.2408171e-05
-5.4756257e-05
-0.0002447658
6.8733098e-05
-0.00019246244
7.4534341e-05
-0.00010174114
9.2831637e-05
-0.00010702367
0.00021004512
-0.00018520522
0.00023276214
-4.3071908e-05
0.00013954162
0.00011304608
-6.9949755e-05
0.00012959166
-0.00013187999
-5.0138777e-05
4.6371283e-05
-0.00026432304
0.00013654133
-0.00014682752
-5.2572984e-06
9.5413709e-05
-9.4449533e-05
8.8334115e-05
-3.562377e-05
-5.741355e-05
0.0001819136
-0.0002984842
0.00017608598
-5.3617099e-05
0.00012976829
-0.00037353925
0.00035949933
-0.00034617846
-0.00022506134
-0.0001940081
-0.00043800603
-7.1428419e-06
-0.00043624993
0.00027924544
-0.00055428281
0.00021162047
0.00010021254
2.3514396e-05
0.00032913776
0.00021466626
-0.00057627156
0.00027774569
-0.00027058418
4.1157434e-05
0.00030171051
-0.00029291321
0.00053438535
-0.0003206229
0.00019742023
-0.00020818541
-0.00027614727
-3.7710677e-05
-0.00056582643
0.00010145135
-0.00042994584
9.700305e-05
-0.00029566403
0.00010717168
-0.00031825926
0.00024724939
-0.0004769731
0.00038951015
-0.00020882028
0.00015978258
0.00038473953
-0.00031186088
0.00051320919
-0.00032108415
-0.00014924155
-5.4709094e-05
-0.00058329168
0.00014221936
-0.00041192505
2.6895675e-05
0.00013898571
-0.00017770674
0.00030435072
-7.736732e-06
-0.00025689756
0.00024960034
-0.00063834319
0.00030199679
-0.00020916408
0.00035093766
8.1080529e-05
0.00025036832
3.8385811e-05
-9.2053091e-05
-0.00014819062
-0.00020302478
-0.0001206453
-0.00040668353
-0.00016829692
-0.00046843372
8.0413045e-05
-0.0001427302
0.00023825922
0.00017774124
-0.00011720322
-9.8618438e-05
-0.00022171339
-0.00015128454
-0.00010435019
0.00020179136
-3.5048515e-05
0.00047991525
7.5146193e-05
9.3030736e-05
9.2633172e-05
-0.00028694202
5.1022481e-05
-0.00047367755
-1.5190296e-05
-0.00029715684
-4.4815689e-05
-0.00016847373
5.0862806e-05
-0.00042338219
-2.3719204e-05
-0.00041680789
1.2708697e-05
-0.0001028785
0.00012179128
0.0002729911
0.0001587336
0.00041979515
0.00012995962
-6.4212173e-05
-0.00017990586
-0.00016384115
-0.00027161329
-0.00034190348
-3.8300455e-05
-0.00021171277
0.00025122422
-8.0348053e-05
0.00027222705
-0.00029410918
-0.00013584937
-0.00010611994
-0.00014906523
-9.142558e-05
0.0002203874
0.00017817058
6.0113284e-05
3.46865e-05
8.7510963e-05
-5.213245e-05
-0.0001110762
-2.5145793e-05
-0.00039810989
-4.7454874e-05
-0.00042474829
-1.773872e-05
-0.00013324638
-5.1736781e-05
0.00017476477
-0.00018310253
-8.9038165e-06
-0.00020658075
-0.00011591146
-6.5489042e-05
6.2613841e-05
0.00014009976
0.00025503574
0.00011356201
7.3798136e-05
6.8670569e-05
-0.00023027265
0.00010517252
-0.00047930364
6.8649853e-05
-0.00021491165
-1.0577423e-05
-4.1147361e-05
1.0892136e-05
-0.00040531348
1.4821102e-05
-0.0003814281
-4.3134238e-05
9.3903239e-05
7.7796494e-05
9.6039693e-05
0.00027379186
0.00015742772
2.63444e-05
0.00027176553
-9.8426654e-05
4.4322807e-05
-7.3280443e-05
-0.00031618154
-0.00011910429
-0.00030037497
-1.6378382e-05
-0.00027435156
-9.3714755e-06
-0.00028881992
-0.00012027987
6.1264826e-05
-0.0002006103
4.8358765e-05
3.233778e-05
0.00014389634
0.00031581953
0.00033171633
6.1322333e-05
-0.00023537749
-0.00029686183
-0.00014853022
-0.0001161061
-0.00016047129
-3.0414464e-05
0.00021052286
0.00033606166
0.0002566068
7.6527615e-07
1.725866e-05
0.00020620302
2.8018738e-05
-0.00019416638
-0.00011303649
-4.0310007e-05
8.1916151e-05
0.00031758001
0.00035340509
0.00014179776
-2.0350636e-05
-0.00017134731
-0.0003586695
-0.00022903395
-0.00010138018
)
;

boundaryField
{
    minX
    {
        type            calculated;
        value           uniform 0;
    }
    maxX
    {
        type            calculated;
        value           uniform 0;
    }
    minY
    {
        type            calculated;
        value           nonuniform List<scalar> 
292
(
-1.676192e-06
-2.3297311e-06
-3.4004305e-06
-3.7727634e-06
-2.6840396e-06
-2.2984367e-06
-3.5703691e-06
-2.8647563e-06
-1.9070008e-06
-2.1897649e-06
-1.8226724e-06
-4.181958e-06
-4.8946237e-06
-4.009363e-06
-3.9312368e-06
-3.4583089e-06
-3.3592875e-06
-3.8810817e-06
-3.7881278e-06
-3.4682324e-06
-1.1767301e-06
-1.3557022e-06
-4.7423767e-06
-4.8202669e-06
-1.3421744e-06
-1.6830844e-06
-3.5221015e-06
-4.2425341e-06
-2.2054374e-06
-1.8301105e-06
-1.7478112e-06
-2.8959922e-06
-4.1839303e-06
-4.9506074e-06
-1.4946839e-06
1.2991334e-07
-3.0952444e-06
-4.2256861e-06
-1.5176579e-06
-1.8411235e-06
9.7327206e-07
-1.4581043e-06
-1.7137365e-06
-1.7706536e-06
1.4221914e-06
1.5742351e-06
-2.5663154e-06
-5.9204561e-07
-2.8880638e-07
2.3190433e-07
-1.5565182e-06
2.959789e-07
-1.1129647e-06
-2.8962437e-06
-2.9406555e-07
1.6836629e-06
-8.8628616e-07
-2.1552551e-06
-4.2922202e-07
-1.588491e-06
-1.7977215e-06
-1.3788501e-07
-7.2164872e-07
-1.6483072e-06
-1.0177188e-06
2.4152241e-07
-1.2339275e-06
-2.7443542e-06
-1.6422858e-08
-2.2243536e-06
2.8333693e-07
4.8322122e-08
1.9558497e-07
-4.8629251e-07
4.1632281e-07
1.7476975e-06
-1.5431342e-06
-1.8154845e-06
-5.5441372e-07
7.1550665e-07
-2.08301e-06
5.0607104e-07
5.1373326e-07
-1.0804655e-06
5.5551764e-07
-1.9693783e-08
-1.5825421e-08
-2.2409803e-06
-1.5673567e-06
-2.0917586e-06
1.9851441e-06
-1.2167228e-06
-3.0431381e-06
-3.0567613e-06
-2.2603366e-06
-1.2275124e-06
1.0071021e-06
-2.0587732e-06
9.0845976e-07
-9.9380046e-07
-1.7433562e-07
1.520732e-06
4.1645096e-06
1.9077023e-06
3.5257929e-06
3.1531382e-06
2.6855508e-06
-4.4525694e-06
-8.211491e-07
-1.0171161e-06
7.1227666e-07
1.3526832e-06
4.9142501e-07
3.3528113e-06
2.3523284e-06
3.4381657e-06
4.7696682e-07
1.1611612e-06
-1.239007e-06
-2.2988986e-06
-1.3224501e-06
2.2913272e-06
3.194349e-06
1.304029e-06
2.8205339e-06
4.1239945e-06
2.9228731e-06
1.963805e-07
-1.0094868e-06
-8.0598907e-07
1.2238505e-06
2.5643837e-07
1.9540846e-06
1.0609393e-06
-1.1811193e-06
3.9717909e-07
-4.8779683e-07
8.911616e-07
1.8238459e-06
3.4275232e-06
1.5280851e-06
2.5007961e-06
1.9317589e-06
1.6036281e-06
2.4494502e-06
1.2304801e-06
2.5374613e-06
2.962302e-06
2.1533481e-06
3.2728501e-07
8.8553282e-07
9.7084185e-07
-4.5528408e-07
1.118509e-06
2.4281707e-06
1.2435927e-06
1.8200378e-06
2.2841577e-06
-9.746706e-07
-5.6225959e-10
3.1414449e-07
6.3682787e-07
1.0214601e-06
5.2148659e-07
2.9964954e-06
1.8523254e-06
6.0578295e-06
2.9756509e-06
4.0645707e-06
-9.21862e-07
2.2357368e-07
1.3950858e-06
-7.12388e-07
4.1501523e-07
-2.0207399e-06
2.5182996e-06
5.6729331e-06
3.4905961e-06
2.7170132e-06
1.1314388e-06
-7.4219158e-07
3.1533404e-07
-2.1285116e-06
1.0042783e-06
-2.3119684e-06
2.8317669e-06
4.3579948e-06
1.2372234e-06
3.4864974e-06
5.3588775e-07
5.331368e-07
2.2961008e-07
-2.1934365e-07
1.5321519e-06
-1.9968851e-06
7.3536618e-07
1.4062406e-06
-6.5384667e-07
1.5394683e-06
3.1173207e-07
8.8733764e-07
8.9177522e-07
3.9315365e-08
2.0548817e-06
-6.4531165e-07
2.025892e-06
9.3152552e-07
-2.355794e-07
7.5182387e-07
1.2973816e-06
8.2440421e-07
2.05147e-06
-1.0223024e-06
-1.561824e-06
-1.3604082e-06
-1.023538e-06
2.8389267e-06
-4.8544098e-07
9.029132e-07
-3.5313404e-08
1.5963579e-06
1.924776e-06
-5.0820708e-07
1.9473159e-06
-1.4628275e-06
1.389241e-06
-4.3381449e-07
2.4672117e-08
-5.3106648e-07
9.5449094e-07
2.8304651e-06
6.3111554e-07
1.2459798e-06
2.9432997e-06
-9.7912806e-07
1.8151358e-06
8.150983e-07
2.1290028e-07
-7.2830132e-07
1.2371669e-06
-1.2213648e-06
-1.4415607e-06
2.2942757e-06
2.4606925e-06
-1.1944985e-06
1.2863913e-06
-8.8738759e-07
1.4929048e-07
4.8031495e-07
3.4927323e-06
3.4919396e-07
1.4433715e-06
6.8527609e-07
4.5168355e-07
-1.1354067e-08
9.2172324e-07
1.0055237e-06
-7.0200337e-07
-9.3797371e-07
5.0336156e-07
-4.0440962e-07
-3.0563789e-06
1.005506e-06
-9.8681724e-07
2.5398084e-07
4.106509e-07
1.5364736e-06
3.2002041e-06
-5.0367666e-07
1.1680151e-06
5.1858849e-07
2.6823787e-06
-1.6066415e-06
-9.0677602e-07
-2.217423e-07
9.0434353e-07
1.9540424e-08
4.2017284e-06
-1.088284e-06
1.5049494e-06
-1.1897267e-06
-3.8541909e-07
-1.2987377e-07
2.0646979e-07
-3.4069947e-07
-9.2882895e-07
-9.5914658e-07
4.4910583e-06
-2.7085525e-06
1.1106678e-06
-2.697868e-07
1.5369005e-07
)
;
    }
    minZ
    {
        type            calculated;
        value           uniform 0;
    }
    maxZ
    {
        type            calculated;
        value           uniform 0;
    }
    bottomWater_to_rightSolid
    {
        type            calculated;
        value           uniform 0;
    }
    bottomWater_to_leftSolid
    {
        type            calculated;
        value           uniform 0;
    }
    bottomWater_to_heater
    {
        type            calculated;
        value           uniform 0;
    }
}


// ************************************************************************* //
