/*--------------------------------*- C++ -*----------------------------------*\
  =========                 |
  \\      /  F ield         | OpenFOAM: The Open Source CFD Toolbox
   \\    /   O peration     | Website:  https://openfoam.org
    \\  /    A nd           | Version:  12
     \\/     M anipulation  |
\*---------------------------------------------------------------------------*/
FoamFile
{
    format      ascii;
    class       faceSet;
    location    "constant/polyMesh/sets";
    object      wrongFaces;
}
// * * * * * * * * * * * * * * * * * * * * * * * * * * * * * * * * * * * * * //


375
(
163894 
688359 
623009 
1507800 
2097630 
230068 
754475 
1737516 
1999688 
2032507 
525410 
2229356 
328936 
886154 
984562 
296488 
231020 
820878 
919473 
2131928 
231400 
231462 
657592 
1706203 
821785 
232046 
2034336 
789215 
887565 
1706924 
822277 
1215541 
265287 
953433 
429366 
1936726 
790115 
233298 
1937368 
692311 
233830 
2134467 
1872361 
1937938 
234002 
954920 
561873 
1938225 
70452 
529223 
1741849 
726058 
726061 
2036835 
627865 
758939 
1938645 
136408 
726265 
824570 
2037109 
824700 
1512858 
1185213 
857649 
1447815 
268342 
1185995 
989455 
1841458 
1022259 
956740 
1939800 
989717 
1383070 
2235049 
2235050 
858812 
1448819 
859360 
1940751 
1613160 
892326 
368144 
859727 
368214 
564906 
663265 
990951 
925483 
499536 
729160 
1613929 
925857 
794803 
1614012 
991645 
664116 
1286732 
696985 
402190 
861071 
992158 
2073525 
1582030 
1909831 
959642 
468152 
1680619 
894209 
1680821 
992768 
1681096 
599846 
337727 
862074 
927754 
370728 
731322 
862518 
1616251 
928146 
993765 
404100 
1714884 
699097 
535480 
699414 
994399 
1485933 
2043093 
667096 
1781418 
1781419 
2240210 
1617619 
733037 
1191805 
831525 
733398 
864492 
897314 
1945922 
1782106 
2142625 
1225353 
733839 
373551 
1618825 
1487829 
635886 
766994 
1782861 
1946705 
1619180 
1783055 
865714 
931508 
1226654 
1062952 
932051 
1947901 
1587634 
997964 
1948243 
1948336 
1948433 
768931 
1653806 
834656 
375934 
408790 
408962 
409282 
1621743 
1883984 
737266 
737282 
868715 
704940 
934330 
180885 
410358 
541473 
476228 
1131687 
214247 
607536 
968057 
738747 
181831 
837207 
607852 
771713 
1918638 
1001166 
804614 
739084 
804662 
411507 
411673 
1001633 
641216 
411924 
739640 
903488 
575859 
379281 
641519 
674447 
412328 
1690464 
1919854 
838578 
1002568 
478326 
1625280 
2280709 
773399 
675106 
1428805 
413072 
2018782 
937462 
413291 
839308 
1199809 
413419 
1462024 
413561 
151590 
610513 
938213 
414051 
872935 
578200 
774861 
709414 
1004340 
1758030 
1004429 
873426 
1201114 
381917 
218165 
1463404 
677102 
1004837 
1004852 
1463622 
316949 
480816 
415329 
186036 
546512 
1136481 
874440 
1071211 
809194 
416085 
907699 
776736 
1104580 
416553 
1432407 
1006433 
613262 
908245 
1596489 
908379 
351362 
1793162 
711936 
810364 
417244 
875997 
253406 
286175 
220644 
613876 
1728075 
2285357 
1793852 
483248 
1793974 
974966 
1007808 
647396 
647511 
418144 
418178 
1958494 
1008257 
647818 
746146 
1958602 
844540 
910111 
975769 
975790 
156598 
418797 
156898 
1008905 
1959181 
1533288 
1762688 
419301 
2287515 
714744 
1009732 
944200 
1927406 
256269 
1763638 
977271 
92615 
649682 
420324 
1010222 
1174159 
551677 
453475 
1010546 
781289 
453694 
1174605 
1797377 
585074 
1961337 
1011110 
2026951 
1011337 
913067 
552735 
1601324 
880491 
2125735 
1929209 
421919 
323697 
1929332 
192797 
1700244 
520605 
291588 
455456 
718018 
292132 
881974 
521532 
2094489 
783990 
685722 
325547 
1505204 
587876 
587937 
1341683 
981407 
915971 
326336 
850790 
2030519 
523438 
1703109 
1834209 
228650 
2227569 
982559 
261758 
655030 
2031294 
1638255 
98239 
)

// ************************************************************************* //
