/*--------------------------------*- C++ -*----------------------------------*\
| =========                 |                                                 |
| \\      /  F ield         | OpenFOAM: The Open Source CFD Toolbox           |
|  \\    /   O peration     | Version:  v2012                                 |
|   \\  /    A nd           | Website:  www.openfoam.com                      |
|    \\/     M anipulation  |                                                 |
\*---------------------------------------------------------------------------*/
FoamFile
{
    version     2.0;
    format      ascii;
    class       volVectorField;
    location    "560/topAir";
    object      U;
}
// * * * * * * * * * * * * * * * * * * * * * * * * * * * * * * * * * * * * * //

dimensions      [0 1 -1 0 0 0 0];


internalField   nonuniform List<vector> 
1200
(
(0.10460644 -0.0024576269 0.00087385788)
(0.11835606 -0.0025349367 0.0013095925)
(0.13016886 -0.0023138841 0.0013852504)
(0.13939178 -0.0017548147 0.001241245)
(0.14744945 -0.00092125039 0.00089139602)
(0.15498572 1.401271e-05 0.00029580715)
(0.1622641 0.00094703418 -0.00057562894)
(0.16954263 0.001809725 -0.0018820201)
(0.17701963 0.002697942 -0.0038912163)
(0.18500548 0.0038034522 -0.0069224275)
(0.19365322 0.0054652041 -0.011383088)
(0.20261552 0.0080588331 -0.017683365)
(0.21038026 0.011976881 -0.026072825)
(0.21540123 0.016610099 -0.036373346)
(0.2177647 0.021787082 -0.047788559)
(0.21810172 0.026778402 -0.05910347)
(0.21665415 0.030998359 -0.069135421)
(0.21360489 0.034186793 -0.077153523)
(0.20938859 0.036272481 -0.082954441)
(0.20472218 0.037268069 -0.086704608)
(0.20041033 0.037303009 -0.088741658)
(0.19707612 0.036620987 -0.089428275)
(0.19502394 0.035463686 -0.089075552)
(0.19428531 0.034016173 -0.087913356)
(0.19469763 0.03244053 -0.086066965)
(0.19585531 0.030965773 -0.083504256)
(0.19685882 0.029993233 -0.079952429)
(0.19584037 0.030331114 -0.074812721)
(0.18932837 0.033913828 -0.067070953)
(0.15115548 0.046685502 -0.05469171)
(0.098690766 -0.0038903545 0.00084545544)
(0.09846892 -0.004702203 0.0012734)
(0.098909081 -0.0047485065 0.0014499113)
(0.099817374 -0.0042764958 0.0015265528)
(0.10127412 -0.0034776156 0.001530301)
(0.10331037 -0.0026020904 0.0014463115)
(0.10590517 -0.0018180326 0.0012496811)
(0.10921399 -0.0011887322 0.00088212758)
(0.11373675 -0.00039899425 0.00022115869)
(0.11997026 0.0009440914 -0.00091243522)
(0.128878 0.0036999384 -0.0028282642)
(0.14069852 0.0088841983 -0.0059025403)
(0.15515084 0.017291914 -0.010642516)
(0.17045028 0.027829376 -0.01714855)
(0.18460311 0.039888459 -0.024972997)
(0.19595547 0.052130297 -0.033146742)
(0.20343876 0.06349874 -0.04071397)
(0.20675439 0.073195482 -0.047149767)
(0.2064627 0.080570338 -0.052295906)
(0.20380248 0.08521503 -0.056169)
(0.20023087 0.087237843 -0.058840129)
(0.19685659 0.087230818 -0.060356792)
(0.19423746 0.085841423 -0.06080418)
(0.19255639 0.083537304 -0.060309117)
(0.19180716 0.080631271 -0.058958031)
(0.19178165 0.07752791 -0.056661751)
(0.19186554 0.074971426 -0.053017146)
(0.19079775 0.074488008 -0.047137732)
(0.18721051 0.079356913 -0.037045475)
(0.16175337 0.094562085 -0.01775321)
(0.098820518 -0.002914586 0.00087242853)
(0.097975702 -0.0042166556 0.0013214037)
(0.096351004 -0.0046214992 0.0015190323)
(0.094317382 -0.0047075036 0.001635673)
(0.092340841 -0.0046652738 0.0017237261)
(0.090602298 -0.0045827624 0.0017955547)
(0.089087933 -0.0045649629 0.0018695414)
(0.087729132 -0.0046571885 0.0019879792)
(0.086574901 -0.0046882698 0.0022183982)
(0.08593614 -0.0045522903 0.002592012)
(0.086329326 -0.0039678538 0.0030611903)
(0.089902231 -0.0013761754 0.0032099083)
(0.099846736 0.0061334316 0.002387016)
(0.11531276 0.019431099 0.00043336841)
(0.13377933 0.036545857 -0.0025718943)
(0.15181188 0.054728606 -0.0057695989)
(0.16658296 0.071222176 -0.0085000592)
(0.1768217 0.084913723 -0.010545001)
(0.18268765 0.095343218 -0.012101482)
(0.18532875 0.10235682 -0.013508218)
(0.18621941 0.10606804 -0.014952265)
(0.1863888 0.10687224 -0.016282458)
(0.18619251 0.10537794 -0.017172716)
(0.18565742 0.10216904 -0.017491617)
(0.18482357 0.097707212 -0.017123546)
(0.18373861 0.092412217 -0.015949262)
(0.18223871 0.086984827 -0.013686714)
(0.17996436 0.082999558 -0.0097891571)
(0.17736819 0.084074582 -0.0033018422)
(0.16369308 0.096461484 0.009051475)
(0.096863001 -0.0015546953 0.00083799)
(0.09465169 -0.0022960173 0.0012488622)
(0.090948751 -0.0025212064 0.0014078147)
(0.086419786 -0.0025515901 0.0014837768)
(0.081884185 -0.0024891274 0.0015329462)
(0.077586512 -0.0023652679 0.0015717672)
(0.073488741 -0.0022204928 0.0016247341)
(0.069491176 -0.0020934552 0.0017379287)
(0.065461882 -0.0020221972 0.0019867428)
(0.061185699 -0.0021766744 0.0024854681)
(0.056246614 -0.0030530197 0.0034724299)
(0.050255243 -0.0046383546 0.0053910658)
(0.042655871 -0.0050648546 0.0088872764)
(0.038748853 0.0014708483 0.013733017)
(0.04529323 0.016595109 0.019321869)
(0.060168974 0.03383475 0.025210549)
(0.076581547 0.048627442 0.030875093)
(0.091337987 0.060585665 0.036090217)
(0.10382155 0.069804366 0.040565509)
(0.11446559 0.076305872 0.043794465)
(0.12379342 0.080073443 0.045789806)
(0.13199088 0.08114703 0.046761569)
(0.13891102 0.079898325 0.046875066)
(0.1442782 0.0768626 0.046331909)
(0.1479371 0.072597654 0.045430606)
(0.14993698 0.067544083 0.044480891)
(0.15062564 0.062287185 0.043762876)
(0.1510242 0.058036811 0.043177613)
(0.15518062 0.057572619 0.042020356)
(0.1791197 0.066699433 0.040993604)
(0.10586868 -0.0024586113 0.00099625769)
(0.12047279 -0.002546063 0.0013841174)
(0.13353546 -0.0024147093 0.0013708271)
(0.1440955 -0.0020412093 0.0011257862)
(0.15329933 -0.0014951862 0.00066791761)
(0.16172789 -0.00095792349 -4.5368187e-05)
(0.16939585 -0.00057810336 -0.0010744779)
(0.17622103 -0.00042457001 -0.0025808213)
(0.18218279 -0.00056062724 -0.0048190507)
(0.18726023 -0.0010666498 -0.0080798946)
(0.19138819 -0.0020678588 -0.012708298)
(0.1944668 -0.0036992341 -0.018971594)
(0.19590481 -0.006087708 -0.026847023)
(0.19541846 -0.00989897 -0.035655225)
(0.19467126 -0.01438963 -0.044213539)
(0.1950206 -0.018684969 -0.051399523)
(0.19631837 -0.021773972 -0.056910556)
(0.19759927 -0.023232124 -0.061049233)
(0.19805711 -0.023419023 -0.064144824)
(0.19750599 -0.023076856 -0.06634982)
(0.19632049 -0.022767012 -0.067750457)
(0.19506963 -0.022605578 -0.068426304)
(0.19418866 -0.022550348 -0.068438687)
(0.19392136 -0.022583163 -0.067809351)
(0.19443406 -0.022687933 -0.066503459)
(0.19588233 -0.022726279 -0.064386412)
(0.1983175 -0.022281422 -0.061104139)
(0.2015508 -0.020280128 -0.055999577)
(0.20511079 -0.013338355 -0.048182942)
(0.20100779 0.0088307085 -0.037739668)
(0.099979765 -0.0039016807 0.0010490877)
(0.10069696 -0.0047491108 0.0015847259)
(0.10251757 -0.0049330693 0.0017697678)
(0.10497865 -0.0047172892 0.0017989659)
(0.10789784 -0.0042963928 0.001714076)
(0.11121579 -0.0039221504 0.0014924176)
(0.11484014 -0.0037933266 0.0010903851)
(0.11869406 -0.004020637 0.00043384514)
(0.1227601 -0.0047250086 -0.00059822664)
(0.12700976 -0.0060908279 -0.0021590726)
(0.13146139 -0.008351597 -0.0044088319)
(0.13619436 -0.011762894 -0.0075274631)
(0.14135055 -0.016606524 -0.011576272)
(0.14689631 -0.023529349 -0.016009141)
(0.15284072 -0.031182033 -0.01978558)
(0.15897394 -0.037440852 -0.022048468)
(0.16469142 -0.040271046 -0.022983122)
(0.16902688 -0.039268469 -0.023677739)
(0.17137511 -0.035675831 -0.024899711)
(0.17187617 -0.031390407 -0.026757714)
(0.17132423 -0.027786911 -0.028909959)
(0.17051833 -0.025105189 -0.030953309)
(0.16975507 -0.023175939 -0.032482794)
(0.16906482 -0.021994242 -0.033054964)
(0.16864914 -0.021683102 -0.032226097)
(0.16911175 -0.022358015 -0.029589168)
(0.17153052 -0.023886831 -0.024610573)
(0.17816829 -0.025687609 -0.016403381)
(0.19499829 -0.026265085 -0.0035609172)
(0.25479352 -0.019484743 0.011959315)
(0.10012016 -0.0029427015 0.0010693985)
(0.10022981 -0.0042695343 0.0016318807)
(0.10005022 -0.0047173939 0.0018639297)
(0.099720077 -0.0048802918 0.0019687606)
(0.099454312 -0.0049531702 0.0020061007)
(0.099369705 -0.0050232106 0.0019765956)
(0.099480755 -0.0051778886 0.0018783508)
(0.099766159 -0.0055142883 0.0017237158)
(0.10020682 -0.0061709873 0.0015378504)
(0.10085102 -0.0073913007 0.0013027016)
(0.10181013 -0.0094979466 0.00087933203)
(0.1032497 -0.012945828 5.2336481e-05)
(0.10538229 -0.01839628 -0.001100519)
(0.1082618 -0.026427593 -0.0018510777)
(0.11191666 -0.03548562 -0.00087644445)
(0.11606711 -0.042426837 0.0037223508)
(0.12157747 -0.043679988 0.012033927)
(0.12748149 -0.039727101 0.02061275)
(0.13244881 -0.033188154 0.02737163)
(0.13575669 -0.02717131 0.031452363)
(0.13754681 -0.022886345 0.03364531)
(0.13859546 -0.019369034 0.036034689)
(0.14023531 -0.016903278 0.038685834)
(0.14236363 -0.015704278 0.041405764)
(0.14379492 -0.016522754 0.043028401)
(0.14440812 -0.019055478 0.043970536)
(0.14454079 -0.022691857 0.044743999)
(0.14545023 -0.027693191 0.045657083)
(0.152163 -0.034487556 0.04847948)
(0.18322238 -0.043264199 0.047380703)
(0.098106464 -0.0015815914 0.0010446262)
(0.096791506 -0.0023521721 0.0015886719)
(0.09446214 -0.002610161 0.0018069108)
(0.091557209 -0.0026860035 0.0018946033)
(0.088652008 -0.002684934 0.0019110797)
(0.085938925 -0.0026408234 0.0018608106)
(0.083417987 -0.0025966675 0.0017486103)
(0.081055493 -0.0026088539 0.0015918066)
(0.078804682 -0.0027587317 0.0014271632)
(0.076635532 -0.0031825636 0.001309379)
(0.074471517 -0.0041423784 0.0013128126)
(0.07210269 -0.0060965929 0.0015629513)
(0.069173265 -0.0096813559 0.0020563236)
(0.06543062 -0.015104851 0.0028034313)
(0.061071754 -0.020101004 0.0058849245)
(0.057762813 -0.019600002 0.01708393)
(0.059874875 -0.011180471 0.041272197)
(0.06332978 0.001689376 0.064808723)
(0.067277971 0.014888905 0.08313688)
(0.072174745 0.025674924 0.096097658)
(0.07879578 0.032957734 0.10432936)
(0.086665525 0.035814523 0.10796971)
(0.093735703 0.035530188 0.10897079)
(0.099552897 0.032982513 0.10793491)
(0.1037606 0.029112254 0.10520282)
(0.10666745 0.023974104 0.10018687)
(0.10842011 0.017753245 0.092859727)
(0.10912772 0.010614789 0.083704411)
(0.11557149 0.0027754584 0.074010403)
(0.14654153 -0.0043211145 0.048098488)
(0.10574297 -0.0024794063 0.00033941164)
(0.12014654 -0.0025651967 0.00054985808)
(0.13311551 -0.002407912 0.00062250954)
(0.14368995 -0.0019871962 0.0005995408)
(0.15295203 -0.001383821 0.00050553714)
(0.1613925 -0.00078740538 0.0003410611)
(0.16904062 -0.00030637696 7.1603253e-05)
(0.1758801 2.3347828e-05 -0.00031987253)
(0.1819206 0.00017558906 -0.00084855848)
(0.1871477 0.00010659253 -0.0015360764)
(0.19150526 -0.00026307278 -0.0023959864)
(0.19489274 -0.0010700912 -0.0033892391)
(0.19665725 -0.0025388426 -0.0043363005)
(0.19644656 -0.0055205177 -0.0048822236)
(0.19590071 -0.0091747265 -0.0046257121)
(0.19582595 -0.012765114 -0.0037760093)
(0.19537043 -0.016175072 -0.0032650845)
(0.19388244 -0.019615135 -0.0039106879)
(0.19147412 -0.023047145 -0.005822859)
(0.18851402 -0.026412343 -0.008563307)
(0.18537017 -0.029714817 -0.011549552)
(0.1823965 -0.032886281 -0.014304273)
(0.17983395 -0.035740208 -0.016530747)
(0.17774892 -0.038069697 -0.01807939)
(0.17616284 -0.039822132 -0.018807639)
(0.17521699 -0.041204194 -0.018503877)
(0.17554568 -0.042468231 -0.017032803)
(0.1786424 -0.043224213 -0.015363204)
(0.18623647 -0.03979142 -0.017106556)
(0.1985566 -0.023697773 -0.023563247)
(0.099856779 -0.0039150909 0.000333292)
(0.10034008 -0.0047507681 0.00055812018)
(0.10202935 -0.0048934258 0.00064334276)
(0.10447135 -0.0046102549 0.00062443055)
(0.10740092 -0.0041063053 0.00051407436)
(0.11069833 -0.0036367075 0.00029408679)
(0.1142465 -0.003343198 -7.0276201e-05)
(0.11794959 -0.0032893484 -0.00061896806)
(0.12175673 -0.0035522445 -0.0014022306)
(0.12565556 -0.0042488358 -0.0025017876)
(0.12967879 -0.005612771 -0.0039874254)
(0.13395343 -0.0080335999 -0.0058690844)
(0.13875173 -0.012104215 -0.007971032)
(0.14408203 -0.01861307 -0.0097956675)
(0.14953369 -0.025229318 -0.011074274)
(0.15407418 -0.029657159 -0.012743425)
(0.15629853 -0.032295956 -0.01622341)
(0.15613129 -0.034454972 -0.021518308)
(0.15450558 -0.036210141 -0.027721533)
(0.1520104 -0.037651606 -0.033855699)
(0.14888701 -0.039124762 -0.039076165)
(0.14532201 -0.04083146 -0.042849554)
(0.1414396 -0.042650241 -0.044921687)
(0.13713854 -0.044349384 -0.045214595)
(0.13247258 -0.046012776 -0.04344987)
(0.12753733 -0.048335335 -0.039241616)
(0.12405459 -0.05210843 -0.032378103)
(0.12694523 -0.057210708 -0.025868409)
(0.14353443 -0.056776573 -0.032403462)
(0.19491428 -0.040035688 -0.054829757)
(0.10000156 -0.0029382623 0.00033768547)
(0.099888219 -0.004259232 0.00056878898)
(0.099583905 -0.0046876013 0.00066800973)
(0.09924378 -0.0048192339 0.00066681225)
(0.099011826 -0.0048486463 0.00057456174)
(0.098956863 -0.0048553007 0.00037084948)
(0.099069772 -0.0049080447 2.002857e-05)
(0.099308999 -0.0050845606 -0.00052689135)
(0.099661418 -0.0054974755 -0.0013360154)
(0.10010024 -0.0063292254 -0.0024819858)
(0.10059258 -0.0079399388 -0.0040968658)
(0.10118175 -0.010980567 -0.006310749)
(0.10208265 -0.016516691 -0.0090910161)
(0.10336304 -0.024982577 -0.011928166)
(0.10425824 -0.032478683 -0.014253277)
(0.10374934 -0.034715396 -0.016690236)
(0.1002713 -0.033617956 -0.02079342)
(0.095789876 -0.032827095 -0.024265676)
(0.091962945 -0.032389406 -0.027848186)
(0.088220415 -0.032734446 -0.032326392)
(0.083580058 -0.03420782 -0.036227952)
(0.077976287 -0.036581714 -0.037939186)
(0.072089169 -0.039288493 -0.036961771)
(0.0660064 -0.041953192 -0.033340908)
(0.061243373 -0.04431356 -0.026044037)
(0.057265272 -0.04772636 -0.015517413)
(0.056245243 -0.053403087 -0.0030664226)
(0.062696649 -0.062586984 0.0035593977)
(0.07395505 -0.067818849 -0.021637095)
(0.10619587 -0.058807263 -0.071622655)
(0.097990322 -0.001576833 0.00032906102)
(0.09645604 -0.0023425196 0.00054962087)
(0.094003825 -0.0025926254 0.00063985612)
(0.091087787 -0.0026585682 0.00063057007)
(0.088213927 -0.0026449114 0.00053070273)
(0.085526644 -0.0025830448 0.00031862897)
(0.0830004 -0.0025113206 -4.3441005e-05)
(0.080582273 -0.0024791863 -0.0006098982)
(0.078229297 -0.0025526344 -0.0014575979)
(0.075824379 -0.0028547468 -0.0026946335)
(0.073120287 -0.0036421684 -0.004559304)
(0.069681272 -0.0055095699 -0.0074812651)
(0.064709099 -0.0098526514 -0.012352701)
(0.056509438 -0.017832684 -0.020459889)
(0.043269015 -0.023340006 -0.030831735)
(0.02832569 -0.01882082 -0.03690636)
(0.01815657 -0.012806785 -0.030600745)
(0.026197416 -0.0098481065 0.0039273693)
(0.029539596 -0.0011439506 0.040465004)
(0.033300871 0.0082276294 0.064449599)
(0.039017391 0.015165439 0.078542256)
(0.045259284 0.018538738 0.085673342)
(0.050371564 0.018843107 0.088456248)
(0.053260834 0.016423276 0.087985754)
(0.053018563 0.011640513 0.084510638)
(0.04970244 0.0042384768 0.07771411)
(0.044103699 -0.0061463168 0.067169691)
(0.040687171 -0.020929164 0.050059497)
(0.025394411 -0.028386128 -0.011518441)
(0.031671752 -0.0083292294 -0.10303412)
(0.1057138 -0.0024807976 0.00016918316)
(0.12003865 -0.0025614863 0.00029839352)
(0.13292043 -0.0023892966 0.00036396663)
(0.14342656 -0.0019376723 0.00036710742)
(0.15264754 -0.0012770732 0.00031353431)
(0.16108948 -0.00058468307 0.00020396527)
(0.16880621 4.2627266e-05 4.0383255e-05)
(0.17580773 0.00058566991 -0.00017820599)
(0.18215854 0.0010494874 -0.00045556272)
(0.18795053 0.0014286238 -0.00077993667)
(0.19330725 0.0016856252 -0.0010963294)
(0.19842733 0.0017188688 -0.0012427802)
(0.20305687 0.001368403 -0.00081703236)
(0.20720943 0.00027615622 0.00081406317)
(0.21219901 0.000236443 0.0039634695)
(0.2176194 0.001319938 0.0080197888)
(0.22205562 0.0024209276 0.012359734)
(0.2249472 0.002849391 0.016788392)
(0.22666946 0.0024827444 0.021360783)
(0.22766634 0.0013380554 0.026188098)
(0.22813084 -0.00047861091 0.031390492)
(0.22802255 -0.0028107646 0.037032096)
(0.22717004 -0.005521899 0.042979737)
(0.22550904 -0.0085112919 0.048746873)
(0.2233466 -0.011501022 0.053616133)
(0.22128867 -0.013712868 0.056836222)
(0.21964978 -0.013774663 0.057678298)
(0.21737422 -0.010148857 0.055196206)
(0.21047016 -0.00038160241 0.046840419)
(0.15582342 0.027495067 0.025819907)
(0.099826333 -0.0039167981 0.00016658328)
(0.10020841 -0.0047459396 0.00030019954)
(0.1017644 -0.0048671627 0.00036348054)
(0.10407633 -0.0045392173 0.00035098607)
(0.10687747 -0.0039537295 0.00026411891)
(0.11003528 -0.0033487619 9.6158436e-05)
(0.11342663 -0.002847462 -0.00016941489)
(0.11695934 -0.0024874211 -0.00055787209)
(0.12059736 -0.0023041227 -0.0011001216)
(0.12437783 -0.002399471 -0.0018199197)
(0.12846419 -0.0030212959 -0.0026965301)
(0.1332597 -0.0046739201 -0.0035748627)
(0.13947081 -0.008030179 -0.0039955676)
(0.14736862 -0.012415051 -0.0031499603)
(0.15616933 -0.012951023 -0.0012669159)
(0.16378175 -0.0098896669 0.0001265361)
(0.16862237 -0.0069654999 6.337659e-05)
(0.17114258 -0.0058986574 -0.0014281712)
(0.17212259 -0.0068848774 -0.0040835581)
(0.17202872 -0.0091850823 -0.0075402703)
(0.17122432 -0.012046861 -0.01105935)
(0.16980512 -0.014947993 -0.013707759)
(0.16751856 -0.017755592 -0.014789177)
(0.16404453 -0.020779566 -0.01427347)
(0.15977577 -0.024251409 -0.012716203)
(0.15625065 -0.02728782 -0.011675309)
(0.15657563 -0.026774076 -0.013937738)
(0.16251454 -0.018348669 -0.021659255)
(0.17692017 0.0029005183 -0.035732173)
(0.18592674 0.041193113 -0.053015363)
(0.099972224 -0.0029358638 0.00016710687)
(0.099760288 -0.0042539628 0.00030079111)
(0.099319147 -0.0046734582 0.00036614811)
(0.098834784 -0.0047869715 0.00035404773)
(0.098447386 -0.0047851175 0.00026084902)
(0.098208312 -0.0047406881 7.3801215e-05)
(0.098094346 -0.0047111664 -0.00023302163)
(0.098050877 -0.0047600643 -0.00069779136)
(0.09802231 -0.0049920412 -0.0013748017)
(0.097965473 -0.0056239038 -0.0023476655)
(0.097901048 -0.0071322204 -0.0036821828)
(0.098104213 -0.010515811 -0.0053582163)
(0.09932058 -0.017414006 -0.0069898653)
(0.10142139 -0.025718002 -0.0073490246)
(0.10408205 -0.026555493 -0.0056219267)
(0.10615744 -0.020918112 -0.0033878626)
(0.10208799 -0.015678085 -0.003917617)
(0.095276913 -0.012562244 -0.0074410163)
(0.087391081 -0.013180709 -0.013074835)
(0.080241105 -0.01643992 -0.018944409)
(0.073530853 -0.020780464 -0.023038504)
(0.066718741 -0.025073059 -0.023515025)
(0.059811777 -0.028750124 -0.020153183)
(0.05276176 -0.03202388 -0.014435781)
(0.046814249 -0.035177491 -0.0091368057)
(0.04393969 -0.038522655 -0.0096650919)
(0.04973576 -0.037606133 -0.022152155)
(0.067280924 -0.027617963 -0.041367982)
(0.089815532 -0.0079838318 -0.063550639)
(0.099474789 0.025186021 -0.08822566)
(0.097961538 -0.00157859 0.0001625224)
(0.096331183 -0.0023465007 0.00028995585)
(0.093744789 -0.0025964551 0.00034880083)
(0.090684653 -0.0026585489 0.0003293658)
(0.087650948 -0.0026360799 0.00022663454)
(0.084765634 -0.002558736 2.5578974e-05)
(0.081980022 -0.0024626656 -0.00030659658)
(0.079203431 -0.0023968545 -0.00082324984)
(0.076300595 -0.0024369962 -0.0016149371)
(0.073024495 -0.0027397424 -0.0028518088)
(0.068901767 -0.0036935893 -0.0048175162)
(0.062952896 -0.006359651 -0.0080924112)
(0.053669247 -0.013449838 -0.014028032)
(0.036543622 -0.022763523 -0.023905407)
(0.010453643 -0.01729754 -0.032316832)
(-0.015623205 0.00057250869 -0.029277514)
(-0.02998496 0.0030988628 -0.02193668)
(-0.036673905 0.0020152191 -0.0099911268)
(-0.025983386 -0.0010266984 0.011967835)
(-0.018326332 -6.3492622e-05 0.031300629)
(-0.0095320771 0.0013177325 0.043526464)
(-0.0025513747 0.0013388482 0.050184637)
(0.0015141696 -0.00018424099 0.053196534)
(0.0017670314 -0.0035738855 0.053639192)
(-0.0032261809 -0.010269907 0.049605349)
(-0.014582742 -0.020262727 0.031203495)
(-0.027685385 -0.023787472 -0.0075880207)
(-0.03062946 -0.0061659365 -0.050964752)
(-0.015243601 0.019535992 -0.081250426)
(0.01340161 0.046952809 -0.10875056)
(0.10569682 -0.0024849652 2.5618456e-05)
(0.11997805 -0.0025688777 3.7551659e-05)
(0.13280525 -0.0023987962 2.7698915e-05)
(0.14325868 -0.0019474496 -4.8542094e-06)
(0.1524319 -0.0012843427 -5.8968827e-05)
(0.16082932 -0.00058563535 -0.00013558484)
(0.16849702 4.7932254e-05 -0.00023850972)
(0.17543523 0.00059247893 -0.00037563214)
(0.18170678 0.0010447469 -0.00055746823)
(0.18741801 0.0013813342 -0.00078907523)
(0.19274487 0.0015292939 -0.0010499737)
(0.1980448 0.0013368606 -0.0012544684)
(0.20333179 0.00072866487 -0.0011412697)
(0.20885973 6.7271611e-05 -0.00030779846)
(0.21525517 0.00081938814 0.001069098)
(0.22159431 0.0021046234 0.0024682708)
(0.22698523 0.0033606801 0.0036947014)
(0.2315674 0.0048422271 0.0049811392)
(0.23613707 0.0067429687 0.0066383862)
(0.24124686 0.0089478844 0.0089047243)
(0.24708464 0.011464089 0.012023854)
(0.2532734 0.014402619 0.016247603)
(0.2588009 0.017824416 0.021730382)
(0.26244891 0.021494521 0.028309231)
(0.26327695 0.025157742 0.035349598)
(0.26049244 0.028825857 0.041735531)
(0.25266955 0.033145045 0.045946871)
(0.23690184 0.039254283 0.046146015)
(0.20974396 0.049225164 0.039785027)
(0.1176942 0.071327972 0.024225038)
(0.099807158 -0.0039216996 2.1556897e-05)
(0.10013221 -0.0047545255 2.8156298e-05)
(0.10161004 -0.0048771879 8.0553225e-06)
(0.10384035 -0.0045474915 -4.2024989e-05)
(0.10655968 -0.0039561825 -0.00012281076)
(0.10962748 -0.003340032 -0.00023748333)
(0.1129083 -0.0028283937 -0.0003946203)
(0.1163002 -0.0024677534 -0.00060733692)
(0.11977086 -0.002314014 -0.00089013717)
(0.12339244 -0.0025198959 -0.0012501265)
(0.12743983 -0.0034457721 -0.0016595349)
(0.13258468 -0.0057731972 -0.001985332)
(0.13982782 -0.0098951651 -0.0018466517)
(0.14926779 -0.011635331 -0.0005981402)
(0.15896031 -0.0082073333 0.00076294144)
(0.16635454 -0.0039544514 0.0010948437)
(0.17220921 -0.00094606596 0.0006171467)
(0.17796081 0.0008648822 -0.00011518548)
(0.18423412 0.0019719794 -0.00089336529)
(0.19113248 0.0033251436 -0.0016621949)
(0.19936908 0.0061934699 -0.0022122029)
(0.20923209 0.011728209 -0.0020642792)
(0.22003236 0.020128002 -0.00059740698)
(0.23052783 0.030655301 0.0023966579)
(0.23946482 0.042140423 0.0064881732)
(0.24533329 0.054109515 0.01066253)
(0.24546564 0.067156758 0.013398332)
(0.23556487 0.081772279 0.012909742)
(0.21336053 0.099682161 0.0066671298)
(0.1332124 0.12700483 -0.0088677691)
(0.099952782 -0.0029370563 2.0627863e-05)
(0.09968293 -0.0042571811 2.5974259e-05)
(0.099158396 -0.004677632 3.9197418e-06)
(0.098580085 -0.00479055 -5.0706441e-05)
(0.098090602 -0.0047867764 -0.00014144653)
(0.097728968 -0.0047382282 -0.00027508584)
(0.09745019 -0.0047070915 -0.00046716351)
(0.097174881 -0.0047673308 -0.00074263268)
(0.096821073 -0.0050515813 -0.0011357534)
(0.096328124 -0.005855837 -0.0016977577)
(0.09576997 -0.007862501 -0.002481803)
(0.095790925 -0.012558846 -0.0034811398)
(0.097251494 -0.022079165 -0.0044186328)
(0.099453915 -0.025789638 -0.0036038316)
(0.10512967 -0.019402413 -0.0010490486)
(0.1045192 -0.012827581 -0.0012854509)
(0.10149915 -0.0072450849 -0.0034295427)
(0.095977679 -0.0028077007 -0.0066786851)
(0.090267321 -0.00080590914 -0.010795709)
(0.08419345 -0.0016136001 -0.015670925)
(0.078076672 -0.0036842069 -0.019760456)
(0.076129236 -0.0044080486 -0.020989912)
(0.082564635 -0.0017908951 -0.018939612)
(0.098317059 0.0052643463 -0.015389616)
(0.12236605 0.017682797 -0.012239121)
(0.14360659 0.033285898 -0.008874416)
(0.15958716 0.050239651 -0.007165931)
(0.16513933 0.069472684 -0.0088142132)
(0.15993494 0.093934558 -0.015586405)
(0.10798238 0.12915379 -0.028029199)
(0.097942125 -0.0015788435 1.9687782e-05)
(0.096253896 -0.0023471913 2.3740524e-05)
(0.093582927 -0.0025971416 -1.8320721e-08)
(0.090424592 -0.0026588834 -5.7492687e-05)
(0.087281415 -0.0026360682 -0.00015362192)
(0.084258113 -0.00255768 -0.00029746945)
(0.081270637 -0.0024624679 -0.00051116991)
(0.078181671 -0.0024064172 -0.00083326373)
(0.074776046 -0.0024849219 -0.0013299278)
(0.070649587 -0.0029162762 -0.0021339426)
(0.064968011 -0.0042870056 -0.003511076)
(0.055850893 -0.0083676458 -0.0060578977)
(0.041298613 -0.019492141 -0.011310701)
(0.0068968177 -0.020624877 -0.02034786)
(-0.03338138 0.0021492619 -0.018988248)
(-0.05229712 0.0055909694 -0.01526813)
(-0.068416886 0.0060518543 -0.013069001)
(-0.076471074 0.0036847055 -0.008930249)
(-0.077514938 -0.0008576872 -0.0021198061)
(-0.069744704 -0.0059683161 0.0070903353)
(-0.060472942 -0.010448456 0.014756853)
(-0.051756409 -0.014503358 0.020387632)
(-0.04404436 -0.017658714 0.024047491)
(-0.035986783 -0.018513879 0.025486945)
(-0.026458243 -0.014639261 0.023127017)
(-0.0017940961 0.0039503353 0.0091408946)
(0.021081658 0.028810956 0.0011535245)
(0.028806459 0.048765362 -0.0089063783)
(0.038818861 0.0754007 -0.023858941)
(0.047148566 0.11133535 -0.038678883)
(0.10569687 -0.0024850164 -7.83868e-05)
(0.11997721 -0.0025689018 -0.00014545848)
(0.13280155 -0.0023986466 -0.00019343982)
(0.14324988 -0.0019468899 -0.00022307538)
(0.15241468 -0.0012833527 -0.00023768351)
(0.16079678 -0.0005853491 -0.00023971867)
(0.16843927 4.6137846e-05 -0.00023032149)
(0.17533872 0.0005856757 -0.00020765386)
(0.18155504 0.0010281711 -0.00016966475)
(0.1872016 0.0013429328 -0.00012229245)
(0.19247302 0.0014366809 -8.0669001e-05)
(0.19781517 0.0011474252 -8.7790516e-05)
(0.20346722 0.00051681707 -0.00027128758)
(0.20968796 0.00035554107 -0.00079630005)
(0.21644188 0.0013647928 -0.0016485333)
(0.22279245 0.0026513892 -0.0026243108)
(0.22780575 0.0040068424 -0.0036825915)
(0.23195476 0.0056972471 -0.0050973291)
(0.23588775 0.0077155756 -0.0071986219)
(0.24012916 0.0099097579 -0.010251164)
(0.24497582 0.012100265 -0.014425885)
(0.25025343 0.014283776 -0.019766415)
(0.25517049 0.016675765 -0.026146815)
(0.25858728 0.019254405 -0.033210375)
(0.25952288 0.021854732 -0.040310889)
(0.25713586 0.024624944 -0.046358145)
(0.25001088 0.028331679 -0.049757624)
(0.23521894 0.034414102 -0.048670913)
(0.2090685 0.045126885 -0.040741579)
(0.11750125 0.069617148 -0.024157757)
(0.099806442 -0.0039219673 -7.9328446e-05)
(0.10012888 -0.0047549933 -0.00015244472)
(0.10160174 -0.0048778206 -0.00020624464)
(0.10382382 -0.0045482855 -0.00023896036)
(0.10652915 -0.0039576352 -0.00025247655)
(0.10957431 -0.0033449113 -0.00024740363)
(0.11282193 -0.0028410172 -0.00022062069)
(0.11616792 -0.0024975274 -0.00016615664)
(0.11957797 -0.0023784016 -8.1126361e-05)
(0.12312959 -0.0026650093 3.8066168e-05)
(0.12714042 -0.003781234 0.00017864442)
(0.13243809 -0.0064758679 0.00027741409)
(0.14012857 -0.010803296 0.00017465368)
(0.15022043 -0.010469905 -0.00042881283)
(0.15966514 -0.0062840774 -0.0010869136)
(0.16684949 -0.0021602131 -0.0012254037)
(0.1730547 0.00081110372 -0.00096827991)
(0.17907164 0.0028755611 -0.00074043428)
(0.18492055 0.0042920709 -0.00075276652)
(0.19122349 0.005376765 -0.00096532807)
(0.19854673 0.0069673193 -0.0013840541)
(0.20721149 0.01041554 -0.0021823076)
(0.21673574 0.016707888 -0.0037116)
(0.22592208 0.025490322 -0.0062406493)
(0.23371962 0.035632703 -0.0097018045)
(0.23901326 0.046324708 -0.013175715)
(0.23950853 0.058058391 -0.014823133)
(0.23131603 0.072091706 -0.012537287)
(0.21278738 0.090817597 -0.0041492658)
(0.14528839 0.12074248 0.012620844)
(0.09995201 -0.0029374146 -7.9297489e-05)
(0.099679198 -0.0042579042 -0.00015189264)
(0.09914867 -0.0046789202 -0.00020628597)
(0.098559943 -0.0047927946 -0.0002398445)
(0.098051498 -0.0047909094 -0.00025301024)
(0.097657513 -0.004747392 -0.0002448124)
(0.097327663 -0.004726996 -0.00020902373)
(0.096974842 -0.0048102876 -0.00013523601)
(0.096495213 -0.0051461483 -1.3360243e-05)
(0.095794799 -0.006080598 0.00017836779)
(0.094960234 -0.0084197051 0.00046196944)
(0.094899999 -0.013932225 0.00084477279)
(0.09623774 -0.024947202 0.0013828945)
(0.099895276 -0.023625687 0.001319668)
(0.10453095 -0.016746025 1.8779869e-05)
(0.1038077 -0.010366766 5.240906e-05)
(0.099929195 -0.0046327965 0.0011059399)
(0.093245045 -8.8419391e-05 0.0027259069)
(0.08598611 0.0017893398 0.0048587854)
(0.077057369 0.00029330572 0.0077296794)
(0.06518944 -0.0036911778 0.010847094)
(0.053253562 -0.0070708324 0.01301457)
(0.048682283 -0.0065513908 0.013472082)
(0.058524391 -0.0013107865 0.012497435)
(0.080092483 0.0082276799 0.011502654)
(0.11072543 0.023120968 0.011394093)
(0.13309723 0.03933262 0.013163386)
(0.14512341 0.05818557 0.018953941)
(0.14807167 0.083328569 0.029664088)
(0.11814859 0.11938898 0.044073887)
(0.097941377 -0.0015790281 -7.7115462e-05)
(0.096250095 -0.0023475753 -0.00014655022)
(0.093572712 -0.0025978151 -0.00019740818)
(0.090402825 -0.0026599542 -0.00022686338)
(0.087237044 -0.0026378387 -0.0002348329)
(0.084173248 -0.0025616961 -0.00021990572)
(0.081119194 -0.0024716421 -0.00017338606)
(0.077917658 -0.0024269459 -8.0570633e-05)
(0.074297106 -0.0025346122 8.1231252e-05)
(0.069723637 -0.0030493368 0.00036694093)
(0.063093065 -0.0046801896 0.00088993026)
(0.051895235 -0.009670034 0.0019529234)
(0.034234659 -0.023390211 0.004717888)
(-0.014943921 -0.011349683 0.013039389)
(-0.044255106 0.0049648513 0.013157814)
(-0.064018781 0.0075051883 0.011150303)
(-0.078058111 0.0071827179 0.0088223624)
(-0.085846975 0.0041745939 0.0051815467)
(-0.087612171 -0.00050840937 0.00098627585)
(-0.081473359 -0.0054616242 -0.0030410867)
(-0.072219326 -0.010179807 -0.0044843723)
(-0.063663821 -0.014863791 -0.0039894323)
(-0.0561981 -0.019484208 -0.0025037831)
(-0.048630639 -0.022708255 -0.00084138059)
(-0.039841025 -0.021512217 0.00087717856)
(-0.030576608 -0.011495439 0.0071132383)
(-0.0072854162 0.013616295 0.022638559)
(0.0094762429 0.039679405 0.03882748)
(0.02683862 0.066049748 0.055979354)
(0.057724717 0.099417213 0.070217907)
(0.10571302 -0.0024816277 -0.0002159788)
(0.12003339 -0.002563121 -0.00039430523)
(0.13290493 -0.0023916981 -0.00051109383)
(0.14339531 -0.0019406479 -0.00056848287)
(0.15259509 -0.0012803657 -0.00057343722)
(0.16101037 -0.00058738086 -0.00052780378)
(0.16869318 4.000866e-05 -0.00043124076)
(0.17564861 0.00058015014 -0.00029331198)
(0.18192794 0.0010284519 -0.00011190067)
(0.18762056 0.0013771085 0.00010370136)
(0.19287255 0.0015809552 0.00028884506)
(0.19792258 0.0015185439 0.00026390465)
(0.20260898 0.0010392928 -0.00043003837)
(0.20700737 1.3707418e-05 -0.0025038026)
(0.21220292 0.00035407369 -0.0059691616)
(0.21748657 0.0015934913 -0.010159592)
(0.22146105 0.0026417301 -0.014533868)
(0.22375085 0.0029141489 -0.018987972)
(0.22481133 0.0022465338 -0.023546253)
(0.22514883 0.00067429957 -0.028143598)
(0.2251292 -0.0015773257 -0.032687531)
(0.22490176 -0.0041529397 -0.037133254)
(0.22428172 -0.0067405351 -0.041470696)
(0.22292855 -0.0092806393 -0.045513954)
(0.22086212 -0.011766996 -0.048811721)
(0.2186764 -0.01362893 -0.050771787)
(0.21701825 -0.013202734 -0.050720012)
(0.21484126 -0.0086309754 -0.047945692)
(0.20682488 0.002123114 -0.039650729)
(0.14741619 0.030325734 -0.01904755)
(0.099823778 -0.0039185032 -0.00021724587)
(0.10019698 -0.0047494445 -0.00040887303)
(0.1017371 -0.0048727948 -0.00053605247)
(0.10402587 -0.0045473464 -0.00059419421)
(0.10679694 -0.0039648256 -0.00058574543)
(0.10991707 -0.0033627273 -0.00050465489)
(0.11325986 -0.0028672742 -0.00033573981)
(0.11672204 -0.0025210242 -5.7795603e-05)
(0.12026911 -0.0023782157 0.00036065403)
(0.12395365 -0.0025565802 0.00094290551)
(0.12796665 -0.0033419307 0.001665644)
(0.13277111 -0.0053094754 0.0023498235)
(0.1391693 -0.0091080655 0.0024390138)
(0.14738181 -0.013143348 0.0010305298)
(0.15634832 -0.012149557 -0.0010324808)
(0.16343459 -0.0085029993 -0.0021697275)
(0.16771238 -0.0055337717 -0.0017634441)
(0.16958267 -0.0047288597 -2.843997e-05)
(0.16965249 -0.0061682507 0.0028646685)
(0.16831548 -0.0091439564 0.0066807655)
(0.16602304 -0.012851515 0.010857252)
(0.16310611 -0.016466688 0.014495706)
(0.1594865 -0.019352484 0.016701927)
(0.15471367 -0.021712654 0.017151415)
(0.14880175 -0.024407735 0.016045817)
(0.14315555 -0.027679165 0.014547252)
(0.14242067 -0.027433238 0.017339615)
(0.1486448 -0.017664654 0.025839589)
(0.16395341 0.0064671175 0.039108556)
(0.17032671 0.047325913 0.055150409)
(0.09996943 -0.002937335 -0.00021857379)
(0.099747528 -0.0042571743 -0.00041089382)
(0.099287786 -0.0046791274 -0.00054215494)
(0.098775471 -0.0047961087 -0.00060472353)
(0.098350788 -0.0047989395 -0.00059664296)
(0.09806222 -0.0047602968 -0.00050608893)
(0.097878453 -0.0047407987 -0.00030859369)
(0.097724647 -0.0048110772 3.2818547e-05)
(0.097536923 -0.0050906901 0.00057119558)
(0.097270902 -0.0058295131 0.0013888579)
(0.096943917 -0.0075833994 0.0025786855)
(0.096906549 -0.011527994 0.004107837)
(0.097986106 -0.019541267 0.0054143618)
(0.099564494 -0.027582178 0.0048436243)
(0.10270907 -0.025103844 0.0023631539)
(0.10294505 -0.019096599 0.00075251696)
(0.097696903 -0.01375431 0.0024141259)
(0.089528789 -0.010899735 0.0069404542)
(0.07973212 -0.012213129 0.013435106)
(0.069808347 -0.016512464 0.020153803)
(0.060181777 -0.021993764 0.024950251)
(0.050863861 -0.027094031 0.026074885)
(0.042605761 -0.030603886 0.023170507)
(0.03599016 -0.033378652 0.016917155)
(0.031024367 -0.037581803 0.0087574523)
(0.029487419 -0.04432071 0.0049304652)
(0.037016676 -0.043736822 0.022599493)
(0.057188347 -0.031253307 0.045080384)
(0.083132959 -0.0095198764 0.066752597)
(0.10292997 0.027332939 0.089933957)
(0.097958682 -0.0015792258 -0.00021283466)
(0.096317862 -0.0023479323 -0.00039723252)
(0.093711547 -0.0025990626 -0.000520227)
(0.090621076 -0.00266288 -0.00057393388)
(0.087546707 -0.0026428122 -0.00055527799)
(0.084605467 -0.0025683039 -0.00045004058)
(0.081733099 -0.0024769136 -0.00022732284)
(0.0788107 -0.0024224333 0.00016544926)
(0.075675768 -0.0024889353 0.00082007978)
(0.072030696 -0.0028579518 0.0019246908)
(0.067260596 -0.0039906862 0.0038335322)
(0.060065159 -0.0071901276 0.0072401313)
(0.04862049 -0.0158577 0.013669386)
(0.02672793 -0.024220929 0.02388755)
(-0.0053927701 -0.010032292 0.030211123)
(-0.027768009 0.0027779147 0.025898453)
(-0.042671328 0.0046184541 0.019784144)
(-0.046906445 0.0029714412 0.0091133687)
(-0.034061944 -7.3875146e-05 -0.011166384)
(-0.024814817 -0.00013191718 -0.027018354)
(-0.014217456 -3.6023542e-05 -0.036287631)
(-0.0053073252 -0.0010286119 -0.040991878)
(0.0014803235 -0.0033248656 -0.042727935)
(0.0045968253 -0.0074371291 -0.042188029)
(0.0041267764 -0.013861856 -0.040677408)
(-0.0053304501 -0.026074629 -0.027622755)
(-0.025397744 -0.029013079 0.018155799)
(-0.029139849 -0.0097395365 0.063596131)
(-0.0187875 0.01469549 0.091730688)
(0.021153129 0.044327622 0.1209891)
(0.10574191 -0.0024805497 -0.00037677016)
(0.12013943 -0.002567337 -0.00062593493)
(0.13309475 -0.0024109269 -0.00073818967)
(0.143648 -0.001990677 -0.00075622651)
(0.15288168 -0.0013868288 -0.00070513263)
(0.16129 -0.00078917857 -0.00058710825)
(0.16888235 -0.0003124742 -0.00037348896)
(0.17563797 1.4628437e-05 -3.9893061e-05)
(0.18158405 0.00016647428 0.00042774333)
(0.18670003 8.8080877e-05 0.0010537645)
(0.19092763 -0.00030838978 0.001849038)
(0.194193 -0.0011771186 0.0027605526)
(0.19591601 -0.0027653011 0.0035812748)
(0.19585992 -0.0059012798 0.0039019954)
(0.19555437 -0.0095467282 0.0033423863)
(0.19548205 -0.012945464 0.0022927867)
(0.19474892 -0.016100826 0.0017883276)
(0.19273334 -0.019393542 0.0025975774)
(0.18971178 -0.022837915 0.0047735338)
(0.18630707 -0.026321535 0.0078648922)
(0.1830984 -0.0297155 0.011261707)
(0.18051104 -0.032784953 0.014380032)
(0.17866072 -0.035254535 0.016791694)
(0.17736453 -0.036994277 0.018353367)
(0.176428 -0.038091952 0.019094317)
(0.17593992 -0.038869688 0.01891684)
(0.17650267 -0.039630643 0.01762296)
(0.17945783 -0.039709236 0.016124882)
(0.18605673 -0.035122493 0.017559392)
(0.19333282 -0.016395163 0.022862495)
(0.099853654 -0.0039174453 -0.00037348498)
(0.10032547 -0.0047554769 -0.00064363345)
(0.1019934 -0.0049007611 -0.00077798137)
(0.10440377 -0.0046203736 -0.00081253677)
(0.10729094 -0.004118974 -0.00076053618)
(0.11053306 -0.0036520956 -0.0006050311)
(0.11400693 -0.0033690462 -0.00031209112)
(0.11761936 -0.0033267274 0.00016085801)
(0.12132109 -0.0036074507 0.0008684056)
(0.12510225 -0.0043623104 0.0018971951)
(0.12901454 -0.0058393748 0.0033078958)
(0.13322269 -0.0084816026 0.0050939182)
(0.13806686 -0.012939673 0.0070398266)
(0.14353757 -0.019810353 0.008575299)
(0.14901636 -0.026064223 0.009530464)
(0.15317096 -0.029751593 0.011266474)
(0.15469129 -0.031631338 0.015103167)
(0.15361276 -0.033452769 0.020835617)
(0.15107253 -0.035255782 0.027538318)
(0.14789387 -0.036950044 0.034151157)
(0.14445018 -0.038664677 0.039738443)
(0.14096286 -0.040310662 0.043687694)
(0.13744543 -0.041578119 0.045750083)
(0.1337148 -0.042377769 0.046063999)
(0.12969785 -0.043098598 0.044697387)
(0.12568552 -0.044916861 0.041170158)
(0.12344149 -0.048791514 0.035138329)
(0.12808664 -0.053402058 0.029841622)
(0.14621371 -0.051582045 0.035833764)
(0.19943318 -0.032733158 0.056468003)
(0.099998164 -0.0029402071 -0.00037853923)
(0.099872061 -0.004263421 -0.00065551045)
(0.099543083 -0.0046947721 -0.00080546118)
(0.0991652 -0.0048303507 -0.00086088705)
(0.098880678 -0.0048648434 -0.00083233266)
(0.098754463 -0.0048783335 -0.00070136994)
(0.098770998 -0.0049418292 -0.00043262302)
(0.098885021 -0.0051355573 2.5518325e-05)
(0.099061304 -0.0055856328 0.00075290642)
(0.099289313 -0.0065020968 0.0018504618)
(0.099547256 -0.008282817 0.0034375624)
(0.099882663 -0.011676604 0.0056533657)
(0.10061457 -0.017904484 0.0084260091)
(0.10168447 -0.027070797 0.011086382)
(0.10207544 -0.033520155 0.013025578)
(0.10053583 -0.034363669 0.015761335)
(0.096008371 -0.031831399 0.020380903)
(0.090463786 -0.030572464 0.024400675)
(0.085467056 -0.030529109 0.029173664)
(0.080813144 -0.031602697 0.034774838)
(0.075578645 -0.033820423 0.039237335)
(0.070001036 -0.036570835 0.041060009)
(0.064807915 -0.039032847 0.040039715)
(0.060541282 -0.041084084 0.036621501)
(0.057564999 -0.043398767 0.030316612)
(0.056617797 -0.047329626 0.020248809)
(0.058455636 -0.053988364 0.0085878)
(0.068333154 -0.062436059 0.0039326745)
(0.08414763 -0.066438522 0.024153306)
(0.12561104 -0.057329006 0.067079451)
(0.09798687 -0.0015776497 -0.00036897198)
(0.096439362 -0.0023443437 -0.00063408973)
(0.093961146 -0.0025958214 -0.00077363036)
(0.091004671 -0.0026635739 -0.00081959832)
(0.088073286 -0.0026522278 -0.00078234459)
(0.085305096 -0.0025935058 -0.00064281591)
(0.082665515 -0.0025272922 -0.00036263999)
(0.080090641 -0.0025054975 0.00011908724)
(0.077509965 -0.0026019912 0.00090183428)
(0.074796006 -0.0029479643 0.0021292231)
(0.071657515 -0.0038462337 0.0040680659)
(0.067527413 -0.0060024832 0.007260758)
(0.061442118 -0.011137569 0.012840991)
(0.051293451 -0.020122126 0.022187236)
(0.034740225 -0.023102465 0.033020816)
(0.018622545 -0.016998046 0.038161258)
(0.0067373545 -0.0088416142 0.030025935)
(0.020493564 -0.0061185156 -0.010345036)
(0.023423336 0.0022133234 -0.044006125)
(0.029545162 0.010343289 -0.063934462)
(0.037491613 0.015842682 -0.074964204)
(0.045592413 0.018080978 -0.080201323)
(0.052536893 0.017642595 -0.081808527)
(0.057488364 0.015038772 -0.080787683)
(0.059308232 0.010317448 -0.077414123)
(0.057171169 0.0028506819 -0.071172618)
(0.053552156 -0.0077073834 -0.06141065)
(0.052335906 -0.021069606 -0.042417056)
(0.043869258 -0.027623739 0.0096197738)
(0.062767389 -0.012211092 0.091057012)
(0.10586764 -0.002460407 -0.0010199607)
(0.12046418 -0.0025497682 -0.0014325734)
(0.13350896 -0.002420744 -0.001444682)
(0.14404129 -0.0020499299 -0.0012256616)
(0.15320666 -0.0015070699 -0.00079444458)
(0.16158085 -0.00097189094 -0.00010779055)
(0.16919601 -0.00058759618 0.00089296747)
(0.17596588 -0.0004314854 0.0023761256)
(0.18185436 -0.00056928438 0.0046018386)
(0.18684367 -0.0010747488 0.0078538695)
(0.19087198 -0.002082868 0.012474796)
(0.19385315 -0.0037445882 0.018733056)
(0.19522574 -0.0062092875 0.026597755)
(0.19475158 -0.010154126 0.035344881)
(0.1940919 -0.014753714 0.043727403)
(0.19448355 -0.019028165 0.050729925)
(0.19564012 -0.021974644 0.056131151)
(0.19653958 -0.023309834 0.060256911)
(0.19648645 -0.023526286 0.06339654)
(0.19552651 -0.023368562 0.065638443)
(0.19423761 -0.023285855 0.067021984)
(0.19325064 -0.023304592 0.067591859)
(0.19291954 -0.023324307 0.067394138)
(0.19331144 -0.023287215 0.066495808)
(0.19440279 -0.023188619 0.06495398)
(0.19623173 -0.022920903 0.062714331)
(0.19881427 -0.022079862 0.059457892)
(0.20195528 -0.01949205 0.05458392)
(0.20499032 -0.011581616 0.047392458)
(0.1974569 0.011920069 0.037638842)
(0.099976332 -0.0039051912 -0.0010746439)
(0.1006796 -0.0047564933 -0.0016390945)
(0.10247284 -0.0049452654 -0.0018552107)
(0.10489299 -0.0047353177 -0.0019175633)
(0.10775781 -0.0043213495 -0.0018677298)
(0.1110074 -0.0039534546 -0.0016827109)
(0.11455134 -0.0038241996 -0.001317653)
(0.11831143 -0.0040552935 -0.00069425099)
(0.12228842 -0.004771983 0.00030941731)
(0.12644483 -0.0061494455 0.0018439386)
(0.1307985 -0.0084544357 0.0040721707)
(0.13545844 -0.011975996 0.0071609114)
(0.14060045 -0.017041849 0.011156217)
(0.14619556 -0.024284655 0.015465853)
(0.1521717 -0.032086868 0.018992047)
(0.15815164 -0.038124325 0.021012752)
(0.16348196 -0.04045025 0.021819101)
(0.16718256 -0.039000491 0.022614987)
(0.16878747 -0.035351095 0.024115784)
(0.16870992 -0.031404168 0.026268212)
(0.16791076 -0.028263128 0.028592272)
(0.16717609 -0.025923796 0.030594921)
(0.16671925 -0.024075612 0.031869783)
(0.16650525 -0.022629485 0.032153139)
(0.16666553 -0.021892635 0.031210718)
(0.16775027 -0.022079879 0.02873378)
(0.1708919 -0.023133316 0.02415741)
(0.17849056 -0.024237519 0.016562034)
(0.19645919 -0.023324678 0.0045766541)
(0.25619138 -0.013816477 -0.0099550623)
(0.10011628 -0.0029454353 -0.0010953905)
(0.1002102 -0.0042755549 -0.0016870299)
(0.099998862 -0.0047277769 -0.0019511095)
(0.099619799 -0.0048963355 -0.0020908342)
(0.099286968 -0.004976264 -0.0021658192)
(0.099115359 -0.0050546038 -0.0021760692)
(0.099118423 -0.0052185817 -0.0021173361)
(0.099277 -0.0055673041 -0.0019963299)
(0.099586494 -0.006236978 -0.0018324295)
(0.10007003 -0.007483675 -0.001601387)
(0.10083545 -0.00965869 -0.0011579163)
(0.10209362 -0.01326507 -0.0002569874)
(0.10408659 -0.019052751 0.0010631784)
(0.10686604 -0.027571929 0.001971154)
(0.11036844 -0.036747177 0.00086674166)
(0.11419335 -0.043171355 -0.0040550057)
(0.11945968 -0.04345071 -0.012829417)
(0.12490062 -0.038691824 -0.021315999)
(0.12915759 -0.032133627 -0.027317141)
(0.13183899 -0.026942884 -0.030302651)
(0.13323031 -0.023630295 -0.031744308)
(0.13453348 -0.021421702 -0.033386443)
(0.13668172 -0.020306256 -0.035398141)
(0.13957983 -0.019937143 -0.037987291)
(0.14239208 -0.020453215 -0.040612222)
(0.14425379 -0.021983898 -0.04261262)
(0.14607194 -0.024391438 -0.044012831)
(0.14943449 -0.027986473 -0.045441619)
(0.15844647 -0.032546944 -0.049075237)
(0.19090586 -0.03779754 -0.052742152)
(0.098102386 -0.0015827192 -0.0010700475)
(0.096770951 -0.0023547494 -0.00164252)
(0.094408141 -0.0026146727 -0.001892018)
(0.091451094 -0.0026929831 -0.00201389)
(0.088473544 -0.0026949446 -0.0020673879)
(0.085665279 -0.0026544538 -0.0020561182)
(0.08302419 -0.0026146214 -0.0019812338)
(0.080518465 -0.0026323735 -0.0018523779)
(0.078106184 -0.0027897781 -0.0016941698)
(0.075730743 -0.0032373665 -0.0015435662)
(0.073302218 -0.0042467988 -0.0014388701)
(0.070628787 -0.0063279923 -0.001428431)
(0.067344202 -0.010245682 -0.0013804699)
(0.063127727 -0.016338344 -0.0011489559)
(0.057990786 -0.021513707 -0.0033230226)
(0.054074575 -0.020236507 -0.014954978)
(0.056744023 -0.010487038 -0.04103272)
(0.060069546 0.0035336986 -0.06532722)
(0.064055397 0.017138752 -0.083126962)
(0.070098608 0.027629208 -0.095307847)
(0.078471354 0.034240389 -0.10267324)
(0.087729751 0.036592093 -0.10592519)
(0.09604507 0.035936361 -0.10678512)
(0.10279643 0.033266224 -0.10591433)
(0.10780885 0.029328774 -0.10336545)
(0.11150483 0.02408053 -0.098535984)
(0.114139 0.01805897 -0.091527178)
(0.11666271 0.011415496 -0.083448106)
(0.12443817 0.0049311029 -0.076266673)
(0.15861496 0.00029956287 -0.063277717)
(0.10460448 -0.0024595071 -0.00088054659)
(0.11834546 -0.0025385717 -0.0013238284)
(0.13014033 -0.002319505 -0.0014074421)
(0.13933655 -0.0017625368 -0.0012713472)
(0.1473606 -0.00093088402 -0.00092921189)
(0.15485479 2.3627832e-06 -0.00033915937)
(0.16207583 0.00093645055 0.00053182055)
(0.16929406 0.0018036802 0.0018322181)
(0.17669926 0.0027030569 0.0038350603)
(0.18459615 0.0038132774 0.0068561611)
(0.19316896 0.0054585289 0.011301506)
(0.20212145 0.0080103269 0.017589142)
(0.20997448 0.011870571 0.025980862)
(0.21515618 0.01646261 0.036297757)
(0.21766097 0.021628948 0.047706097)
(0.21800413 0.026654682 0.058970824)
(0.21635414 0.030944328 0.068921406)
(0.21292052 0.034181385 0.076866765)
(0.20828222 0.036232775 0.082637818)
(0.20335143 0.037099268 0.086404486)
(0.1990667 0.036953044 0.088474832)
(0.19606159 0.036091201 0.08916743)
(0.19454107 0.034806405 0.088756551)
(0.19437065 0.033323253 0.087464878)
(0.19521752 0.031810362 0.085446274)
(0.1965639 0.03047606 0.082713128)
(0.19746916 0.02970987 0.079031965)
(0.19605917 0.030345289 0.073833519)
(0.18889622 0.03436755 0.06614178)
(0.14862352 0.047836319 0.053909931)
(0.098686362 -0.0038938694 -0.00085257019)
(0.098448946 -0.0047092332 -0.0012891466)
(0.098860815 -0.0047596939 -0.0014753161)
(0.099728399 -0.0042924544 -0.001562126)
(0.10113255 -0.0034984266 -0.0015762118)
(0.10310462 -0.0026276543 -0.0015022382)
(0.10562505 -0.0018448532 -0.0013145569)
(0.10884194 -0.0012203899 -0.00095522375)
(0.11325356 -0.00042415326 -0.00029911467)
(0.11936947 0.00090591968 0.00081941787)
(0.12814295 0.0035743519 0.0027129624)
(0.13994901 0.0086056283 0.0057629787)
(0.15453697 0.016859806 0.010471762)
(0.17009013 0.027358613 0.016941869)
(0.18446999 0.039494036 0.024691631)
(0.19586915 0.051943521 0.032765303)
(0.20312893 0.063600389 0.040266049)
(0.20599404 0.073488171 0.04672443)
(0.20521677 0.080795783 0.051989364)
(0.20226608 0.085115466 0.056037472)
(0.19871242 0.086695585 0.058872437)
(0.19563008 0.086264733 0.060499849)
(0.1934617 0.084581472 0.06099205)
(0.19224344 0.082199868 0.060484183)
(0.19183615 0.079431693 0.059086708)
(0.19197093 0.076601322 0.056725919)
(0.1920438 0.07440608 0.052994213)
(0.19080078 0.074424071 0.046954023)
(0.18690848 0.080033553 0.036543187)
(0.16020422 0.096387925 0.01697354)
(0.098815715 -0.0029173306 -0.00087958982)
(0.097953588 -0.0042226599 -0.0013371657)
(0.096296238 -0.0046316922 -0.0015445373)
(0.094214016 -0.0047229445 -0.0016715678)
(0.092172498 -0.0046868102 -0.001770254)
(0.090352236 -0.0046106799 -0.0018523281)
(0.088740163 -0.0045987483 -0.0019349034)
(0.087266583 -0.0047047511 -0.0020584646)
(0.0859821 -0.0047505043 -0.002291368)
(0.085200131 -0.0046444932 -0.0026724461)
(0.085467617 -0.0041615164 -0.0031332174)
(0.088814276 -0.0018864481 -0.0032743252)
(0.098552732 0.0051404827 -0.0024321418)
(0.11443722 0.01820075 -0.00036453095)
(0.13316229 0.035403206 0.0026101057)
(0.15125085 0.053883658 0.0056408881)
(0.16578428 0.070760342 0.0082195471)
(0.17556519 0.084809131 0.010247316)
(0.18102656 0.095414899 0.011978158)
(0.18359546 0.10235862 0.013658035)
(0.18480231 0.10580769 0.015343792)
(0.18554743 0.10627716 0.01674966)
(0.18605772 0.10448485 0.017547872)
(0.18623114 0.10110418 0.017661908)
(0.18593413 0.096639031 0.017185461)
(0.18513224 0.091525515 0.015978564)
(0.18374437 0.08648641 0.013687426)
(0.18147981 0.08315173 0.0096245869)
(0.17873868 0.085245042 0.00262776)
(0.16254531 0.099189144 -0.010403549)
(0.096857997 -0.0015557145 -0.00084492724)
(0.094628639 -0.0022983037 -0.00126408)
(0.09089136 -0.0025251177 -0.0014323491)
(0.086310567 -0.0025575243 -0.0015181705)
(0.081704641 -0.0024974485 -0.001577294)
(0.077316977 -0.0023762919 -0.0016254617)
(0.073109022 -0.0022345638 -0.0016857431)
(0.068982308 -0.0021121212 -0.0018023329)
(0.064809172 -0.0020460126 -0.0020496297)
(0.060381472 -0.0022100798 -0.0025398462)
(0.0552937 -0.0031126142 -0.0034798747)
(0.049112762 -0.0048854042 -0.0052876863)
(0.041193405 -0.0057173431 -0.0086264575)
(0.036415136 0.00050818894 -0.013448588)
(0.043308517 0.016162647 -0.01905138)
(0.058695932 0.033827245 -0.02512729)
(0.075141861 0.048847675 -0.030968248)
(0.0896801 0.061044405 -0.036238727)
(0.10212825 0.070427851 -0.040472738)
(0.11320466 0.076931995 -0.043355378)
(0.12336867 0.080535847 -0.045083332)
(0.13255866 0.081387591 -0.045896775)
(0.14041218 0.079944001 -0.046005414)
(0.14651485 0.076766017 -0.045630143)
(0.15065415 0.072400997 -0.044965535)
(0.15295205 0.067347141 -0.044240907)
(0.15387443 0.062260137 -0.043737729)
(0.15449517 0.058390599 -0.043492108)
(0.15878511 0.058604037 -0.043261531)
(0.17893707 0.068852662 -0.043140662)
)
;

boundaryField
{
    maxY
    {
        type            fixedValue;
        value           uniform (0 0 0);
    }
    minX
    {
        type            fixedValue;
        value           uniform (0.1 0 0);
    }
    maxX
    {
        type            inletOutlet;
        inletValue      uniform (0 0 0);
        value           nonuniform List<vector> 
40
(
(0.15115548 0.046685502 -0.05469171)
(0.16175337 0.094562085 -0.01775321)
(0.16369308 0.096461484 0.009051475)
(0.1791197 0.066699433 0.040993604)
(0.20100779 0.0088307085 -0.037739668)
(0.25479352 -0.019484743 0.011959315)
(0.18322238 -0.043264199 0.047380703)
(0.14654153 -0.0043211145 0.048098488)
(0.1985566 -0.023697773 -0.023563247)
(0.19491428 -0.040035688 -0.054829757)
(0.10619587 -0.058807263 -0.071622655)
(0.031671752 -0.0083292294 -0.10303412)
(0.15582342 0.027495067 0.025819907)
(0.18592674 0.041193113 -0.053015363)
(0.099474789 0.025186021 -0.08822566)
(0.01340161 0.046952809 -0.10875056)
(0.1176942 0.071327972 0.024225038)
(0.1332124 0.12700483 -0.0088677691)
(0.10798238 0.12915379 -0.028029199)
(0.047148566 0.11133535 -0.038678883)
(0.11750125 0.069617148 -0.024157757)
(0.14528839 0.12074248 0.012620844)
(0.11814859 0.11938898 0.044073887)
(0.057724717 0.099417213 0.070217907)
(0.14741619 0.030325734 -0.01904755)
(0.17032671 0.047325913 0.055150409)
(0.10292997 0.027332939 0.089933957)
(0.021153129 0.044327622 0.1209891)
(0.19333282 -0.016395163 0.022862495)
(0.19943318 -0.032733158 0.056468003)
(0.12561104 -0.057329006 0.067079451)
(0.062767389 -0.012211092 0.091057012)
(0.1974569 0.011920069 0.037638842)
(0.25619138 -0.013816477 -0.0099550623)
(0.19090586 -0.03779754 -0.052742152)
(0.15861496 0.00029956287 -0.063277717)
(0.14862352 0.047836319 0.053909931)
(0.16020422 0.096387925 0.01697354)
(0.16254531 0.099189144 -0.010403549)
(0.17893707 0.068852662 -0.043140662)
)
;
    }
    minZ
    {
        type            fixedValue;
        value           uniform (0 0 0);
    }
    maxZ
    {
        type            fixedValue;
        value           uniform (0 0 0);
    }
    topAir_to_rightSolid
    {
        type            fixedValue;
        value           uniform (0 0 0);
    }
    topAir_to_heater
    {
        type            fixedValue;
        value           uniform (0 0 0);
    }
    topAir_to_leftSolid
    {
        type            fixedValue;
        value           uniform (0 0 0);
    }
}


// ************************************************************************* //
