/*--------------------------------*- C++ -*----------------------------------*\
| =========                 |                                                 |
| \\      /  F ield         | OpenFOAM: The Open Source CFD Toolbox           |
|  \\    /   O peration     | Version:  v2012                                 |
|   \\  /    A nd           | Website:  www.openfoam.com                      |
|    \\/     M anipulation  |                                                 |
\*---------------------------------------------------------------------------*/
FoamFile
{
    version     2.0;
    format      ascii;
    class       volVectorField;
    location    "780/bottomWater";
    object      U;
}
// * * * * * * * * * * * * * * * * * * * * * * * * * * * * * * * * * * * * * //

dimensions      [0 1 -1 0 0 0 0];


internalField   nonuniform List<vector> 
1460
(
(-0.00021953001 -0.015833261 0.00043106764)
(-0.0022103543 -0.015441755 0.00084227138)
(-0.0039180362 -0.012899136 0.00083723597)
(-0.0024898175 -0.010932158 0.00067442038)
(0.00024022983 -0.011267439 -2.3503149e-05)
(0.0012845202 -0.017861546 0.00066011961)
(-0.0021469926 -0.015544381 0.0017128593)
(-0.0027854149 -0.012388361 0.0018339183)
(-0.0016749123 -0.011869872 0.0015004933)
(0.0012488506 -0.011924491 0.00053666739)
(0.0031594755 -0.012688242 0.00020271819)
(0.00088460261 -0.014959069 0.00054977328)
(-0.00072490462 -0.01585886 0.0002028131)
(-0.0019067316 -0.01563446 -0.0017430527)
(-0.001900008 -0.016516056 -0.0020261423)
(-0.002349475 -0.016279171 -0.00060556759)
(-0.0041283181 -0.014117342 0.00056255128)
(-0.0031039337 -0.011623627 0.0015331571)
(-0.0023377713 -0.012580923 0.0022550562)
(-0.00058342489 -0.013162871 0.0020670617)
(-0.00033553341 -0.012747179 0.0030118825)
(0.0017184676 -0.014301593 0.0016948104)
(0.0049324138 -0.014822834 0.00088059195)
(0.0045936463 -0.016217064 0.0012573893)
(0.0027456408 -0.01921816 0.0013277821)
(-0.0016481735 -0.014453439 0.0010691919)
(-0.0025389014 -0.012458307 0.0015035029)
(-0.0010972327 -0.013860481 0.0014581427)
(0.0018007278 -0.011011006 0.0021778097)
(0.0021074087 -0.016318026 0.0016882286)
(-0.0019561628 0.017426174 0.0018152612)
(-0.0028939098 0.017173701 0.0021689599)
(-0.0033223502 0.013523373 0.0018394419)
(0.0014687966 0.0020920609 0.00076021246)
(0.0020140149 0.00371629 0.00019096185)
(0.0060021974 0.017570808 0.00014658422)
(-0.0018556421 0.016832737 0.0018607663)
(-0.0035717332 0.006350607 0.0010076558)
(0.00012322487 0.0029217257 0.00051032009)
(-0.00031180093 -0.0016965231 -0.0013806383)
(0.0062838721 0.013523562 -0.00041384605)
(0.004130202 0.016920249 -0.00012341225)
(-0.00014902669 0.017575025 -0.0011666065)
(-0.0032503367 0.016839988 -0.0036698805)
(-0.0035256525 0.017615803 -0.0033369043)
(-0.0033953974 0.018244577 0.00030596199)
(-0.003896144 0.014096326 0.0017008564)
(-0.00054498933 0.0016544079 0.00025586374)
(-0.00087774654 0.00070622808 0.00095136483)
(0.00055436097 0.00076698873 -7.102096e-05)
(0.00075686157 0.00086666543 0.0010564907)
(0.0035189779 0.0014822994 0.00087721714)
(0.0065087063 0.00720297 -4.032596e-05)
(0.0093281119 0.016250358 -0.00074954946)
(0.0030566396 0.020199126 -5.9470332e-05)
(-0.0062753198 0.015752383 0.0015879939)
(-0.0030177941 0.0063007161 0.00087007218)
(-0.0017552858 0.0023511444 0.0017988004)
(0.00036439926 -0.00040310643 0.0012280375)
(0.0036788122 0.016841306 0.0028546245)
(0.00019836363 -0.0055518844 0.0011752086)
(0.0023276197 -0.012109137 0.0016264465)
(0.0038989868 -0.014472967 0.0017529798)
(0.0039349149 -0.013723634 0.0011649486)
(-0.0021460112 -0.013729587 0.0015334686)
(-0.0036177583 -0.010189653 0.0033310589)
(-0.0015426109 -0.001820833 0.0021510615)
(0.00089805365 -0.014036724 -0.0026573446)
(0.0013395014 -0.013648133 -0.0025351613)
(-0.0043919244 -0.01507449 -0.0033111065)
(-0.0059727566 -0.012462304 -0.001859565)
(-0.0014484139 -0.00039559329 -0.00030477716)
(-0.0013238237 0.0021041119 0.0013314648)
(-0.00086338348 -0.0011048881 0.00072028226)
(0.0014997529 -0.0077398344 0.0018757727)
(-0.00081963932 -0.01127396 0.0016081759)
(0.0025188074 -0.014729652 -0.0013082045)
(0.0035434743 -0.013825505 -0.0028127876)
(0.00057754161 -0.013601678 -0.0019249362)
(0.00023225333 -0.013946235 -0.0026646509)
(0.001260402 -0.013922805 -0.001942404)
(0.0020250327 -0.014435228 -1.5022361e-05)
(-0.0044992556 -0.013877735 0.00035150563)
(0.0026407145 -0.001366078 -0.00034196531)
(0.0029367174 0.0060566402 0.00010691515)
(0.0038604966 -0.0037725959 0.00027161346)
(0.0059373349 -0.013435307 -0.00052736291)
(-0.0010646812 -0.01545861 -0.0002733817)
(-0.004364573 -0.014527583 -0.00074093623)
(-0.0043596888 -0.014027597 6.5170247e-05)
(0.0015376999 0.0078992349 -0.00010646224)
(0.0020509398 0.0074371061 -0.00021156258)
(0.0012320638 0.0016078467 -0.00029888391)
(-0.00056132556 -0.00071496287 -0.001151423)
(-0.001306833 0.00674428 -0.00015473074)
(-0.004749515 0.0095536235 0.00063439832)
(-0.0023134353 0.0035863513 0.00024591254)
(-0.00089290343 -0.0023317609 -0.0023288785)
(-0.0023374094 0.0033506599 -1.6545109e-05)
(-0.003942088 0.0089402015 0.00077941861)
(-0.0055846954 0.0096886842 -0.00032273107)
(-0.0033494715 0.007503904 0.00085015405)
(-0.00029564579 0.0086645885 0.0028230096)
(0.0015655674 0.0081485541 0.0022266302)
(0.0027036434 0.0098592854 0.0015786927)
(0.0014983976 0.011394707 0.001080098)
(0.0014901531 0.0040965384 -0.0020647226)
(0.0025993151 0.00045687877 -0.0019446521)
(0.00012125552 0.002779488 0.00073015385)
(0.00038796136 -0.0022542863 -0.0018136526)
(-0.0011700704 -0.003820333 -0.00086891749)
(0.0017733467 0.0070758186 0.0014426477)
(-0.0033627673 0.0050569395 0.00085894669)
(-0.0022885362 0.005688774 0.0019382407)
(0.0026119759 0.0097790071 0.00092931173)
(0.00631613 0.0081136472 0.00094498357)
(0.0068665586 0.0096315573 0.0018243038)
(0.0016340229 0.010792656 0.001685072)
(0.0015416567 -0.00091789783 -0.00023269881)
(-0.00068657312 -0.00092917717 -0.00099140361)
(-6.3925606e-05 -0.0092752996 -0.0012700861)
(0.00049743125 -0.010866904 -0.0019478092)
(-0.00031515544 -0.010421866 -0.0033445158)
(-0.0033085061 -0.0091297886 -0.0037368332)
(-0.0036788686 -0.0083869457 -0.0032038311)
(-0.0026002331 -0.0063260771 -0.0025476301)
(0.0023559241 -0.0071025521 -0.0031149878)
(-0.0022820818 -0.010107036 -0.0036945544)
(-0.0045806022 -0.010356131 -0.0037545744)
(-0.0045333053 -0.010651449 -0.0031443515)
(-0.0036681799 -0.0098078506 -0.0016153626)
(-0.0028867387 -0.0051290329 -0.00089190817)
(-0.00042230843 -0.0014244666 0.00088705495)
(0.0020274772 -0.0030228371 0.00060261678)
(0.0034834963 -0.0052005244 4.0838588e-05)
(0.0056570961 -0.0090219705 -0.00062704238)
(0.0058956473 -0.010673836 -0.0017500031)
(0.0033165765 -0.0097327577 -0.0030261392)
(0.001483542 -0.0086153896 -0.0039181191)
(0.0021850763 -0.0092194901 -0.0042444693)
(-0.0043787946 -0.010593124 -0.0036052169)
(-0.0048798304 -0.010948473 -0.0040133706)
(-0.0038483513 -0.009412029 -0.0042192749)
(-0.0044385243 -0.006977549 -0.0034300473)
(-9.9603983e-05 -0.00099483984 -0.0013375521)
(0.0028972537 -0.0070873862 -0.0016553012)
(0.003401689 -0.0084121243 -0.0016098376)
(0.0057142968 -0.0089405033 -0.0014286066)
(0.0056226582 -0.0092214067 -0.0021591488)
(0.0011883984 -0.0095848209 -0.0023348044)
(-0.00020497501 -0.015654363 -0.0015550284)
(-0.0018697675 -0.014640994 -0.0011202645)
(-0.0038462735 -0.012333282 -0.0021146318)
(-0.0030274712 -0.011460609 -0.00053539538)
(0.0014489872 -0.012524941 0.00099020697)
(0.0034291961 -0.013095747 0.00088206583)
(0.0029004205 -0.014561858 0.00033330451)
(0.0011363624 -0.01530484 0.00099442167)
(0.00064776321 -0.016288546 0.0005378331)
(0.00084959544 -0.017134659 0.0028820077)
(-0.00023333291 -0.015295911 -0.0016443333)
(-0.0014761396 -0.015677641 -0.0014018597)
(-0.0029676616 -0.013372804 -0.0014586375)
(-0.003344737 -0.010888296 -0.0010881495)
(-0.00053618897 -0.012658373 -0.00093624996)
(0.0022970464 -0.014024849 -0.0025047835)
(0.0017051952 -0.01698687 -0.00017048576)
(-0.0014075411 -0.01636546 0.0030948641)
(-0.0019730784 -0.016857224 0.0047359595)
(-0.0020592265 -0.016621249 0.0046512827)
(-0.0035964826 -0.014217672 0.0038730245)
(-0.0016596944 -0.012998592 0.0014086729)
(0.0029807301 -0.012284664 -9.0833886e-05)
(0.0038688436 -0.013327614 0.00119468)
(0.0016691524 -0.017372755 0.0025763787)
(-0.0017627756 -0.015964034 0.0023864082)
(-0.0029108015 -0.014369212 0.0023763654)
(2.0151162e-05 -0.012378281 0.0015039949)
(0.0026567851 -0.013350216 0.002325703)
(-0.00048202074 -0.017441818 0.0010614328)
(-0.0022604592 0.017315914 -0.00017497662)
(-0.0040911501 0.016862412 4.4308051e-05)
(-0.0053473682 0.014189554 -0.00084388998)
(0.0013871107 0.0021818846 0.0023743988)
(0.0029674813 -0.00058836701 0.0025796795)
(0.0058359452 0.0084836252 0.0028406037)
(0.0054594759 0.015875945 0.0029041424)
(-0.00022930305 0.017083805 0.0041881833)
(-0.0015077026 0.017490029 0.0040752759)
(0.0026306749 0.018254263 0.0042034818)
(0.0029745611 0.017942835 -0.00020593775)
(-0.0020442712 0.017782856 -0.0015252028)
(-0.0046250622 0.015110453 -0.0010448063)
(-0.0011960745 0.0030953542 -0.00093449108)
(-5.8843032e-05 -0.00081090373 -0.00011574391)
(0.0045231862 0.010305327 -0.0010697025)
(0.0051550111 0.017617607 8.2214615e-05)
(-0.00090209555 0.017269323 0.0053496472)
(-0.0024198242 0.016684295 0.0071332204)
(8.7916009e-06 0.017033107 0.0070407828)
(-0.003312463 0.014256543 0.0056410731)
(0.002343724 -0.00082584325 -0.0016256379)
(0.001284514 -0.0013358086 -0.0031823208)
(0.0066741227 0.014105581 -0.0026295202)
(0.0026637648 0.018962261 -0.00044444198)
(-0.0062487854 0.017475759 0.0022629278)
(-0.0039618864 0.010037979 0.0012028668)
(-0.0020802654 0.0014316135 0.0020304772)
(0.0044981555 0.014288776 0.0047131267)
(0.002312904 0.018877667 0.0042949584)
(0.0007209778 -0.00086510076 0.0013070334)
(0.0024881249 -0.0050182066 0.0023362248)
(0.0062469542 -0.012585934 0.004482565)
(0.0062272606 -0.01416305 0.0042681078)
(0.0005332804 -0.015076247 0.0016602529)
(-0.0044351556 -0.0137082 0.00090660608)
(0.00033784496 -0.0016110001 0.0011507363)
(-0.001107579 0.0019274978 0.002680971)
(0.001966768 -0.015081569 0.0024610581)
(-0.0023238451 -0.017455673 -0.0036976661)
(0.0015036208 0.0021322904 -0.00067294692)
(-0.00035873588 0.0030258847 -0.0018554938)
(0.0040053713 -0.0095418644 -0.00097987004)
(0.0044697121 -0.013919831 -0.0012450694)
(-0.00015381662 -0.015123558 0.0013885292)
(-0.0043977776 -0.013705709 0.0027989646)
(0.0014291561 -3.884107e-05 0.0010914389)
(-0.00023411926 -0.0010666704 0.0020125224)
(0.0016007701 -0.016449234 -0.0034289657)
(-0.0010343468 -0.015122706 -0.0014817226)
(0.003681228 -0.014378262 -0.0029836167)
(0.0044606646 -0.015874458 -0.0048835099)
(-0.0044218334 -0.015137808 -0.0052369397)
(-0.0048464041 -0.010948232 -0.0038264392)
(0.001072588 0.0048191411 -0.0017212167)
(-0.0021868437 0.0018773711 0.00073798229)
(0.0051879455 -0.015105807 -0.0028407211)
(-0.004729743 -0.015477518 -0.00057133288)
(-0.0053095136 -0.013266927 -7.7120691e-05)
(-0.0006978278 -0.0025341211 0.0027820187)
(0.0024029557 0.0073163105 0.0014164139)
(0.0050247893 0.0072829517 0.0023566589)
(0.0053847215 0.0072561942 0.0023631342)
(0.0038639095 0.0090838497 0.002557895)
(0.00144968 0.010447118 0.0016845258)
(-0.0027958178 0.0089950559 -0.00087534646)
(-0.0021083577 0.0066955751 0.0012227589)
(0.0013858222 0.0058095027 0.0022870583)
(0.0046001403 0.01019551 0.0033746404)
(-0.0046091646 0.011604265 0.00043825291)
(-0.0027553801 0.0078115341 -0.0004056993)
(0.0011483748 0.0080759039 -0.0010196268)
(0.0036602341 0.0097727906 -0.00088159774)
(0.0024819919 0.0098289064 -0.00065371019)
(0.0028950671 0.011061264 -0.0015905502)
(-0.00096981251 0.0084221859 -7.9681711e-05)
(0.00062470218 0.0048912832 0.00013210154)
(0.0053201181 0.0079841511 0.0010954778)
(0.0047745448 0.012101189 0.00058752202)
(-0.00059774405 0.0069175678 0.0011091044)
(-0.0012113933 -0.00061442779 -0.0015755921)
(3.127038e-05 0.010672481 0.00064246476)
(-0.0030190482 0.0099088117 0.0023443315)
(-0.0046687752 0.0096854123 -0.0004356022)
(-0.0011603924 0.0086812743 -0.00084021475)
(0.0023843127 0.0072283696 9.8810204e-06)
(0.0046322105 0.0099858735 0.00076468046)
(-0.0022564423 0.0091411306 0.00056578509)
(-0.0015655094 0.0038723758 0.00054066653)
(-0.0032745811 0.0051403727 0.0011777819)
(-0.00040023032 -0.008546376 -0.001826447)
(-0.00025265978 -0.0089387233 -0.0030875285)
(-0.0016648586 -0.010082282 -0.0041235129)
(-0.0032049678 -0.0090724655 -0.0036228134)
(-0.0016725657 -0.0033633531 -0.0014341071)
(-0.0012052926 -0.003974544 -0.0026526676)
(0.0012517813 -0.0051328909 -0.0030955345)
(-0.0025489649 -0.0078580158 -0.0031068532)
(-0.0032096834 -0.0053880795 -0.0018791969)
(-0.002838351 -0.0017712645 -0.0013910158)
(-0.00095919736 -0.0020348503 -0.00085567872)
(-0.0012199985 -0.0010451016 -0.0013971712)
(0.0023917775 -0.0034956469 -0.0010693126)
(0.0033602968 -0.0059510539 -0.00062954127)
(0.0046208537 -0.0060480036 -0.00077804268)
(0.0053863346 -0.0091248757 -0.0020964079)
(0.0042953567 -0.010158406 -0.0028974928)
(0.00078626445 -0.0080921043 -0.0038860697)
(0.0016348367 -0.0029150822 -0.0021277625)
(0.0036370255 -0.0099491718 -0.0028118154)
(-0.0044065336 -0.010346866 -0.0042116342)
(-0.0053076764 -0.00714051 -0.0035538374)
(-0.0037408793 -0.0047503109 -0.0029707624)
(-0.003344637 -0.004205624 -0.0026223067)
(-0.00034654017 0.00094337444 -0.0017627463)
(0.002303931 -0.0014507165 -0.0014235074)
(0.0034093832 -0.0036732181 -0.0018279412)
(0.0048451602 -0.0057153247 -0.0018852998)
(0.0046533604 -0.0091763035 -0.0029991329)
(7.8124985e-05 -0.0085113782 -0.0033060872)
(-0.00047567975 -0.014603356 -0.0012424719)
(-0.0043003667 -0.012191903 -0.00081336037)
(-0.0035438858 -0.011065785 -0.00053638455)
(-1.4409238e-05 -0.013816337 0.0003181592)
(0.0037773678 -0.014220919 0.0020303551)
(0.0042684381 -0.015129534 0.0019325395)
(0.0035809995 -0.016676914 0.0013441418)
(0.0014016138 -0.016378368 -0.00041101421)
(0.00069432977 -0.013583577 -0.0021693786)
(0.0021840809 -0.01722035 -0.0021655338)
(0.0021358761 -0.01572965 -0.0032922215)
(0.00076859564 -0.015616234 -0.0024620998)
(-0.00067658155 -0.016762213 -0.00099850767)
(-0.002545925 -0.013922527 0.00079607477)
(-0.0026638124 -0.011394869 0.00026564202)
(0.0003953117 -0.0118637 -0.00063705966)
(0.0021722176 -0.013701729 0.001765598)
(-0.0018852566 -0.017281026 0.003283517)
(-0.00058131817 -0.016588141 0.0022082793)
(-0.0016606781 -0.017060007 0.00095705201)
(-0.0021635436 -0.015130206 0.0020878443)
(-0.0018899686 -0.015456498 0.0026186422)
(-0.0010712369 -0.01560054 0.0027741474)
(-0.0024711416 -0.015203345 0.0011996469)
(-0.0026222334 -0.016506334 0.0025981582)
(-0.0034654194 -0.015941325 0.0020308421)
(-0.0037223136 -0.016392041 0.0018390708)
(-0.00087618801 -0.011442989 0.00076557365)
(0.0025727114 -0.015676222 0.00025989568)
(-0.00079865833 -0.017792428 -0.00089665414)
(-0.0018732848 0.016944957 0.00087646898)
(-0.0047021606 0.014502338 0.0012728585)
(0.0011075751 -0.00041691192 0.00034930447)
(0.0018279551 -0.00032851968 1.3706655e-05)
(0.0068083411 0.0086283856 0.0028225201)
(0.0078629154 0.015507181 0.0036519652)
(0.0051967814 0.018072507 0.0025725077)
(-0.0026919303 0.017741232 -0.00071589477)
(-0.0013235938 0.012261328 -0.00045803683)
(0.0024504455 0.016873542 -0.0034814041)
(0.0048365297 0.016919908 -0.0049832258)
(0.0045870623 0.017313469 -0.0041668945)
(-0.00083825079 0.018266001 -0.00088861386)
(-0.0058013308 0.014729803 0.00092765895)
(-0.0014274803 0.0031566107 -0.0016147357)
(-0.0021010457 -0.0031531418 -0.0019484503)
(0.0055459394 0.015102016 -0.0021383014)
(0.0022706597 0.018723847 0.00075353451)
(-0.0023625126 0.018320038 0.0030215331)
(-0.00088541431 0.018742172 0.0023840486)
(-0.0014490806 0.017048701 0.0042376891)
(0.00044509539 0.015848882 0.005661682)
(0.002211207 0.017019921 0.0059306275)
(0.0010584655 0.017610829 0.0013662629)
(-0.0041958787 0.018189541 -0.0007185174)
(-0.0065008446 0.01810918 2.261682e-05)
(-0.0057415628 0.015763762 0.00079607331)
(-0.0010689158 0.001606478 0.0010362512)
(0.0049616797 0.016777259 0.0018987691)
(0.002613658 0.019223074 0.0020886102)
(0.0010217328 -0.0010480773 0.00058447266)
(0.0055214313 -0.01108097 0.00052670661)
(0.0059077887 -0.014411984 6.9149147e-05)
(0.00070527715 -0.015499116 -0.0025362237)
(-0.0029403639 -0.013254302 -0.0040571599)
(0.00049414923 -0.0020246542 -9.5339487e-06)
(0.0018118496 0.0040072781 0.0020194823)
(0.00058914345 0.0010383835 0.0018749518)
(0.0034348667 -0.014377907 0.0048014853)
(-0.0011705521 -0.017953597 0.0016370087)
(-0.00013060652 -0.013415434 -0.00056500498)
(0.0011309042 -0.00034336363 -0.0012322892)
(0.00020887089 0.0036495158 -0.0018110535)
(0.0023505415 -0.0071981785 -0.005519274)
(0.0035697853 -0.013168326 -0.005934199)
(-0.0047452587 -0.015707541 -0.0024150339)
(-0.0060688969 -0.013020897 3.1782014e-05)
(-0.00074747556 0.0027474539 0.0005329463)
(-0.0018773922 -0.00022917975 0.0022484542)
(-0.00079208958 -0.008961877 0.0033829499)
(0.00081334095 -0.0085444122 0.0014647509)
(0.0012238916 -0.01646924 -0.0057942012)
(-0.0023881027 -0.013686875 -0.006238696)
(-0.0010394819 0.00083206581 -0.0025098292)
(-0.0014251514 0.0030497628 -0.0014085917)
(-0.0012998994 0.00082765495 -0.00044467107)
(0.0053407853 -0.016057085 -0.0021446926)
(-0.0025383077 -0.015056216 0.00043710141)
(-0.004443392 -0.0075836244 0.0016183162)
(0.00025505088 0.0039410737 0.0019933889)
(0.0032270191 0.0057624541 0.00078092961)
(0.0052593146 0.0090888237 0.001699976)
(0.0031332913 0.0090513745 0.0025935717)
(0.00076086702 0.010174326 0.0011814383)
(-0.0012430222 0.0090068718 -0.0027165775)
(-0.0010366272 0.0068163756 -0.0025338349)
(0.0011526183 0.0090192734 0.0014931071)
(0.0036076802 0.0079000945 0.002326059)
(0.0054019805 0.010522326 0.0013411585)
(0.00072148112 0.012403012 -0.0021400099)
(-0.0033313298 0.010086868 -0.00098663563)
(-0.0012836501 0.007849312 -8.7699896e-05)
(0.00052349554 0.0088480182 -0.0025074319)
(0.0024443606 0.0079043973 -0.0039275162)
(0.004285038 0.0099186502 -0.0030918715)
(-0.00081663861 0.011096898 0.0019449952)
(-0.0042041397 0.011645525 0.0035055343)
(-0.00092353286 0.0084789692 0.0019290535)
(0.00020810811 0.0084861653 0.00025468177)
(0.0015757751 0.0083424943 0.0027708788)
(0.00051067534 0.0059148294 -9.2702664e-05)
(0.0016009451 0.011342384 -0.0038911316)
(-0.0048826013 0.011980571 -0.0040646717)
(-0.0033585227 0.0085112018 -0.0038795293)
(-0.0011188988 0.0094480816 -0.0010920211)
(0.002137491 0.0074832291 0.00022888241)
(0.0027299427 0.011245142 -0.00040447844)
(-0.005024188 0.0095412179 0.00062149145)
(-0.0041299725 0.0081137438 0.0014100658)
(-0.0020191976 0.0088276338 0.0017146151)
(-0.0015966071 -0.007642893 -0.0026313806)
(-0.00053715358 -0.004705585 -0.0021386682)
(-0.00016325217 -0.0049658403 -0.003079196)
(-0.00067525401 -0.0077272206 -0.0024525217)
(-0.0014255488 -0.0082122552 -5.3929475e-05)
(-0.0020129054 -0.0014016697 -0.0018309366)
(0.00077738027 0.0029615757 0.00071920692)
(0.0027205477 -0.0011853958 0.00056918493)
(0.0024829993 -0.0053916182 0.0012719747)
(0.0023693763 -0.0057628418 0.0020415844)
(0.0018394667 -0.010556748 0.0030247756)
(-0.0019731197 -0.0028253309 0.0010265548)
(0.0015165034 0.0020547351 -0.00010939387)
(0.002448424 -0.0087947344 0.0017701587)
(-0.0016877451 -0.010402705 0.0011416462)
(0.00021919189 -0.0031078115 -0.0013100039)
(0.0011506526 -0.012445609 -0.0020897268)
(-0.0018509743 -0.0010004474 0.001245269)
(0.0018542164 -0.001415637 0.0011959488)
(0.00029218736 -0.011390303 -0.0016559056)
(-0.0041139183 -0.009344425 -0.0040087379)
(-0.0038241251 -0.0068524996 -0.0024376492)
(-0.0033958378 -0.0013557836 -0.0025363539)
(-0.0025071674 -0.00022608969 -0.0021528055)
(-0.00046955183 0.002016972 -0.00057423236)
(0.001384465 -0.00031624201 0.00016957492)
(0.0021171166 -0.0016570213 7.6046027e-05)
(0.0030484408 -0.0051055137 -6.0580651e-06)
(0.0010782059 -0.0099199489 -0.0010701522)
(-0.0033029211 0.00021407369 -0.00039217827)
(-0.00043365147 -0.014462046 -0.0014203139)
(-0.0026476041 -0.014506467 -0.00076381733)
(-0.0037739753 -0.015413876 0.00093194124)
(-0.0033095069 -0.015521792 -6.1939484e-05)
(-0.0020250334 -0.015615556 -0.0015879474)
(-0.002119375 -0.016317718 -0.0016315568)
(-0.002606853 -0.014321485 -0.00064417649)
(-0.0033027107 -0.011588926 -1.8179651e-05)
(-0.00099798406 -0.012775553 -0.00021754076)
(0.0012712977 -0.012258798 -0.0015379099)
(0.002685134 -0.011770368 -0.002615959)
(0.0038876518 -0.013423323 -0.0030357187)
(0.003117877 -0.015147761 -0.0027012013)
(0.0011137263 -0.016100515 -0.0014170648)
(-0.00090242818 -0.016704987 0.0017364657)
(-0.0012431098 -0.017549041 0.0019673182)
(-0.0029974943 -0.016252045 2.96016e-05)
(-0.0039191112 -0.014616904 0.00074388298)
(-0.0031663925 -0.011976005 0.0002385017)
(-0.00082340166 -0.012230697 0.001051514)
(0.0014523119 -0.01849432 -0.00024100648)
(-0.00017290157 -0.017997317 -0.0033037763)
(0.00019024447 -0.017521226 -0.0034795147)
(-0.0023338989 -0.017078361 -0.0025296543)
(-0.0030756793 -0.016038803 -0.0019096936)
(-0.003186727 -0.015638524 -0.0023605492)
(-0.0034034161 -0.016751298 -0.0018149008)
(0.00032513007 -0.011904817 -0.00095228195)
(0.0029112851 -0.014181855 -0.0021340581)
(0.00026858022 -0.016877584 -0.00212772)
(-0.00089238804 0.016438532 -0.00021904314)
(-0.0032772784 0.016954619 0.00023694596)
(-0.0027332016 0.016767991 0.0022983558)
(0.0026393892 0.013978394 0.0020112065)
(0.0030329973 0.017231206 -0.00064406943)
(-8.2370961e-05 0.018299923 -0.0014314694)
(-0.0037474628 0.016181146 0.00053478708)
(-0.0038011608 0.0085584222 0.001405822)
(-0.00072025244 0.00051483073 0.0016995597)
(0.0012133536 0.002945061 -0.00012782134)
(0.0031962998 0.0018105399 -0.0011704153)
(0.0046909689 0.01078997 -0.0026067671)
(0.0051125842 0.016653287 -0.0032262579)
(0.00048128366 0.017740609 -0.0005623397)
(-0.0038816909 0.018316577 0.0036314192)
(-0.0037403565 0.019015802 0.0021219185)
(-0.0020453125 0.01806178 -0.0011287698)
(-0.0030487882 0.01576979 0.00061386261)
(-0.00021363921 0.0062582917 0.0010719357)
(0.00022062508 0.0006472019 0.0027808775)
(0.004959615 0.017814999 0.0023898947)
(0.0039771692 0.019096439 -0.00060739466)
(0.0034536548 0.018951664 -0.0020792652)
(0.0016073868 0.019004176 -0.0033241036)
(-0.0037485863 0.017921629 -0.0055474873)
(-0.0044735049 0.017066628 -0.0053262917)
(-0.0039200557 0.015116149 -0.0039685379)
(-5.4943856e-05 0.00070396432 -0.0017069449)
(0.0054909749 0.015038827 -0.0031337296)
(0.0037607658 0.018554487 -0.0029103374)
(0.0012257567 -0.00041672208 -0.00094147133)
(0.00011578251 -0.00040432022 -0.00078514172)
(0.0039476553 -0.015716151 -0.0035405215)
(9.2134414e-05 -0.017259004 -0.001973167)
(0.0009806606 0.00016863723 -0.0016965971)
(0.00032185012 0.0047733695 -0.0013817178)
(0.0023737479 -0.0035468322 0.001101128)
(0.0046864944 -0.012568877 0.0029160704)
(0.0030469152 -0.014988917 0.0033425679)
(-0.0012824264 -0.014134726 0.0020996662)
(-6.6436422e-05 -0.014386345 0.0017136641)
(-0.0041023665 -0.014493755 0.0012318966)
(-0.0024617968 -0.0029032893 -0.0018332492)
(-0.0011138849 0.0011381485 -0.0023762955)
(-0.00088169904 -0.0025683379 -0.00099622517)
(-0.0002355093 -0.015912567 -0.0053944752)
(-0.0034729851 -0.016919225 -0.002547432)
(0.0010033962 -0.01318302 -0.00089731807)
(0.0043997774 -0.013098856 0.00030546432)
(-0.0011378569 -0.015351086 0.0027613013)
(-0.0039861445 -0.01676934 0.0028639986)
(0.0020083262 -0.0037933599 0.0017799542)
(0.0012108024 -0.0033572541 -0.00028004429)
(0.0020426087 0.0021874627 -0.002240272)
(0.00072650429 0.002266751 -0.0027927318)
(0.00028968443 -0.0050766528 -0.0031486455)
(0.0047815367 -0.015911423 -0.0010966014)
(-0.0019607881 -0.015507259 -0.00083344315)
(-0.0053589775 -0.011394672 0.00083730074)
(0.0018141575 0.0033158037 -0.0012452753)
(0.0023379422 0.0085459765 -0.0011555664)
(0.0038290242 0.0079204836 -0.0015188428)
(0.0047152307 0.011240106 -0.00098618039)
(-0.0047516973 0.0097602106 0.00011021392)
(-0.0025599334 0.0058163008 -0.00014056061)
(0.00055803623 0.009023502 -0.001175033)
(0.0041150441 0.0079198727 0.00016404475)
(0.004740701 0.009438937 0.0027999659)
(0.0037965482 0.010270215 0.0010301498)
(0.0018132253 0.003491375 0.0011033635)
(0.0011694735 -0.0018518962 0.0021109804)
(-0.00082413645 0.010041837 0.00023247213)
(-0.003560461 0.0069536232 -0.00056214498)
(-0.00024306406 0.0023418967 -0.00059026955)
(0.0043002153 0.0062981453 -0.00022524539)
(0.0038371484 0.011830812 0.00098696616)
(-0.0036150407 0.012807476 0.0017335664)
(0.0013084153 0.0011747198 0.0021304419)
(0.00053481596 0.0038689892 0.0024118423)
(0.0026250495 0.010745696 0.0046413961)
(-0.0044663571 0.012480471 0.0014959698)
(-0.003092621 0.0058695104 -0.00015936904)
(-0.0015852692 0.0059366435 0.00038013685)
(0.0016087803 0.0086439708 -0.0018782897)
(0.0025937958 0.0083653623 -0.0011922439)
(0.0045750164 0.0073701095 -0.001153253)
(0.0039278362 0.010550929 -0.0016811575)
(-0.0026001103 0.0089964807 -5.5818203e-05)
(-0.003187316 0.0059647145 0.0022034722)
(-0.0012071507 0.0083181046 0.0011706433)
(0.0002987356 -0.004590542 -0.0010397537)
(-5.674406e-05 -0.0011902183 -0.00071552265)
(0.002286619 0.00015287657 -1.5176306e-05)
(0.0021228512 -0.0032860001 0.0007659102)
(0.0023170441 -0.007973314 0.00062799267)
(-0.00036951638 -0.0044260149 0.00065822966)
(0.0021650679 -0.0049202861 0.001424858)
(0.0028874336 -0.0083777381 0.0017425171)
(0.0041912079 -0.0096937974 0.0033957101)
(0.0044251719 -0.0096669606 0.0047757859)
(0.00072775266 -0.0098573667 0.0047033311)
(-0.0020498374 -0.0072497051 0.0044651519)
(0.0014314473 -0.0042662348 0.0035407023)
(-0.0008697331 -0.010093594 0.0027033836)
(-0.0036627003 -0.0081033148 0.0022367503)
(0.00039489812 0.00022228626 0.00066069161)
(0.003525601 -0.0072682075 -3.1970831e-05)
(0.002312677 -0.011314572 0.001828841)
(-0.0025291592 -0.010836869 0.0017818119)
(-0.0012948943 -0.0055824529 0.0012743702)
(1.7726256e-06 -0.0032356766 -0.002457282)
(0.0033198741 -0.0089101109 -0.0019718667)
(-0.0021345728 -0.0094578131 0.0046418075)
(-0.0015158209 -0.0025051285 0.0032649586)
(0.0013837757 -0.00035517812 0.0035470563)
(0.0027182162 -0.0039579879 0.0036152055)
(0.0031471942 -0.0036782684 0.0037834272)
(0.0038270545 -0.007170987 0.004087346)
(0.00030098078 -0.010218285 0.0036856649)
(-0.003325234 -0.00016995961 0.0020888994)
(-0.00061459133 -0.014484803 -0.0026475045)
(-0.002715038 -0.013429127 -0.0028328281)
(-0.0041718633 -0.012047443 -0.0033283797)
(-0.0020248948 -0.011213866 -0.0023976382)
(0.00044063945 -0.014416806 -0.0038670439)
(-0.00039139168 -0.017206286 -0.0033787624)
(-0.0012689586 -0.018050893 -0.002043868)
(-0.0033364289 -0.015261726 -0.00011570849)
(-0.0024642902 -0.011734221 0.0010440977)
(-0.0013200924 -0.011986718 0.00085994095)
(0.0014053579 -0.012696762 -0.00010596038)
(0.0025350504 -0.012217413 -0.000482469)
(0.0021778712 -0.017426552 -0.0011998295)
(0.00023087127 -0.016280519 -0.0001512984)
(-0.001951345 -0.016913866 0.0019861781)
(0.00026119079 -0.017920496 0.0027148026)
(-0.002182824 -0.014373156 -0.0001464823)
(-0.001156533 -0.011262131 -0.00051808138)
(0.0016065556 -0.011587122 0.00076084962)
(-6.9710247e-06 -0.016394566 -0.00049381602)
(-0.0031220755 -0.014386803 -0.0029502948)
(-0.0029185543 -0.012244628 -0.003292972)
(-0.0013209911 -0.012415438 -0.0026350728)
(0.001580048 -0.012734981 -0.0011130044)
(0.0023706641 -0.012898376 -0.0021977534)
(0.001581464 -0.017584759 -0.0025072908)
(-0.0026077406 0.016669633 -0.0024483924)
(-0.0039626979 0.015941525 -0.0034306326)
(-0.0041375731 0.013287955 -0.0038823167)
(0.0026618662 0.00077044618 -0.00096658873)
(0.0049543098 0.010373692 -0.0031425147)
(0.0058666864 0.017353964 -0.0044757942)
(-0.0032444982 0.019241481 0.00098537699)
(-0.0058749961 0.015328078 0.0029601238)
(-0.002657681 0.0025706812 0.0016397125)
(-0.0016067774 0.00052648814 0.0015163247)
(0.002209855 -0.00013256695 0.00043837614)
(0.0026555264 0.0031030359 0.00011729315)
(0.0047026282 0.017281628 -0.0010206148)
(-0.00067416568 0.017546051 0.0015689844)
(-0.0019038224 0.017633038 0.0048513675)
(-0.0023840267 0.017793147 0.0055245884)
(-0.0035027025 0.016423494 0.0016928527)
(0.0023069729 -0.00095491102 -0.0017081701)
(0.0019179121 0.0045498755 0.00013946923)
(0.0038113694 0.017055729 -0.0017935692)
(-0.0038093937 0.015247039 -0.0057363774)
(-0.0011875094 0.006607861 -0.0037321014)
(0.00034091992 0.0035515936 -0.0019273987)
(0.0033846845 0.0037431763 -0.00071361186)
(0.0036896136 0.007431947 0.00022593057)
(0.004391491 0.018113441 -0.00046358432)
(-4.6107354e-05 -0.00049753303 -3.8610881e-05)
(0.0020516999 -0.0077600713 0.00084700301)
(0.0046167148 -0.013219468 0.0020763559)
(0.0036725899 -0.014408051 0.0015879635)
(-0.0044952624 -0.013674373 0.0021165425)
(0.0011750442 0.0027903644 -0.00096378665)
(-0.0022735028 0.0063164886 0.00080077994)
(0.0037027755 -0.012189106 -0.0039689117)
(0.001381356 -0.013457843 -0.0027536769)
(0.00025536246 -0.013477099 -0.0005450561)
(0.0011490171 -0.013694765 0.0002507917)
(-0.0015266632 -0.013448613 0.0007820796)
(-0.00087444953 -0.0091683125 -4.7117507e-05)
(0.0014512271 -0.0028207393 0.0010397704)
(0.0026306882 -0.0032813326 0.001960155)
(0.0031822031 -0.0081612129 -0.0004957298)
(0.0070515072 -0.01529008 -0.0022237253)
(0.0047986077 -0.015055328 -0.0024434603)
(-0.0033857383 -0.012935952 0.0020302804)
(0.0016608365 -0.0079207948 0.0029836607)
(0.0032409917 -0.010587881 0.0040058545)
(0.0043250339 -0.013777633 0.0018432032)
(0.0028023892 -0.013712784 0.0011177148)
(0.001755797 -0.013898027 0.00058716183)
(-0.0021235515 -0.013940842 0.0030190278)
(0.0012781054 -0.0083065597 0.00024013264)
(0.0021570477 0.0072108519 0.00095189728)
(0.0036953041 0.0054528292 0.0022673473)
(0.0022360278 0.0040639249 0.00078654006)
(0.0026035092 0.0065643758 -0.00075354981)
(-0.0034809514 0.0099568137 0.0020210464)
(-0.0021893858 0.0077340398 0.0019912877)
(0.00088797924 0.0094812586 0.00074381852)
(0.003971932 0.011769222 -0.0013127066)
(0.0002283826 0.0041949546 0.00028014128)
(0.001742929 -0.0022009579 -3.4800383e-05)
(0.0017185184 -0.0030256956 0.00013416997)
(0.00082806345 0.0009729781 0.0012410402)
(-0.00036161994 0.0068856553 0.0014944756)
(0.0015153922 0.0045228892 -0.00088335341)
(0.0050305474 0.0080497553 0.0012025169)
(0.0065120833 0.010069429 0.0003454592)
(0.0054424926 0.012239403 -0.0023282642)
(0.00065071174 0.010826558 -0.0023304141)
(0.0012620508 0.0034977187 -0.00027199089)
(0.0028404549 0.0012162886 0.00055861249)
(0.0028068231 0.0019790832 0.0016534662)
(0.0024076868 0.0015829212 -1.1657005e-05)
(0.0020555107 0.0014412195 -0.00025648622)
(0.0021698729 0.00063300347 0.0022708693)
(-0.00012361455 0.00011738307 0.0034377832)
(0.0012068013 0.0097286647 0.0027747544)
(0.00062777481 -0.0080540208 0.00038681564)
(-0.00034410173 -0.010522397 0.002020269)
(-0.0016355024 -0.0089909667 0.0041573094)
(-0.0029123288 -0.0077605954 0.0032378716)
(-0.002846166 -0.0045585932 0.0018043163)
(-0.002043775 -0.0023228698 0.0019857385)
(0.00064957967 0.00052813501 0.00010150778)
(0.0045152945 -0.0045172826 -0.0014426285)
(0.0060960149 -0.0082156735 -0.0012282164)
(0.0048738195 -0.009528987 -0.0011039516)
(0.0019352467 -0.0097068792 -0.0016868436)
(-0.0011072663 -0.0095966424 0.0011596719)
(0.00020572065 -0.009404209 0.0016358172)
(-0.002201918 -0.01049316 -0.0031640175)
(-0.0027793649 -0.0075426927 -0.0034502157)
(0.00018996808 -0.0030619459 -0.00080757124)
(0.0029571305 -0.0015945268 -0.0019438)
(0.0050158405 -0.0042375772 -0.0023318584)
(0.0060650213 -0.0089959645 -0.0011448966)
(0.00483107 -0.010174047 -0.0011187895)
(0.0034170491 -0.0099204058 0.00024170129)
(0.0033930394 -0.009340691 0.0013073509)
(0.0025577879 -0.0085475318 0.0042919254)
(0.0025026626 -0.0095929501 0.0053948435)
(-0.0024887375 -0.0098271558 0.0039651982)
(-0.0028150215 -0.0033982607 0.0031793692)
(-0.0012935089 -0.014085717 -0.0023511767)
(-0.0039172559 -0.012690978 -0.0020558968)
(-0.0029545343 -0.011037296 -0.0021584448)
(-0.001293985 -0.011910447 0.00089210869)
(0.00099847183 -0.012277397 -0.0016582384)
(0.0014620011 -0.013604502 -0.0015863068)
(0.0015051918 -0.016909095 -0.0016418768)
(-0.00020854971 -0.019358648 0.00069981108)
(-0.00071333596 -0.016698576 0.0030261829)
(-0.0015934553 -0.011560443 0.0029730689)
(0.00089407996 -0.011601522 0.0025464208)
(0.0028509703 -0.012572196 0.0027232865)
(0.0021056047 -0.01581462 0.0020664445)
(6.1503737e-05 -0.016046978 -0.0021209034)
(-0.0013169662 -0.017289768 -0.0026829097)
(-0.00068436708 -0.017068539 -0.0014883671)
(-0.0017325398 -0.015655145 -0.0022185335)
(-0.0033757196 -0.014710579 0.00050997135)
(-0.0042028659 -0.015456189 0.00059070495)
(-0.0050313373 -0.014241789 0.0003052188)
(-0.003199422 -0.01205176 0.00014434295)
(-0.0020310697 -0.012968206 -0.0012306286)
(-0.00038701891 -0.013005991 -0.00080532516)
(0.0020265003 -0.013141582 0.00082616421)
(0.0030446221 -0.013793085 0.0014207565)
(0.0018919867 -0.017642107 0.00063748609)
(-0.0031880885 0.016242007 1.1611533e-05)
(-0.0042889774 0.012399192 0.00055772492)
(-0.0011013404 0.00044913435 -0.00067408787)
(-6.2452223e-07 0.0022302665 -0.00019213407)
(0.0040541522 0.003975572 -0.0021523871)
(0.0052149732 0.0087002286 -0.0038452942)
(0.0069399502 0.01672462 -0.0045420444)
(-0.0011534457 0.020241344 0.0015471826)
(-0.0045428951 0.016713137 0.0053287586)
(-0.0025049518 0.0066695622 0.0031021677)
(0.00044176406 -0.00067885001 0.0021722312)
(0.001430654 0.0079023639 0.0029478128)
(0.003353163 0.01715516 0.0026116649)
(0.00065322642 0.017664293 -0.0041737067)
(0.0018345965 0.018274627 -0.0046344257)
(0.0019155193 0.01863992 -0.0014461963)
(-0.001828654 0.017474204 0.0022563502)
(-0.0040611824 0.016736165 0.0037953929)
(-0.0041932429 0.016994234 0.0033780871)
(-0.0024061422 0.011956061 0.0019360445)
(-0.0009750956 -0.00026177709 0.0024650389)
(-0.0017282753 0.00058523644 -0.0018006297)
(0.00095073511 7.1041916e-05 -0.0012151468)
(0.0035862972 0.0024258944 0.0019600214)
(0.0046067001 0.0089882399 0.0036764832)
(0.0052506902 0.018187046 0.0036526428)
(-0.00040960961 -0.0017782738 0.00045973257)
(0.0034636462 -0.014112907 0.0020283666)
(0.0026149821 -0.013829144 0.0011347732)
(0.00036776614 -0.01345396 -0.0010281802)
(0.0031426044 -0.013822773 -0.0014523692)
(-0.0021373685 -0.014712499 -0.00074046359)
(0.0019539766 0.002365051 -0.0016880937)
(-0.00098132491 0.0080312027 0.00045699123)
(0.0021567213 -0.0080090511 -0.000743581)
(0.0018868529 -0.01309305 -0.0022733725)
(0.00084930184 -0.014154539 -0.00046373684)
(-0.0035293738 -0.014424378 2.819994e-05)
(-0.0012071913 -0.0070663162 0.0024325222)
(0.00099944322 -0.0089140834 0.0020985558)
(0.001214857 -0.01185541 0.0028999185)
(0.0014505361 -0.0025019378 0.001159448)
(0.00097448039 0.00085096623 0.001110194)
(0.00061859841 -0.0016714909 -0.0012361736)
(0.0031809784 -0.012681659 -0.00097105817)
(0.0054040705 -0.016613828 0.0011090282)
(0.0029027598 -0.015563333 0.0033898273)
(-0.0007651869 -0.014065626 -0.0018262752)
(-6.5830971e-05 -0.014418367 -0.0020212436)
(0.00019860809 -0.014193529 0.0023484735)
(-0.0029851816 -0.014033967 0.0035675033)
(0.0017517076 -0.0033276215 0.0025582663)
(0.0021850856 0.0071248969 0.0015781601)
(0.0021672541 0.0085957296 0.0040143528)
(0.0021593346 -0.00059215267 -0.0002426571)
(-0.0006359434 -0.0041943892 0.0019665063)
(0.0011411182 0.0042586102 7.5145225e-05)
(-0.002617497 0.0084478631 0.0021226205)
(-0.0019712568 0.0075294365 0.0013332703)
(0.00019938866 0.010230337 -0.0001144212)
(0.0037963235 0.0096686925 3.5642387e-05)
(0.0016441311 0.0041950674 -0.0010705619)
(0.0013940211 0.0023940676 0.0022131828)
(-0.001296723 0.0084723064 0.0025536985)
(-0.00042036614 0.0046081227 0.0028050959)
(0.002069756 0.0087147054 0.0039606797)
(-0.0012575569 0.012560794 0.0023065443)
(-0.0018746852 0.0091047759 0.0016496494)
(0.0013236159 0.0090358505 -0.0018093799)
(0.002116711 0.0082199009 -0.0037279001)
(0.0038569065 0.010393813 -0.0031406873)
(0.0034751643 0.011999889 0.0012282304)
(-1.3250745e-05 0.0095487582 0.004684018)
(0.00035374644 0.0013062371 -0.0028310011)
(-0.00023146266 -0.0049032457 -0.0022635738)
(0.00062150518 -0.0023332895 0.0012092223)
(-0.0012399381 0.0032353861 0.0033577081)
(-0.0010158187 0.0083483556 0.00078910087)
(0.0015932564 -0.0030983856 -0.0028109614)
(0.0031316271 -0.0086305312 -0.004080191)
(0.0040472118 -0.0094402814 -0.0034684185)
(-0.0022495919 -0.0098665018 0.0015054521)
(-0.0047336177 -0.0076258974 0.0031234098)
(-0.0042787422 -0.0051914539 0.0023562756)
(-0.0034034148 -0.00063610669 0.0016616042)
(-6.6741192e-05 0.0030049267 0.0005273966)
(0.0039875509 -0.0045591463 -0.0021337289)
(0.003806841 -0.0081736066 -0.0040742179)
(0.00093465268 -0.0079890292 -0.0050624679)
(9.9419261e-05 -0.0075629695 -0.0036504284)
(0.0029367041 -0.0098895205 -0.0023592851)
(-0.0035354847 -0.010209203 0.00020526741)
(-0.0014535692 -0.00026316734 -0.00010820248)
(0.00018749461 -0.0021398499 0.00016757772)
(0.0021498491 -0.0012873968 0.00013862006)
(0.0033310159 -0.0033440771 -0.0011008996)
(0.0031700821 -0.010969355 -0.0020642828)
(0.0026211069 -0.011613327 -0.0045242681)
(0.0037578123 -0.0091558704 -0.0054101893)
(0.0048595892 -0.0096908177 -0.0059445325)
(-5.2719408e-05 -0.010461616 -0.0036611825)
(-0.0034759946 -0.0094067475 -0.001101924)
(-0.0044466426 -0.0079975605 -0.001116085)
(-0.0029608417 -0.0026508943 -4.0283927e-06)
(-0.00073867613 -0.01546489 -0.0017448802)
(-0.0038214281 -0.013989759 -0.00079097031)
(-0.001215883 -0.012522446 0.00054747963)
(-0.00023103736 -0.016489502 -0.00018172849)
(-0.001517831 -0.013170623 -0.00092338008)
(0.0014035449 -0.012012123 -0.0014788281)
(0.0019056126 -0.01374299 -0.0015699708)
(0.0023905397 -0.016989428 -0.00097016613)
(0.0019315921 -0.017438724 0.00053096682)
(-0.00026185425 -0.014823786 0.0023981647)
(-0.00038360229 -0.017263836 0.0030396577)
(-0.0011327147 -0.016371417 0.002091256)
(-0.0031542257 -0.016347813 0.0016563097)
(-0.0030113757 -0.012620915 0.0016918036)
(-0.0020666806 -0.012356677 0.00088678079)
(0.00093990571 -0.011862721 0.00039760107)
(0.0035679813 -0.017101774 -0.0012953949)
(0.0013353567 -0.017168429 -0.0030643083)
(0.00051632297 -0.012190181 -0.00092090137)
(0.0019864519 -0.015382991 -0.0016240263)
(0.000494117 -0.016857624 -0.0025875881)
(-0.00091401989 -0.016562819 -0.0024369696)
(-0.0018147203 -0.016122394 -0.0026543706)
(-0.0031507237 -0.018303869 -0.00034306261)
(-0.0032266713 -0.017105946 0.0016521849)
(-0.0031003717 -0.013727192 0.0025442925)
(-0.0027327022 -0.011289624 0.002431503)
(0.00052103915 -0.012341327 0.0014650287)
(0.0020293652 -0.01714941 0.0013503004)
(0.00081819947 -0.0180939 0.00047841299)
(-0.0043417326 0.016977897 0.00084674023)
(-0.005986641 0.013297355 0.0014549603)
(-0.0016547123 0.00054303159 0.00096429638)
(-0.0001255436 0.017416202 0.0011719296)
(0.0012942878 0.007000549 -0.0015120939)
(0.0036171147 0.0051537537 -0.0031711015)
(0.0051077494 0.0087671046 -0.00361257)
(0.0067584402 0.017187983 -0.0044186965)
(0.0038644112 0.0189772 -0.0023695145)
(-0.002075533 0.016533785 0.003528696)
(-0.00091686188 0.016674581 0.0062827363)
(-0.0025983271 0.017423392 0.0044251337)
(-0.0059056902 0.016104546 0.002807632)
(-0.0039010517 0.0035920573 0.001393805)
(-0.0025436373 0.0028884127 0.0013030634)
(0.0003703671 -0.0014747824 0.00025896481)
(0.005479173 0.015276152 -0.0031183717)
(0.0028309329 0.017786321 -0.0038578425)
(0.0034289477 0.0055864735 0.001437336)
(0.0051007372 0.011537915 0.0018140441)
(0.0038543628 0.017890145 -0.0015415599)
(-0.00086471362 0.01819403 -0.0038825278)
(-0.0020392913 0.01825718 -0.0017478148)
(-0.0037524963 0.019538602 0.0029434992)
(-0.0026526516 0.015675479 0.0054956339)
(-0.0020190421 0.010391173 0.0034677418)
(-0.00053460641 0.0015664407 0.001778887)
(0.0025610518 0.0028563537 0.0030243382)
(0.0067043087 0.016264914 0.004825684)
(0.005379267 0.019443486 0.0043761687)
(-0.0021807473 0.004117103 -0.00039716745)
(0.0050832462 -0.013570933 -0.0016169509)
(-0.00051912365 -0.01535891 6.2645986e-05)
(-0.0031735139 -0.015275901 0.0015363586)
(0.0033656244 -0.013780487 -0.0015164589)
(0.0028166944 -0.013518711 -0.00263979)
(4.55231e-05 -0.015155722 0.0022324435)
(0.00060435066 -0.0037114749 -0.0032607416)
(0.0027434378 0.0047651221 -0.0025718106)
(-0.00052857495 -0.00028867966 -0.00017624099)
(0.0012763976 -0.016565307 -0.0036735597)
(-0.0012655068 -0.0045026732 -0.00049766086)
(0.0023301823 -0.010673071 0.0033163564)
(-0.00015409752 -0.014405441 -0.00017666562)
(-0.0033775477 -0.012625956 0.00032113761)
(-0.0027193158 -0.014428809 -0.00023487253)
(-0.0025194284 -0.014576345 0.0017692466)
(0.0044009544 -0.012534771 0.0045607698)
(0.0042550924 -0.015938909 0.0034505457)
(-0.0019726561 -0.015538422 0.0028880022)
(0.0012802044 0.0047571222 -0.00048560173)
(-0.00098853384 0.003112284 -0.0027009395)
(0.00055739304 -0.003711574 -0.00019425038)
(0.0019337374 -0.010567121 -0.0018281351)
(0.0045507463 -0.016530191 -0.003479452)
(0.0023081984 -0.016034031 -0.003298119)
(0.00063819243 -0.013826682 -0.0017785275)
(-0.0014295981 -0.014741438 0.0026151722)
(-0.0052942562 -0.014381704 0.002491319)
(0.0027592659 0.0042576552 0.0026874834)
(0.0017833002 0.0081741074 -0.00094282301)
(0.0045467067 0.010447912 -0.00089107877)
(0.0013544997 0.01046873 0.001967681)
(-0.0016030953 0.0091026901 0.0012732036)
(0.0020863829 -0.004659752 -0.00054860952)
(9.1327543e-05 0.0001702174 -0.00011297659)
(0.00024494895 0.0093369041 0.0038175637)
(-0.0030263304 0.0082688018 0.00033781928)
(0.0015263312 0.0090850148 -0.0013024059)
(0.0038752086 0.0082017791 0.00070986654)
(0.0033207769 0.011829706 -0.00031750436)
(-0.0019773099 0.00882794 -0.0014425831)
(0.0033541859 0.010864859 0.003306945)
(-0.0027732575 0.0097723054 0.00078838493)
(-0.001044657 -0.00056350504 -0.0012857832)
(-0.00086680256 -0.0042947196 -0.00060793331)
(-0.0010684268 -0.00031320942 -0.0012833038)
(0.001946328 0.010076105 0.0015982791)
(0.0032731644 0.011513227 -0.0015552534)
(-0.0043519558 0.012104333 -0.001227873)
(-0.0022826248 0.0092816079 -0.00066698765)
(0.00057635401 0.0087909422 -0.0010691781)
(0.0044019588 0.0055259544 -0.0013765035)
(0.0064776744 0.010484716 0.00066624365)
(0.0035445676 0.012672405 -8.7944355e-05)
(0.00022005255 0.0093006708 -0.0022710825)
(-0.0011755583 -0.0024034744 -0.0017729642)
(0.0015571379 0.0063468857 0.0013073398)
(-0.003846179 0.009993547 0.0027564493)
(-0.0014455049 0.0087942598 0.0010049899)
(0.0016639315 0.0006263747 -0.0024233967)
(0.0035640606 -0.0031126273 -0.0022293412)
(0.0041710012 -0.0044234745 -0.0016551445)
(0.0061160655 -0.0094527944 -0.0020316119)
(0.004101747 -0.010657422 -0.00052322162)
(-0.0047027609 -0.0082479934 0.0025532098)
(-0.0034265243 -0.0059149371 0.0017766264)
(-0.0027595362 -0.0028911799 0.00054431816)
(0.00062763632 -0.0017901132 -0.0025014903)
(-4.8922356e-05 -0.0034176996 -0.0034773096)
(0.0017547717 -0.0025742394 -0.0030097952)
(0.0022442391 -0.0024166462 -0.0026177823)
(0.0038429188 -0.0059247287 -0.00141118)
(0.0051787576 -0.0095286668 -0.0022294531)
(0.0054231416 -0.01015165 -0.002907919)
(-6.3323344e-05 -0.010492168 -0.0021061571)
(-0.0056433556 -0.011029375 -0.0014638217)
(-0.0054750254 -0.010089217 0.0014161943)
(-0.0028271573 -0.0045553416 0.0024231861)
(-0.0022510788 -0.0039381522 0.0016438726)
(0.00047883156 0.00021667219 0.0013441883)
(0.0039712758 -0.0064559793 0.0016225631)
(0.00025984933 -0.010903652 -0.0016591311)
(-0.00074966756 -0.0049742369 -0.0031939204)
(0.0024888362 0.000338423 -0.0027500874)
(0.0056669583 -0.0082660985 -0.0039821287)
(-0.0019999023 -0.010731339 -0.0046834359)
(-0.0058157067 -0.0078251878 -0.0046493173)
(-0.0043883219 -0.0045660166 -0.0034309083)
(-0.002149154 0.00071739897 -0.0027075405)
(-0.00069108133 -0.016667716 -0.00084787328)
(-0.0033807797 -0.015025157 -0.0001998909)
(-0.0037113275 -0.013680994 0.0010503504)
(-0.0027920618 -0.012536086 -0.00060947695)
(-0.00093701669 -0.012642152 6.2903314e-05)
(-4.1440925e-05 -0.012687614 -6.5898551e-05)
(0.0016788406 -0.014572519 -0.00035206254)
(0.0017618879 -0.018315858 -0.00092271677)
(0.0019868669 -0.016137359 0.0014228311)
(0.0013439237 -0.017148144 0.0017592226)
(-0.00088833148 -0.017331072 0.0026703422)
(-0.0026182159 -0.016395665 0.0027951284)
(-0.0043087737 -0.015913596 0.003025301)
(-0.004183774 -0.015130898 0.0030207336)
(-0.0031622436 -0.012835835 0.0022359439)
(-0.001996788 -0.012142677 0.0021025255)
(0.00013587235 -0.012989994 0.0013624094)
(0.001716444 -0.010926699 -0.00032158043)
(0.0020179979 -0.016120546 0.00067309186)
(0.00046280802 -0.019307099 0.0010031916)
(-0.0016188121 -0.015918597 -0.0022759963)
(-0.0033953444 -0.013694329 -0.0025203412)
(-0.00096721432 -0.012064718 -0.0010900596)
(0.0019616894 -0.020825263 -0.0021522502)
(-0.0011400081 -0.018606698 -0.00071394575)
(-0.0024618819 -0.016087596 0.0011286998)
(-0.004551325 -0.014159762 0.0023303263)
(-0.0014732347 -0.012689107 0.0010364505)
(0.0026528112 -0.01971107 0.00041260639)
(4.4091303e-05 -0.020777607 -0.00047350422)
(-0.001858551 0.018234986 -0.0014955959)
(-0.006629689 0.016157213 0.0015239583)
(-0.0053789366 0.0098920385 0.0010427245)
(-0.0038173188 0.0039767518 -0.00047960153)
(-0.00065881797 0.0047301044 -0.00054249406)
(0.00095227635 0.0044041572 0.00068735224)
(0.0030615411 0.0068743938 -0.0028424267)
(0.0042549349 0.015962648 -0.0049011069)
(0.0013942101 0.013981764 -4.9874393e-06)
(0.0040999132 0.018264693 0.0016151233)
(0.00056586263 0.019053936 0.0046167734)
(-0.0051546267 0.018208006 0.0036735225)
(-0.0072512641 0.017269615 0.0027375869)
(-0.0055410352 0.012145643 0.0022123592)
(-0.0034253207 0.005790279 0.0013403617)
(-0.0019384502 0.0038456481 0.00013130047)
(0.00069484703 0.0011534458 0.00094679277)
(0.0004423844 0.00030026634 -0.00057734851)
(0.0052597179 0.015474444 0.002494714)
(0.0033830431 0.019921538 0.0021562556)
(-0.0022490531 0.016999865 -0.0048070878)
(-0.0019097953 0.012978951 -0.0044697812)
(0.0011360076 -0.0018406317 0.0011056794)
(0.0063892498 0.018862051 0.0014782319)
(0.0021387621 0.020392669 0.0032031777)
(-0.0043073265 0.017677781 0.0041616437)
(-0.0036556984 0.013747239 0.0040063583)
(0.0013391328 -0.0007673715 0.0017900031)
(0.0073377492 0.017993922 0.0021957068)
(0.0056640053 0.021307552 0.002447256)
(-3.2391546e-05 0.0056449223 -0.0020241553)
(-0.00097299578 -0.00076062485 -0.00070112614)
(0.002606658 -0.014237018 -0.0036662691)
(-0.002609913 -0.014700932 -0.0019001063)
(-0.00060265873 -0.013360678 -0.0020908249)
(0.0011037732 -0.013067513 0.001141487)
(-0.0011361261 -0.015705856 -0.0031049322)
(-0.0010647123 -0.012176422 0.00091458633)
(-0.00095728082 -0.016026413 0.0035595263)
(-0.0017245417 -0.010262033 0.0022721959)
(-3.4054705e-05 0.0063663077 0.0030161113)
(-0.002730181 0.0037815676 0.0024802322)
(-0.00056586088 -0.0022735156 0.002279998)
(0.0023716272 -0.015640094 -0.0034980435)
(-0.003054502 -0.014646148 -0.0017144275)
(-0.00065807075 -0.013633749 -0.0037574105)
(-0.00064058848 -0.014470657 -4.1328365e-05)
(-0.0047660877 -0.014608113 -0.0017161575)
(-0.0052184074 -0.013838145 -0.00028842616)
(0.0027173084 0.00056748346 0.0021961893)
(0.0022719583 -0.005980918 0.00064043771)
(0.0057036505 -0.014018184 0.0025004795)
(0.0010369649 -0.015469119 0.0032147217)
(-0.0043864506 -0.016621663 0.0021337957)
(0.0026686939 0.0082903745 0.0019242693)
(-0.002984204 -0.00087796102 0.0013834028)
(0.0053998359 -0.014802309 -0.00099068673)
(-0.00025238274 -0.015955033 0.00088597632)
(-0.0052822459 -0.010663479 0.0023526401)
(0.0026877734 0.0082502071 0.0025181275)
(0.0013339162 0.0092217464 0.00019657268)
(0.002601958 0.007101061 -0.0022395737)
(0.0034686205 0.0096742997 -0.0024260461)
(-0.002716488 0.008764454 -0.0028844826)
(0.0018393229 -0.0040550782 -0.0012762393)
(-0.0013713832 -0.0010790824 0.0015928915)
(0.001550132 0.012164402 -0.0012339524)
(-0.0004064524 0.011645555 0.00062517165)
(0.00037192448 0.012262383 0.0028808674)
(-0.0054687759 0.01133729 0.0014810013)
(-0.0017510937 0.0094690963 0.00037664993)
(-0.00029459968 0.0091427322 0.0021201627)
(0.0030565042 0.0077229223 0.0028476239)
(0.0023407599 0.011058902 0.0011870191)
(-0.0035714063 0.0080406281 0.00071329131)
(-0.00069298014 -0.0011249885 -0.0011883881)
(-0.001153795 0.0065496827 -0.0017466164)
(-0.0017623767 0.0086979256 -0.0028971753)
(-0.0030158293 0.0026788621 -0.00079183937)
(-0.0018540257 0.0028152397 0.0010861086)
(0.0033400393 0.0061031536 0.00085464436)
(0.0020989559 0.008340796 0.0013973689)
(0.0031729039 0.0094656713 6.2717187e-05)
(-0.0049043486 0.012885681 -0.0023962548)
(-0.0012635557 0.0098576506 -0.00064047556)
(0.003373378 0.0059488115 -0.0025756323)
(0.0043407061 0.0077518727 -0.0015532554)
(0.0023957015 0.0099470422 -0.0005220595)
(-0.0051966704 0.010802853 0.0019154273)
(-0.0011280177 0.010896439 0.0020125859)
(0.0021152109 0.0029942029 -0.0013807804)
(0.0034503594 -0.0010010515 -0.0012620445)
(0.0045737738 -0.0031281417 -0.001165042)
(0.0060147882 -0.0076248333 -0.00078367291)
(0.004119448 -0.0099875627 -0.00065303209)
(-0.0061134709 -0.0094463763 0.0026219922)
(-0.005202927 -0.0077844726 0.001610456)
(-0.0045114464 -0.0067683181 0.0013143306)
(-0.0027781337 -0.0043618308 0.0014950299)
(-0.0029939625 -0.00076654413 0.00051343595)
(0.00041345181 0.001742932 -0.00032531411)
(0.0020838898 0.00056125858 0.0005987161)
(0.0033154422 -0.0030902008 -0.0010437021)
(0.003951348 -0.0027268838 -0.0014213115)
(0.006044901 -0.0071853623 -0.0025246536)
(0.0020549994 -0.01030801 -0.0026068909)
(-0.0043742208 -0.0097085742 -0.0052387078)
(-0.00020509999 -0.0065310583 -0.0038659765)
(-0.0006741592 -0.011024789 0.0014712634)
(-0.0042453218 -0.0098478491 0.0023244261)
(-0.0051260362 -0.010143845 0.0012594161)
(-0.0061351336 -0.0092433878 1.0427116e-05)
(-0.004883059 -0.0039272745 -0.0014175214)
(-0.0041021087 -0.0009592402 -0.0019435886)
(0.0013812514 0.0023834894 -0.00076918102)
(0.0027150802 -0.0075918046 -0.00052931084)
(-0.0048350103 -0.0091185995 -0.0021244159)
(-0.0042115849 -0.0015932106 -0.0010911377)
(-0.0050390274 -0.00094789456 -0.00011953601)
(-0.0018672583 0.0043204106 0.00059904542)
(0.00036621537 -0.017281785 -0.0016658649)
(-0.0012469355 -0.016738592 -0.00014671566)
(-0.0023573582 -0.015969911 0.0020936905)
(-0.0032121774 -0.014097835 0.0019778096)
(-0.0028579195 -0.01127156 0.001344399)
(-0.00060096464 -0.011233025 0.0012996404)
(0.00047757835 -0.013029682 0.0013053166)
(0.0013745712 -0.011118422 -0.00052384523)
(0.0030155051 -0.012563261 0.0015640047)
(0.00067548825 -0.015032612 0.0021598388)
(-0.00071067593 -0.016510968 0.0025992256)
(-0.0017892345 -0.015819609 0.001398986)
(-0.0026733224 -0.016722053 -0.0003512377)
(-0.0023768336 -0.016655089 0.00082373261)
(-0.0023854109 -0.016019657 0.0024897658)
(-0.0021803233 -0.014341121 0.0019823326)
(-0.0010011928 -0.013685092 0.0025295)
(-0.00063252301 -0.016941414 0.0020186934)
(-0.0029435698 -0.015198171 0.00037049808)
(-0.0044078442 -0.013191608 -0.00069337952)
(-0.0036483379 -0.010829459 -0.0016222277)
(-0.0013529399 -0.011836579 -0.0024552285)
(0.0020696382 -0.011512342 -0.00045238933)
(0.0027467105 -0.014555862 5.1686425e-06)
(-0.00055245458 -0.017978296 0.001351816)
(-0.0011294515 -0.017611743 0.0011992469)
(-0.0042805467 -0.013279767 0.00066153093)
(-0.0015803675 -0.011766375 8.9395327e-05)
(0.0025198822 -0.017707702 -0.0010262727)
(0.00044642839 -0.018943389 9.5851014e-05)
(0.0033118079 0.017356542 -0.0060762595)
(-0.0026243624 0.018212397 -0.0015703573)
(-0.0055533027 0.017366225 0.0024965155)
(-0.0049495673 0.014239093 0.0030253338)
(-0.0026777534 0.0051772063 -1.9098061e-05)
(-0.00082690161 0.0025359063 -3.118922e-05)
(0.002219352 0.0064669509 -0.0019820609)
(-0.00024859551 0.00013554561 -0.0032144674)
(0.0046156929 0.013456509 0.00055233904)
(0.003930035 0.017100036 0.0015586448)
(0.0013938476 0.018247154 0.0014207234)
(-0.0046865112 0.017906874 -0.0015215501)
(-0.0046228509 0.018191152 -0.0035923825)
(-0.0037435046 0.018254532 -6.7908244e-06)
(-0.0019170643 0.0173693 0.0046434774)
(-0.0016546935 0.015540524 0.0048402508)
(0.0015359983 0.011590328 0.0022999247)
(0.0016967456 0.017589389 0.0027481841)
(-0.0046770944 0.017349423 -0.0010385989)
(-0.0052856828 0.014246092 -0.0024867848)
(-0.0020906263 0.0022741141 -0.00075624268)
(3.7335108e-05 -0.00094665367 -0.0016814903)
(0.0020944251 0.0011276551 -0.0014038582)
(0.0070368616 0.014934694 -9.0683372e-05)
(0.003705248 0.019346511 4.8991197e-05)
(-0.0045335194 0.019223405 0.0010090381)
(-0.0048451367 0.015498386 0.00098040816)
(0.0025727632 -0.00085597934 -0.0017182068)
(0.006124782 0.015324703 -0.0042890843)
(0.0057594099 0.019962437 -0.0035571378)
(-0.00053183527 -0.016282286 0.0026514527)
(-0.0010941996 0.0035162886 -0.00069151502)
(-0.0024308336 -0.0067710821 -0.0010223557)
(-0.00029595316 -0.01367402 -0.0041860814)
(0.00026216116 -0.012831109 -0.0037876481)
(0.00091549151 -0.013153623 -0.002568891)
(0.0018345509 -0.014648973 -0.0061596921)
(-0.0050374772 -0.015490329 -0.0033672255)
(-0.0059864998 -0.013702629 -0.0025098838)
(-0.0023488097 -0.0045658801 0.00069687926)
(1.1348716e-05 0.0051453334 0.0015352373)
(-0.002062258 0.0021256762 0.0011481)
(0.00042925904 -0.012625807 0.0024218794)
(-0.00118526 -0.011973276 0.00074537944)
(-0.0029227983 -0.014828986 -0.0026080768)
(0.00097383591 -0.01387311 -0.0047942451)
(0.00068213118 -0.014140741 -0.0055698817)
(0.00061254145 -0.0032889099 -0.0021617685)
(-0.00035519717 0.0018827683 0.00081151223)
(0.002905894 -0.011368642 0.0049024102)
(0.0012794016 -0.01344281 0.0034238916)
(0.00042205567 -0.013762697 -0.00016514109)
(-0.002643003 -0.014389928 -0.003776145)
(-0.004806462 -0.011802436 -0.0019325367)
(0.00084343721 0.0060680174 -0.0018447201)
(-0.0020826814 0.0032421427 -0.00090253838)
(0.0054962312 -0.01176144 -0.0031673445)
(0.0026238303 -0.015571057 -0.0016241864)
(-0.006672033 -0.014707194 0.0030257795)
(0.0035204094 0.0067917219 -0.0012448797)
(-0.0052097299 0.012692631 0.001005399)
(-0.0025015487 0.009061671 -0.00047327261)
(-1.1769087e-05 0.0089244965 -0.00044787396)
(-0.0016452053 0.0051323712 -0.0028737349)
(-0.00078152195 -0.0014554934 -0.0017911441)
(-0.0014654649 -0.0014821534 0.00019228658)
(0.00073020413 0.010835464 -0.0049258412)
(-0.0040206351 0.011199358 -0.0032047679)
(-0.0047481636 0.010661243 -0.004326246)
(-0.0044893785 0.008733849 -0.0022819063)
(-0.00091924922 0.0098975382 0.0012601479)
(0.0023807272 0.0088200451 0.0017155538)
(0.0046672578 0.012044892 0.0019821721)
(0.00078295708 0.012320804 -0.0012178717)
(-6.19393e-05 0.011945212 -0.0039562671)
(-0.00045732831 0.0021006943 -0.0037818045)
(0.0015185165 0.0099158555 -0.0041838013)
(-0.0022744274 0.0092149064 -0.0031219738)
(0.0012460168 0.0075723445 0.00067505338)
(0.0012172819 0.010172559 0.0036095217)
(0.0015207095 -0.0012967333 0.00019287367)
(-0.00063950673 -0.0013939971 -0.0016054359)
(0.0011001708 0.0078534511 -0.0044029929)
(-0.0050522968 0.010902896 -0.0059369688)
(-0.0032293098 0.0097569248 -0.002079219)
(0.0025015395 0.0080470912 -0.00091102906)
(0.0047569329 0.0068998481 -0.0021491544)
(0.0048577647 0.009774436 -0.0016210995)
(-0.0056025698 0.011855235 0.00071604384)
(-0.00061593092 0.0096252888 0.00097528576)
(-0.00044170544 -0.0028064153 0.0026694566)
(0.003037565 -0.0025578836 0.0016116024)
(0.0039685357 -0.0074210817 0.00032492075)
(0.0038347978 -0.0099987779 -0.0004651801)
(0.00084318964 -0.010084719 -0.001389323)
(-0.0061665744 -0.0093820609 0.0019513871)
(-0.0067597349 -0.008249766 0.0019883932)
(-0.0057488241 -0.0058214695 0.0018230893)
(-0.0045449784 -0.0050898179 0.0020186097)
(-0.0037437237 -0.0022552627 0.001961146)
(-0.0010603656 0.0020855399 0.0020919824)
(0.0015153702 -0.00045398563 0.0024701657)
(0.0030666071 -0.002640387 0.0018851963)
(0.0037330265 -0.0025264052 0.0008154635)
(0.0062377539 -0.0080452285 0.00059475813)
(0.0014974384 -0.010951898 -0.0012336501)
(-0.0037295573 -0.0071551494 -0.0030879243)
(-0.0011154748 1.7620213e-05 -0.0030244045)
(0.0015858302 -0.001722183 -0.0022175276)
(0.0036276109 -0.007609788 -0.0018958932)
(0.0042766484 -0.0097557131 -0.001777506)
(-0.0052002544 -0.0083454317 0.00050416934)
(-0.0054183151 -0.0048410526 -0.00015320806)
(-0.004682535 -0.00053050805 -0.0013599355)
(-0.00118592 0.0024308284 -0.00017211247)
(0.0026523215 -0.0089974328 0.0027157788)
(-0.0047286811 -0.01056075 0.003251258)
(-0.0045291624 -0.0039936544 0.0030750807)
(-0.0050727726 -0.0020428969 0.0027708637)
(-0.0012159276 0.0018962579 0.0028316712)
(0.0013317703 -0.011296745 -0.0010561084)
(0.0032293294 -0.011771262 -0.0012729306)
(0.0041229152 -0.015209021 -0.00095690811)
(0.0028739462 -0.015563603 -0.00076607636)
(0.00094696421 -0.016823448 0.00042196319)
(0.00082550408 -0.017119287 0.0019621718)
(0.00097115677 -0.016339059 0.0023170485)
(0.00052988108 -0.016087206 0.0030292158)
(-0.00072572091 -0.015111755 0.00040728322)
(-0.0020011167 -0.015403315 0.00077999479)
(-0.002627412 -0.014370466 0.00058048006)
(-0.004406734 -0.012392677 -0.00014906187)
(-0.0027977356 -0.012142947 -0.00066220674)
(0.0017131651 -0.013142458 -0.0022069863)
(0.0034590225 -0.016062977 -0.0025930557)
(0.00095253051 -0.017730964 -0.0034402735)
(-0.00090039329 -0.017010368 -6.2960263e-05)
(-0.0013014103 -0.015742394 -0.00021694559)
(-0.0038914944 -0.012798384 -0.00047722216)
(-0.0042361611 -0.011838363 -0.0007703567)
(-0.0021593435 -0.012643746 -0.00048483042)
(0.0015004776 -0.011119957 -0.00017474399)
(0.0017600752 -0.015154189 0.00070418205)
(0.00059088851 -0.017534841 -0.00026534703)
(-0.0015529707 -0.018242334 -0.00012740621)
(-0.0025215825 -0.017292044 -0.0002975413)
(-0.0040213544 -0.014197822 -0.0010579448)
(-0.0021175572 -0.01206342 -0.00010274332)
(0.0011833421 -0.012618522 -0.0013299437)
(0.00093910859 -0.018259993 -0.0011110234)
(0.0010987962 0.00029369142 0.00025348585)
(0.0023714345 0.0036439662 -0.00020444981)
(0.0060840711 0.015494768 -0.0010954944)
(0.0048959245 0.017544365 -6.8711813e-05)
(0.0008837939 0.018087071 0.001705278)
(0.00030369554 0.017730872 0.0039393903)
(0.0016512113 0.0175584 0.0049393511)
(0.0024145488 0.017666316 0.0046061397)
(0.002939049 0.017074708 0.0021186618)
(-0.00095061449 0.017269206 0.0003177791)
(-0.0039984896 0.016350824 -3.9606511e-05)
(-0.0064428571 0.012928144 0.00058114483)
(-0.00011805906 -0.00066854751 0.0015796083)
(-0.00011252956 -0.00012864387 -0.00021808346)
(0.0065093189 0.016138024 0.00079365184)
(0.0047763963 0.018773226 0.00075717024)
(0.0027351339 0.018585711 0.001484108)
(-0.0026164243 0.017568098 0.00047841945)
(-0.0057938575 0.014359407 0.00015625054)
(-0.0033564295 0.0059087854 0.00051338614)
(-0.00034368437 7.1279603e-05 1.7525007e-05)
(0.0027519731 0.00081844479 -3.7688182e-05)
(0.0070930428 0.014579371 0.0023916025)
(0.0059497224 0.018698535 0.0018529453)
(-0.0019942288 0.019702374 -0.00031789104)
(-0.0042157799 0.018219606 -0.0013466327)
(-0.0031575918 0.012363758 -0.0012972366)
(0.0018184781 0.0017106655 -0.00099768761)
(0.0022745049 0.0031987012 -0.0006072392)
(0.0058674185 0.018052266 -0.001810064)
(0.00033051885 -0.013095489 0.0025909052)
(-0.00055796328 -0.013728729 0.0030690747)
(-0.0043748699 -0.014648933 0.00064259042)
(0.00014521215 0.00072790276 -0.00010221897)
(-0.0029311855 -0.0043070565 -0.001692121)
(-0.00037067574 -0.010483956 -0.0029947342)
(0.0017762831 -0.010788191 -0.0035627407)
(-0.00018744261 -0.01274638 -0.0048330931)
(0.0006287768 -0.0018858073 -0.00096713158)
(0.00071316838 0.0010672207 -0.001083941)
(0.0012903918 -0.0014693142 0.0012322674)
(0.0052102907 -0.012555946 0.0034655637)
(0.0054935625 -0.014937418 0.004366245)
(-0.0035915926 -0.015163676 0.0028407128)
(-0.0046131959 -0.012679469 -0.00036882436)
(0.0012669423 -0.0031546815 0.0004053075)
(0.0024616412 0.001384478 -0.00052647532)
(0.00097460178 0.0035308517 0.00092616142)
(0.0026398504 -0.0065494844 0.0011007781)
(0.0045432565 -0.014040136 0.0027366097)
(0.0003713363 -0.014583262 0.0025066782)
(-0.0031947384 -0.014071233 -0.0007542537)
(-0.0046582569 -0.013486182 -0.0027164674)
(0.00093114752 0.00087510416 -0.00020500224)
(-0.0031513806 0.0020026303 -0.0011403602)
(0.0015234657 -0.013181536 -0.00074597329)
(0.0037366289 -0.015807362 -0.0010022074)
(0.0051648415 -0.014307476 -6.3264247e-07)
(-0.0017817169 -0.015375113 0.0021135911)
(-0.00058086631 -0.0070359109 -4.5189562e-05)
(-0.0018341774 -0.0012059224 0.00073997835)
(0.0027550703 0.0074111515 0.00094837334)
(-0.0042302675 0.011082026 -0.00027051484)
(-0.0037028279 0.007603124 -0.0015260214)
(-0.0034186593 0.0079413875 -0.0013678593)
(-0.0015392457 0.0031018281 -0.0010139156)
(-0.0014563711 0.0048526279 -0.0012669318)
(-0.0035030034 0.0090180819 -0.0016278653)
(-0.0033400237 0.0070482289 -0.0025754969)
(-0.00048900499 0.0088814769 -0.0029663572)
(0.003220541 0.0078033304 -0.00030805161)
(0.0054455996 0.0097436581 0.00076774954)
(0.0054090421 0.010898169 -0.00091491967)
(0.0032920586 0.011728072 -0.0013947613)
(0.0010181975 0.0042954151 -0.0014227945)
(0.00069254932 0.0023030603 -0.0022621185)
(0.0032766365 0.007416666 -0.0031537837)
(0.0030263634 0.0086598473 -0.0010541484)
(0.0044558125 0.0081911042 0.0008880454)
(0.0040073148 0.010045427 0.00045904514)
(-9.4694086e-06 0.0094115958 0.0021572849)
(0.0008824802 -0.00070293433 -0.00038204389)
(-0.0034753056 0.0010715081 -0.0018029987)
(-0.0021663055 0.0081968691 -0.0038908347)
(-0.0026300241 0.0089509713 -0.0017810318)
(0.0021313398 0.0040622232 0.0024999358)
(-0.00023822488 -0.0014384426 0.00070332227)
(5.0643879e-05 0.0004692092 0.0024208261)
(-0.00098035891 0.010469091 0.0002553365)
(-0.0023414443 0.0089002249 0.0033020396)
(-0.0022051325 -0.00917731 0.0034621889)
(-0.0033568036 -0.0088576876 -9.8247964e-05)
(-0.0021186796 -0.0035878001 -0.0017729736)
(-0.00015581994 -0.0023437092 -0.0023078341)
(1.094824e-05 -0.0063199716 -0.0025394351)
(-0.0023643566 -0.011352855 0.0012067619)
(-0.0054796843 -0.011477679 0.0031261356)
(-0.0054301496 -0.011184654 0.0035748734)
(-0.0048143316 -0.009378738 0.0036793466)
(-0.0036314138 -0.0080036516 0.0033558794)
(-0.00096399384 -0.0063489577 0.0036269822)
(0.001055424 -0.010379756 0.0037718524)
(0.0026827906 -0.011036986 0.0038632995)
(0.004854953 -0.010683127 0.0033477194)
(0.0055593377 -0.011232337 0.0031906793)
(0.0018317375 -0.010526583 0.0013784281)
(-0.0022941956 -0.0037605959 -0.00106162)
(0.0015712962 0.0019072335 -0.0011600042)
(0.0025060719 -0.0031672204 -0.00011915642)
(0.0038563951 -0.0041507246 -0.0001833227)
(0.0047954432 -0.0062240465 -0.00014187957)
(0.0044112734 -0.008549025 0.00027215344)
(-0.0029130407 -0.010542354 0.0020192514)
(-0.0034836195 -0.006814043 0.0023702322)
(-0.0011723056 -0.0021528017 0.0010474348)
(0.0015248462 -0.011270614 0.0033047567)
(-0.0039327778 -0.010828871 0.0041122718)
(-0.0059207772 -0.0094027272 0.0048110878)
(-0.0054820103 -0.0094441726 0.0042162156)
(-0.0017479151 -0.0055935969 0.0040984615)
)
;

boundaryField
{
    minX
    {
        type            fixedValue;
        value           uniform (0 0 0);
    }
    maxX
    {
        type            fixedValue;
        value           uniform (0 0 0);
    }
    minY
    {
        type            fixedValue;
        value           uniform (0 0.001 0);
    }
    minZ
    {
        type            fixedValue;
        value           uniform (0 0 0);
    }
    maxZ
    {
        type            fixedValue;
        value           uniform (0 0 0);
    }
    bottomWater_to_rightSolid
    {
        type            fixedValue;
        value           uniform (0 0 0);
    }
    bottomWater_to_leftSolid
    {
        type            fixedValue;
        value           uniform (0 0 0);
    }
    bottomWater_to_heater
    {
        type            fixedValue;
        value           uniform (0 0 0);
    }
}


// ************************************************************************* //
