/*--------------------------------*- C++ -*----------------------------------*\
| =========                 |                                                 |
| \\      /  F ield         | OpenFOAM: The Open Source CFD Toolbox           |
|  \\    /   O peration     | Version:  v2012                                 |
|   \\  /    A nd           | Website:  www.openfoam.com                      |
|    \\/     M anipulation  |                                                 |
\*---------------------------------------------------------------------------*/
FoamFile
{
    version     2.0;
    format      ascii;
    class       surfaceScalarField;
    location    "800/topAir";
    object      phi;
}
// * * * * * * * * * * * * * * * * * * * * * * * * * * * * * * * * * * * * * //

dimensions      [1 0 -1 0 0 0 0];
oriented        oriented;


internalField   nonuniform List<scalar> 
3140
(
9.5080367e-06
-3.1039593e-07
7.1313181e-08
9.6965542e-06
-2.6872058e-07
8.0197489e-08
9.8760498e-06
-2.4778853e-07
6.8305396e-08
1.0020601e-05
-1.9422512e-07
4.9692652e-08
1.0124242e-05
-1.2945986e-07
2.5836498e-08
1.0197976e-05
-7.0398404e-08
-3.3277204e-09
1.0277906e-05
-2.3859058e-08
-5.6085933e-08
1.0382531e-05
2.1267024e-08
-1.2592067e-07
1.0523483e-05
8.6425347e-08
-2.2742696e-07
1.0721533e-05
1.7464486e-07
-3.7276823e-07
1.0970649e-05
3.2778684e-07
-5.7699129e-07
1.124159e-05
5.8149364e-07
-8.525282e-07
1.1479869e-05
9.6394499e-07
-1.2023054e-06
1.1701378e-05
1.4062015e-06
-1.627768e-06
1.1875469e-05
1.9010406e-06
-2.0751491e-06
1.1985021e-05
2.3835534e-06
-2.4930922e-06
1.2016475e-05
2.8101273e-06
-2.8415651e-06
1.1967876e-05
3.1545084e-06
-3.1059274e-06
1.1858276e-05
3.3997068e-06
-3.2901947e-06
1.1724413e-05
3.5392928e-06
-3.4056135e-06
1.1603379e-05
3.5847557e-06
-3.4640158e-06
1.1520046e-05
3.5587388e-06
-3.4758049e-06
1.1485403e-05
3.4831031e-06
-3.448952e-06
1.1498906e-05
3.3743499e-06
-3.3884373e-06
1.1546945e-05
3.2460742e-06
-3.2948202e-06
1.1591905e-05
3.115459e-06
-3.1613318e-06
1.1550629e-05
3.0110997e-06
-2.9710581e-06
1.1254468e-05
2.98948e-06
-2.6950019e-06
1.0356037e-05
3.1824145e-06
-2.2862706e-06
3.9186462e-06
-1.6818249e-06
9.1111909e-06
-2.3128385e-07
7.8665756e-08
9.0863669e-06
-3.4544619e-07
1.0155048e-07
9.0952421e-06
-3.6318369e-07
1.0652213e-07
9.1515492e-06
-3.5719705e-07
1.0666671e-07
9.2538767e-06
-3.3318971e-07
1.0140299e-07
9.3965439e-06
-3.0161684e-07
8.8549216e-08
9.5830445e-06
-2.761543e-07
6.5785773e-08
9.8306559e-06
-2.5701597e-07
3.0567458e-08
1.0164233e-05
-2.2279893e-07
-2.4380545e-08
1.0612215e-05
-1.5533282e-07
-1.1760767e-07
1.1202665e-05
-6.9475741e-09
-2.5454984e-07
1.1909708e-05
3.2802241e-07
-4.5182151e-07
1.2639419e-05
9.5761619e-07
-7.2135946e-07
1.3278662e-05
1.8049199e-06
-1.0360535e-06
1.3758535e-05
2.7612614e-06
-1.3385704e-06
1.4021148e-05
3.6893165e-06
-1.5673451e-06
1.4056405e-05
4.4794131e-06
-1.7039876e-06
1.3903972e-05
5.0937756e-06
-1.7866765e-06
1.3638854e-05
5.524705e-06
-1.8600345e-06
1.334714e-05
5.7775822e-06
-1.9469709e-06
1.3087565e-05
5.8748251e-06
-2.0310957e-06
1.2884613e-05
5.8507542e-06
-2.0898623e-06
1.2742241e-05
5.7349541e-06
-2.1104894e-06
1.2653593e-05
5.546366e-06
-2.0846262e-06
1.2602385e-05
5.2964034e-06
-2.0006824e-06
1.2549313e-05
5.0054772e-06
-1.8389104e-06
1.2415222e-05
4.7144115e-06
-1.5716645e-06
1.2055016e-05
4.5124937e-06
-1.165765e-06
1.1232481e-05
4.5840476e-06
-5.8260769e-07
5.1547219e-06
2.5825524e-07
9.1681748e-06
-2.1124425e-07
8.0746197e-08
8.9979514e-06
-2.8099593e-07
1.0577267e-07
8.8149177e-06
-2.9410185e-07
1.1395129e-07
8.6314189e-06
-2.9318522e-07
1.1948658e-07
8.4600089e-06
-2.8519242e-07
1.2341222e-07
8.305757e-06
-2.726483e-07
1.2528294e-07
8.1647422e-06
-2.6115019e-07
1.2601024e-07
8.0356343e-06
-2.5611993e-07
1.2821146e-07
7.9373477e-06
-2.5964584e-07
1.3514006e-07
7.9159273e-06
-2.7933663e-07
1.4545569e-07
8.0888779e-06
-3.3099157e-07
1.5118284e-07
8.6235116e-06
-3.347854e-07
1.289179e-07
9.5474221e-06
-2.4627043e-08
5.9849424e-08
1.0748709e-05
6.303634e-07
-2.4933077e-08
1.1815195e-05
1.7497482e-06
-5.3240469e-08
1.2600109e-05
2.8600782e-06
4.5795329e-08
1.3018631e-05
3.7078565e-06
3.5410061e-07
1.3129873e-05
4.313083e-06
6.7006947e-07
1.3045339e-05
4.713674e-06
8.9577013e-07
1.288896e-05
4.9386662e-06
9.9516993e-07
1.273786e-05
5.0074932e-06
1.0180645e-06
1.2609448e-05
4.9415045e-06
1.0371324e-06
1.2496019e-05
4.7752335e-06
1.0725145e-06
1.2383413e-05
4.541837e-06
1.1164367e-06
1.2268453e-05
4.2681403e-06
1.1424782e-06
1.2130731e-05
3.9699573e-06
1.1724523e-06
1.1938823e-05
3.6775365e-06
1.2279301e-06
1.1655939e-05
3.4632088e-06
1.3311948e-06
1.1201765e-05
3.5000423e-06
1.5368815e-06
4.1483314e-06
1.7858324e-06
8.9788391e-06
7.8868977e-08
8.595143e-06
1.026998e-07
8.1912733e-06
1.0976749e-07
7.7844425e-06
1.1364515e-07
7.3835265e-06
1.1572337e-07
6.9948819e-06
1.1599587e-07
6.6179544e-06
1.1577698e-07
6.2442564e-06
1.1757765e-07
5.8592996e-06
1.2531112e-07
5.4350879e-06
1.4487561e-07
4.9152731e-06
1.8882538e-07
4.3010932e-06
2.7941012e-07
3.8366867e-06
4.3983436e-07
3.8049166e-06
6.6276078e-07
4.532992e-06
1.0226196e-06
5.6986852e-06
1.6952791e-06
6.7106283e-06
2.6965442e-06
7.4988503e-06
3.525122e-06
8.1213338e-06
4.0910856e-06
8.6469099e-06
4.4127053e-06
9.1060325e-06
4.5478258e-06
9.5023818e-06
4.5445466e-06
9.8165285e-06
4.4604804e-06
1.003657e-05
4.3212331e-06
1.0153819e-05
4.1504019e-06
1.0180212e-05
3.9431683e-06
1.0150235e-05
3.7072055e-06
1.0173814e-05
3.439362e-06
1.0563139e-05
3.1103145e-06
2.4498705e-06
9.6199596e-06
-3.1012737e-07
3.0434992e-08
9.9236523e-06
-2.7001417e-07
4.6500195e-08
1.0206311e-05
-2.6181013e-07
4.7445184e-08
1.0441248e-05
-2.258716e-07
4.0615512e-08
1.0622209e-05
-1.8310692e-07
2.7962755e-08
1.0762606e-05
-1.5082595e-07
7.0646546e-09
1.0862937e-05
-1.3770278e-07
-1.8784892e-08
1.0935964e-05
-1.4609694e-07
-5.297755e-08
1.099022e-05
-1.8161412e-07
-1.002773e-07
1.1034451e-05
-2.5206552e-07
-1.6523448e-07
1.1077822e-05
-3.6742621e-07
-2.533104e-07
1.1131809e-05
-5.3799119e-07
-3.689108e-07
1.1215823e-05
-7.7499647e-07
-5.1160906e-07
1.1414509e-05
-1.1464029e-06
-6.8012445e-07
1.1724012e-05
-1.539938e-06
-8.4454883e-07
1.2095622e-05
-1.8747691e-06
-9.8963834e-07
1.2436546e-05
-2.0502647e-06
-1.1319545e-06
1.2669022e-05
-2.0487282e-06
-1.2895529e-06
1.276973e-05
-1.9301688e-06
-1.4608169e-06
1.2770509e-05
-1.7785731e-06
-1.6280965e-06
1.2720606e-05
-1.6443233e-06
-1.7702021e-06
1.266072e-05
-1.5373401e-06
-1.879027e-06
1.2615067e-05
-1.4544882e-06
-1.9492004e-06
1.2598064e-05
-1.3940908e-06
-1.9776323e-06
1.2621944e-05
-1.3562093e-06
-1.9627317e-06
1.2691316e-05
-1.3300275e-06
-1.901107e-06
1.2790782e-05
-1.2909039e-06
-1.7805638e-06
1.2870917e-05
-1.1833538e-06
-1.5935938e-06
1.2811393e-05
-8.6446526e-07
-1.3654075e-06
7.3091854e-08
-1.1293458e-06
9.2361527e-06
-2.328592e-07
3.4213515e-08
9.3582064e-06
-3.4956257e-07
5.9044967e-08
9.5072608e-06
-3.7258816e-07
6.8245817e-08
9.6969229e-06
-3.7732703e-07
6.8459246e-08
9.9232069e-06
-3.7028119e-07
6.2290867e-08
1.0173851e-05
-3.6149721e-07
4.8570874e-08
1.0439825e-05
-3.6305111e-07
2.5150072e-08
1.0720162e-05
-3.8501599e-07
-1.0869181e-08
1.1017752e-05
-4.3873596e-07
-6.4875178e-08
1.1332373e-05
-5.4323988e-07
-1.4108163e-07
1.1676324e-05
-7.1891239e-07
-2.4702166e-07
1.2067318e-05
-9.9392824e-07
-3.8683569e-07
1.2532679e-05
-1.4054333e-06
-5.5614573e-07
1.305499e-05
-1.9753939e-06
-7.2913084e-07
1.3622431e-05
-2.5716801e-06
-8.7402828e-07
1.4136817e-05
-2.9499332e-06
-1.0064719e-06
1.4487525e-05
-2.9246001e-06
-1.1804839e-06
1.462628e-05
-2.5702249e-06
-1.4042675e-06
1.4574807e-05
-2.0907355e-06
-1.6484836e-06
1.4414507e-05
-1.6843416e-06
-1.8815024e-06
1.4219012e-05
-1.4009437e-06
-2.0797081e-06
1.4008086e-05
-1.1914884e-06
-2.2256682e-06
1.3784087e-05
-1.0417835e-06
-2.3002737e-06
1.3556323e-05
-9.628083e-07
-2.2894874e-06
1.3363102e-05
-9.8026116e-07
-2.1850562e-06
1.3263534e-05
-1.0848756e-06
-1.9862719e-06
1.334725e-05
-1.2666401e-06
-1.6812901e-06
1.3846188e-05
-1.5391567e-06
-1.3100619e-06
1.5509509e-05
-1.968413e-06
-1.1424385e-06
-2.3593292e-06
-1.3457601e-06
9.2956058e-06
-2.1365799e-07
3.4899754e-08
9.2756186e-06
-2.8474981e-07
6.0946568e-08
9.2444149e-06
-2.9974196e-07
7.2308196e-08
9.2141671e-06
-3.0308469e-07
7.5491563e-08
9.1957961e-06
-3.018606e-07
7.3362048e-08
9.1927264e-06
-2.9848393e-07
6.5338892e-08
9.2044954e-06
-2.9907812e-07
5.0267656e-08
9.2307917e-06
-3.1084624e-07
2.7745167e-08
9.2704995e-06
-3.4258072e-07
-7.2248299e-10
9.3366288e-06
-4.0881527e-07
-5.5094604e-08
9.4375862e-06
-5.3938384e-07
-1.2929238e-07
9.5880943e-06
-7.7849632e-07
-2.3698409e-07
9.8084349e-06
-1.1873182e-06
-3.7852917e-07
1.0118912e-05
-1.7937833e-06
-5.1700877e-07
1.0479536e-05
-2.4051965e-06
-5.8059823e-07
1.079392e-05
-2.6804046e-06
-5.3873203e-07
1.1067765e-05
-2.404081e-06
-4.4119889e-07
1.1219225e-05
-1.7428188e-06
-3.0992296e-07
1.1245334e-05
-9.8309441e-07
-2.3920278e-07
1.1165565e-05
-3.0420187e-07
-3.0636821e-07
1.1073805e-05
8.0141021e-08
-3.7283271e-07
1.1003364e-05
2.4782446e-07
-3.3347486e-07
1.093614e-05
2.7831959e-07
-1.8188962e-07
1.0871038e-05
2.2933227e-07
-1.1617998e-08
1.0754855e-05
7.1891013e-08
2.0605759e-07
1.0585773e-05
-1.5971731e-07
4.1602368e-07
1.0424888e-05
-5.2241594e-07
6.4408792e-07
1.0403771e-05
-9.2639039e-07
7.3902543e-07
1.1039024e-05
-1.3654655e-06
2.9846851e-07
-1.7366913e-06
-9.1700851e-07
9.1002563e-06
3.3907033e-08
8.8594147e-06
5.8791185e-08
8.6001618e-06
6.9278049e-08
8.3390244e-06
7.1697498e-08
8.0841013e-06
6.8785525e-08
7.8416007e-06
6.0012096e-08
7.6138893e-06
4.4410017e-08
7.3988745e-06
2.1745796e-08
7.1914247e-06
-9.8200754e-09
6.9907653e-06
-6.3280661e-08
6.7758896e-06
-1.3568288e-07
6.5197853e-06
-2.4298217e-07
6.1931556e-06
-4.2087262e-07
5.7770086e-06
-7.1512273e-07
5.3735466e-06
-9.8005389e-07
5.1537868e-06
-7.6627533e-07
5.1690214e-06
2.7643541e-07
5.2210435e-06
1.7292519e-06
5.3376952e-06
2.9899185e-06
5.6739315e-06
3.7706783e-06
6.1179259e-06
4.1828292e-06
6.5598422e-06
4.3494539e-06
6.9283775e-06
4.3693372e-06
7.2065223e-06
4.2715261e-06
7.3806492e-06
4.0473233e-06
7.4943041e-06
3.6690561e-06
7.529476e-06
3.1490891e-06
7.5661194e-06
2.4759502e-06
8.3009589e-06
1.0097196e-06
-1.3663603e-06
9.5971404e-06
-3.1207858e-07
1.4327962e-08
9.8913447e-06
-2.706961e-07
2.298243e-08
1.0172739e-05
-2.5899011e-07
2.5046046e-08
1.040948e-05
-2.1867368e-07
2.255898e-08
1.0591933e-05
-1.7152359e-07
1.7046208e-08
1.072479e-05
-1.3475009e-07
8.9672849e-09
1.0819463e-05
-1.1169044e-07
-1.761684e-09
1.0883489e-05
-1.0293691e-07
-1.4070076e-08
1.092341e-05
-1.1071876e-07
-2.9494222e-08
1.0945731e-05
-1.4029063e-07
-4.728472e-08
1.095963e-05
-2.0142685e-07
-6.5778173e-08
1.0981415e-05
-3.1027154e-07
-8.0312605e-08
1.1041471e-05
-4.9169901e-07
-7.9599633e-08
1.1232874e-05
-8.2166997e-07
-4.9222954e-08
1.1514904e-05
-1.1498571e-06
2.3883822e-08
1.177594e-05
-1.4079297e-06
1.575528e-07
1.1965132e-05
-1.5980579e-06
2.7681641e-07
1.2076758e-05
-1.7679995e-06
3.6632948e-07
1.2118178e-05
-1.9302583e-06
4.2715863e-07
1.2103416e-05
-2.0871092e-06
4.7261423e-07
1.2057874e-05
-2.2452185e-06
5.1921812e-07
1.1998356e-05
-2.3992922e-06
5.7837068e-07
1.1927586e-05
-2.5321272e-06
6.5227129e-07
1.1842242e-05
-2.6284828e-06
7.3475114e-07
1.1746373e-05
-2.6873179e-06
8.1892257e-07
1.1673193e-05
-2.7309985e-06
9.0132195e-07
1.1701018e-05
-2.7773345e-06
9.6680506e-07
1.1952756e-05
-2.7921866e-06
9.4403335e-07
1.2357566e-05
-2.4244996e-06
6.4999414e-07
-1.1948375e-06
-4.521697e-08
9.207853e-06
-2.3272866e-07
1.5979234e-08
9.3167194e-06
-3.4877544e-07
2.8258428e-08
9.4624351e-06
-3.6976539e-07
3.3306721e-08
9.6512274e-06
-3.7096814e-07
3.1962498e-08
9.8756666e-06
-3.5887717e-07
2.5205835e-08
1.0120231e-05
-3.4322454e-07
1.2481086e-08
1.0375055e-05
-3.3407761e-07
-7.2863983e-09
1.0635654e-05
-3.3897509e-07
-3.5428959e-08
1.0901666e-05
-3.6656376e-07
-7.5036912e-08
1.1177281e-05
-4.2902675e-07
-1.2793916e-07
1.1475736e-05
-5.5235808e-07
-1.9448128e-07
1.1826844e-05
-7.7968805e-07
-2.6836472e-07
1.2281653e-05
-1.1746728e-06
-3.2764895e-07
1.2797312e-05
-1.7365752e-06
-3.2950796e-07
1.3253662e-05
-2.19732e-06
-2.8283788e-07
1.3486278e-05
-2.3652596e-06
-2.8200854e-07
1.3487147e-05
-2.3938512e-06
-3.8600751e-07
1.3335318e-05
-2.4330118e-06
-5.8801403e-07
1.3066403e-05
-2.4568842e-06
-8.5362655e-07
1.271364e-05
-2.4826053e-06
-1.133994e-06
1.2307385e-05
-2.5471904e-06
-1.372311e-06
1.1855301e-05
-2.6434042e-06
-1.530434e-06
1.1350896e-05
-2.7337096e-06
-1.5954365e-06
1.0789377e-05
-2.7887682e-06
-1.569059e-06
1.01777e-05
-2.8213985e-06
-1.4409387e-06
9.5949803e-06
-2.9217118e-06
-1.2147926e-06
9.2951527e-06
-3.1766618e-06
-9.8412531e-07
9.7409265e-06
-3.6138867e-06
-9.3548763e-07
1.1299544e-05
-3.725906e-06
-1.4016519e-06
-2.9940675e-06
-2.3077703e-06
9.2683024e-06
-2.1336581e-07
1.6195026e-08
9.2358299e-06
-2.8416748e-07
2.8810656e-08
9.201904e-06
-2.9813877e-07
3.4606939e-08
9.172312e-06
-2.9997474e-07
3.4089732e-08
9.1556532e-06
-2.9672009e-07
2.786329e-08
9.1532777e-06
-2.9047477e-07
1.4964178e-08
9.1622819e-06
-2.8648634e-07
-6.3281586e-09
9.18013e-06
-2.9080214e-07
-3.8275752e-08
9.2087215e-06
-3.1042313e-07
-8.5453705e-08
9.2389474e-06
-3.6056496e-07
-1.5377845e-07
9.2733902e-06
-4.6910246e-07
-2.4697911e-07
9.3182573e-06
-6.9501041e-07
-3.6649942e-07
9.4153914e-06
-1.154659e-06
-4.9565464e-07
9.5752248e-06
-1.8568603e-06
-5.5700191e-07
9.5386773e-06
-2.2514568e-06
-4.9126784e-07
9.121347e-06
-2.0274501e-06
-4.6054175e-07
8.5470972e-06
-1.6726104e-06
-5.8905762e-07
8.1222577e-06
-1.5352986e-06
-7.8353209e-07
7.6971912e-06
-1.2159947e-06
-1.0556681e-06
7.1955602e-06
-9.3743905e-07
-1.3504699e-06
6.6234254e-06
-7.9857466e-07
-1.5499474e-06
6.0172986e-06
-8.0107443e-07
-1.5705009e-06
5.4204931e-06
-9.0091386e-07
-1.4189472e-06
4.8587578e-06
-1.078186e-06
-1.161782e-06
4.3684599e-06
-1.312107e-06
-8.1459827e-07
4.0230451e-06
-1.6560099e-06
-5.0630126e-07
4.0627256e-06
-2.1466668e-06
-4.2733925e-07
4.6560996e-06
-2.8672185e-06
-6.018039e-07
5.85474e-06
-3.0821621e-06
-1.5435129e-06
-2.0820616e-06
-3.1935605e-06
9.0736941e-06
1.5799428e-08
8.8204023e-06
2.791509e-08
8.5582831e-06
3.325817e-08
8.297688e-06
3.2317434e-08
8.0441514e-06
2.5601758e-08
7.801768e-06
1.19203e-08
7.5700555e-06
-1.0364229e-08
7.3457271e-06
-4.4728341e-08
7.1232608e-06
-9.7777379e-08
6.8793324e-06
-1.7991802e-07
6.5815116e-06
-3.0696596e-07
6.156182e-06
-5.1267621e-07
5.4500732e-06
-8.696231e-07
4.3117452e-06
-1.4358701e-06
2.9648555e-06
-1.8900548e-06
1.9788207e-06
-1.8109391e-06
1.9318241e-06
-1.3497656e-06
2.0959952e-06
2.7854145e-08
2.3681765e-06
1.4986711e-06
2.7460528e-06
2.4520629e-06
3.1744261e-06
2.9532019e-06
3.5536046e-06
3.1671363e-06
3.8074416e-06
3.2129985e-06
3.8546585e-06
3.1448335e-06
3.6658619e-06
2.9229465e-06
3.3235443e-06
2.3546048e-06
2.8794694e-06
1.4460448e-06
2.4387566e-06
4.8711118e-08
2.0782652e-06
-1.7101339e-06
-4.0820687e-06
9.5913738e-06
-3.1234759e-07
4.2556402e-09
9.877851e-06
-2.7037347e-07
6.8669576e-09
1.0152893e-05
-2.5698717e-07
6.9934339e-09
1.0384194e-05
-2.1374742e-07
5.0122647e-09
1.0561423e-05
-1.6165827e-07
1.4861686e-09
1.0691226e-05
-1.1688042e-07
-3.9450779e-09
1.0782756e-05
-8.2364595e-08
-1.0919648e-08
1.0845137e-05
-5.6936825e-08
-1.9510282e-08
1.0886229e-05
-4.0541612e-08
-3.0036277e-08
1.0917188e-05
-3.5964934e-08
-4.2247787e-08
1.0957768e-05
-5.1635093e-08
-5.4617609e-08
1.104725e-05
-1.0738255e-07
-6.2116752e-08
1.1249297e-05
-2.2937956e-07
-5.1654829e-08
1.1612811e-05
-4.082564e-07
-3.8991845e-09
1.1977998e-05
-4.1220386e-07
7.0918872e-08
1.2243867e-05
-2.6588702e-07
1.5689009e-07
1.2399628e-05
-1.2476357e-07
2.4458719e-07
1.2496078e-05
-7.4805027e-08
3.4304936e-07
1.256871e-05
-1.07805e-07
4.6029908e-07
1.2639918e-05
-2.0537648e-07
6.0428578e-07
1.2716112e-05
-3.4547225e-07
7.8544642e-07
1.2786551e-05
-5.0172727e-07
1.0059686e-06
1.2836538e-05
-6.6134239e-07
1.2592187e-06
1.2865742e-05
-8.2625409e-07
1.5264946e-06
1.2888899e-05
-9.8372288e-07
1.7728924e-06
1.2899367e-05
-1.066885e-06
1.9490962e-06
1.2800272e-05
-9.4234701e-07
1.996335e-06
1.2389215e-05
-5.0929141e-07
1.8487085e-06
1.1149541e-05
4.5240041e-07
1.4241626e-06
2.6213249e-06
6.8761055e-07
9.2001775e-06
-2.3256807e-07
4.9908808e-09
9.2971977e-06
-3.482827e-07
9.1478522e-09
9.4313875e-06
-3.6828087e-07
1.0411942e-08
9.6085525e-06
-3.6739923e-07
8.4506289e-09
9.8200471e-06
-3.5141878e-07
3.4727334e-09
1.0050084e-05
-3.2909297e-07
-5.3426815e-09
1.0288192e-05
-3.0923522e-07
-1.8522387e-08
1.0530316e-05
-2.9778329e-07
-3.6701897e-08
1.0777746e-05
-3.018413e-07
-6.1154297e-08
1.1041876e-05
-3.357979e-07
-9.2196281e-08
1.1354112e-05
-4.3117327e-07
-1.2707367e-07
1.1783464e-05
-6.4941582e-07
-1.5543259e-07
1.2440066e-05
-1.0619971e-06
-1.5118829e-07
1.3209843e-05
-1.4281646e-06
-7.9189036e-08
1.3826419e-05
-1.3082037e-06
-3.6578789e-09
1.4206509e-05
-9.5482205e-07
2.6355093e-08
1.4404794e-05
-7.1765516e-07
7.9765245e-09
1.4474242e-05
-6.8131446e-07
-5.1762502e-08
1.4427172e-05
-7.8520124e-07
-1.3024273e-07
1.42952e-05
-9.7514257e-07
-2.3371735e-07
1.4084833e-05
-1.1794831e-06
-3.2982471e-07
1.3777325e-05
-1.3532446e-06
-3.7365001e-07
1.3355684e-05
-1.4938259e-06
-3.4370702e-07
1.2846395e-05
-1.6390537e-06
-2.493177e-07
1.2360157e-05
-1.8091033e-06
-1.3151882e-07
1.2084978e-05
-1.9428841e-06
-6.5542059e-08
1.2082258e-05
-1.7700854e-06
-1.5464538e-07
1.2180233e-05
-1.0646058e-06
-4.7753663e-07
1.2009885e-05
2.529612e-07
-1.0519945e-06
2.0630322e-06
-1.8233969e-06
9.2609642e-06
-2.1336999e-07
4.9933184e-09
9.2165367e-06
-2.842254e-07
9.1803344e-09
9.1701882e-06
-2.9789329e-07
1.0567317e-08
9.127135e-06
-2.9889895e-07
8.6422921e-09
9.0943352e-06
-2.9412186e-07
3.3655982e-09
9.0723461e-06
-2.8540704e-07
-6.7330069e-09
9.0570706e-06
-2.776329e-07
-2.2655219e-08
9.043758e-06
-2.766977e-07
-4.6048565e-08
9.0272782e-06
-2.9088869e-07
-7.9925173e-08
9.0035944e-06
-3.3794366e-07
-1.2794332e-07
8.9777658e-06
-4.5913795e-07
-1.9316924e-07
8.989229e-06
-7.5665289e-07
-2.7068679e-07
9.2050632e-06
-1.4447658e-06
-3.2877726e-07
9.5791325e-06
-2.0949957e-06
-2.6558561e-07
9.5727493e-06
-1.6447315e-06
-1.4966451e-07
9.1125287e-06
-7.9030525e-07
-1.6498768e-07
8.5339664e-06
-4.6155079e-07
-2.6593828e-07
7.8613749e-06
-3.2744145e-07
-4.6401092e-07
7.1998561e-06
-4.5358495e-07
-7.252199e-07
6.5168094e-06
-6.2571839e-07
-1.0168418e-06
5.8128505e-06
-8.0545112e-07
-1.2205267e-06
5.1045066e-06
-9.9946191e-07
-1.2165094e-06
4.3955546e-06
-1.1838039e-06
-1.0201912e-06
3.7526156e-06
-1.3849264e-06
-7.7277969e-07
3.3791066e-06
-1.6621554e-06
-5.8792989e-07
3.5684966e-06
-2.0542266e-06
-5.8492347e-07
4.4328691e-06
-2.0936684e-06
-9.6944694e-07
5.5308537e-06
-1.1550594e-06
-1.6095343e-06
6.2206303e-06
3.8128385e-07
-2.3613595e-06
1.7845278e-06
-3.0778556e-06
9.0665628e-06
4.8189156e-09
8.801506e-06
8.7461395e-09
8.5270264e-06
9.8441551e-09
8.2528552e-06
7.5892927e-09
7.9823419e-06
1.99285e-09
7.7181927e-06
-9.3379598e-09
7.457217e-06
-2.7021795e-08
7.1899148e-06
-5.41243e-08
6.897313e-06
-9.6064854e-08
6.5420296e-06
-1.6257904e-07
6.0484484e-06
-2.7252556e-07
5.2467346e-06
-4.676528e-07
3.7855314e-06
-8.537874e-07
1.6792549e-06
-1.4311044e-06
-4.1076725e-07
-1.4530276e-06
-1.8400794e-06
-1.1715499e-06
-2.7315255e-06
-9.1820393e-07
-2.5888143e-06
-4.4090196e-07
-1.8930151e-06
3.4626636e-07
-1.1076262e-06
1.0371447e-06
-4.4736767e-07
1.4842141e-06
-1.5516585e-08
1.7333985e-06
1.5974718e-07
1.8527257e-06
1.1789726e-08
1.9062479e-06
-5.2586564e-07
1.7972692e-06
-1.1931632e-06
9.6506683e-07
-1.534864e-06
-3.0932195e-07
-8.2273814e-07
-1.8191023e-06
8.2569599e-07
-2.976118e-06
-3.6813777e-06
9.5880866e-06
-3.1277365e-07
-2.1040267e-09
9.8702347e-06
-2.7116528e-07
-4.1291558e-09
1.0141265e-05
-2.5788973e-07
-6.1471601e-09
1.0369068e-05
-2.1455394e-07
-8.2284166e-09
1.0543213e-05
-1.6217764e-07
-1.0467977e-08
1.0669374e-05
-1.1705756e-07
-1.303176e-08
1.0756745e-05
-8.2282209e-08
-1.5989648e-08
1.0813937e-05
-5.7193361e-08
-1.9487042e-08
1.0850202e-05
-4.2548712e-08
-2.3722075e-08
1.0880141e-05
-4.3262398e-08
-2.8862771e-08
1.0933425e-05
-7.2985914e-08
-3.4768423e-08
1.1071409e-05
-1.5952534e-07
-4.0243903e-08
1.1377245e-05
-3.1505313e-07
-4.1915018e-08
1.1818326e-05
-4.0767895e-07
-3.7140699e-08
1.2193806e-05
-2.7168269e-07
-3.3391979e-08
1.2459242e-05
-7.6049307e-08
-3.3623106e-08
1.2652229e-05
8.887877e-08
-3.8350436e-08
1.2809149e-05
2.3382885e-07
-4.8729761e-08
1.2971323e-05
3.6452248e-07
-6.7408737e-08
1.3167902e-05
5.021236e-07
-9.5451399e-08
1.3399101e-05
6.8474616e-07
-1.3161074e-07
1.3625272e-05
9.4889186e-07
-1.7037309e-07
1.3794253e-05
1.291546e-06
-2.0287057e-07
1.38628e-05
1.6796881e-06
-2.2374302e-07
1.3793045e-05
2.0729738e-06
-2.3297877e-07
1.3513718e-05
2.456251e-06
-2.3140216e-07
1.2868486e-05
2.8524291e-06
-2.1568054e-07
1.1591533e-05
3.2969e-06
-1.7752831e-07
9.253558e-06
3.863483e-06
-1.0890619e-07
4.9326717e-06
-3.9513409e-08
9.1956664e-06
-2.3271208e-07
-1.7684572e-09
9.28598e-06
-3.4864967e-07
-3.6809249e-09
9.4129926e-06
-3.6876009e-07
-5.729019e-09
9.5827648e-06
-3.6784749e-07
-8.0265263e-09
9.7864436e-06
-3.5166047e-07
-1.0721654e-08
1.0007031e-05
-3.2894033e-07
-1.404548e-08
1.0233189e-05
-3.0883901e-07
-1.8121296e-08
1.0460525e-05
-2.9811522e-07
-2.3109901e-08
1.0692e-05
-3.0597381e-07
-2.9189641e-08
1.0945529e-05
-3.5236185e-07
-3.6588506e-08
1.127198e-05
-4.8177984e-07
-4.4632985e-08
1.178452e-05
-7.7723574e-07
-5.0042596e-08
1.2627382e-05
-1.2641593e-06
-4.4647393e-08
1.3406815e-05
-1.2389791e-06
-2.7406239e-08
1.3957617e-05
-8.0725751e-07
-1.920975e-08
1.4373505e-05
-4.4535085e-07
-2.0735285e-08
1.4713652e-05
-2.1795595e-07
-2.7488624e-08
1.4973331e-05
-4.2071094e-08
-3.987189e-08
1.5201396e-05
6.0368267e-08
-6.0652168e-08
1.5456979e-05
9.0578167e-08
-8.7332285e-08
1.5759376e-05
1.5579986e-07
-1.1653162e-07
1.6026038e-05
4.3177267e-07
-1.3977524e-07
1.6198276e-05
9.0020555e-07
-1.4331504e-07
1.6233496e-05
1.5060562e-06
-1.3033459e-07
1.6097371e-05
2.173048e-06
-1.1452949e-07
1.5695701e-05
2.8724026e-06
-9.8292993e-08
1.4803174e-05
3.6450493e-06
-7.2350801e-08
1.3155643e-05
4.4698123e-06
-2.0378772e-08
1.0417883e-05
5.4462237e-06
8.4991358e-08
6.8025103e-06
2.1875771e-07
9.2564278e-06
-2.1343156e-07
-1.754428e-09
9.2050273e-06
-2.8442029e-07
-3.649075e-09
9.1506941e-06
-2.9815831e-07
-5.7017577e-09
9.0986989e-06
-2.9916448e-07
-8.0459246e-09
9.0556517e-06
-2.9436426e-07
-1.0883943e-08
9.0200808e-06
-2.8554752e-07
-1.4555273e-08
8.985898e-06
-2.7802625e-07
-1.9285513e-08
8.9457456e-06
-2.7854544e-07
-2.5465933e-08
8.8914262e-06
-2.979214e-07
-3.3657283e-08
8.816811e-06
-3.6046497e-07
-4.5220569e-08
8.7309864e-06
-5.2803434e-07
-6.1076184e-08
8.72941e-06
-9.6754942e-07
-7.8772065e-08
9.2209618e-06
-2.0115323e-06
-7.3183395e-08
9.5178307e-06
-1.7621785e-06
-4.0455723e-08
9.2834051e-06
-6.9495432e-07
-2.779392e-08
9.027752e-06
-3.0472315e-07
-4.9355899e-08
8.6359106e-06
-1.4072703e-08
-7.6961801e-08
8.1405734e-06
1.0567909e-07
-1.1561327e-07
7.6350955e-06
1.0884819e-08
-1.708115e-07
7.1021865e-06
-1.6227939e-07
-2.3305843e-07
6.7543616e-06
-4.5759258e-07
-2.6253714e-07
6.8803078e-06
-6.8499047e-07
-2.2881594e-07
7.6122966e-06
-7.1603275e-07
-1.3842668e-07
8.8015844e-06
-4.2406911e-07
-3.4663913e-08
1.0101084e-05
1.9943432e-07
7.8443907e-08
1.1046915e-05
1.1440202e-06
1.8577775e-07
1.1214271e-05
2.2218778e-06
2.7094761e-07
1.0469162e-05
3.1929989e-06
3.9375964e-07
8.5977915e-06
4.3878448e-06
5.4645158e-07
5.9428426e-06
6.7940761e-07
9.0620544e-06
-1.7147533e-09
8.7899376e-06
-3.5576879e-09
8.5071895e-06
-5.566455e-09
8.223501e-06
-7.8870614e-09
7.9418895e-06
-1.0760276e-08
7.6616571e-06
-1.4653481e-08
7.3764392e-06
-1.9830555e-08
7.0707086e-06
-2.6939656e-08
6.7141493e-06
-3.7427483e-08
6.2453925e-06
-5.4288175e-08
5.5277974e-06
-8.2969682e-08
4.2263304e-06
-1.338063e-07
1.5799889e-06
-2.2013616e-07
-1.3721799e-06
-2.5317459e-07
-3.4099611e-06
-1.1199562e-07
-4.81525e-06
-7.1753725e-08
-5.6923431e-06
-5.6290998e-08
-6.0126463e-06
-1.6304892e-08
-5.7052604e-06
4.8187258e-08
-4.9808735e-06
1.477678e-07
-4.219141e-06
2.6220305e-07
-3.5569925e-06
3.8438555e-07
-2.9222398e-06
5.0126164e-07
-2.0164696e-06
5.7689284e-07
-5.7194698e-07
5.553501e-07
1.0332958e-06
5.0103951e-07
2.0971908e-06
8.4300777e-07
2.4235796e-06
1.0389586e-06
2.6631531e-06
1.1635523e-06
1.206506e-06
9.587828e-06
-3.1275148e-07
-8.2280134e-09
9.8696773e-06
-2.7130624e-07
-1.4687022e-08
1.0140286e-05
-2.5815575e-07
-1.8601678e-08
1.0367465e-05
-2.1495668e-07
-2.0443861e-08
1.0540565e-05
-1.6275642e-07
-2.0798611e-08
1.0665402e-05
-1.1788332e-07
-1.996715e-08
1.075098e-05
-8.3567482e-08
-1.7981922e-08
1.0805669e-05
-5.9307415e-08
-1.4856529e-08
1.0838812e-05
-4.6023693e-08
-1.0848852e-08
1.0866196e-05
-4.9525555e-08
-6.7735939e-09
1.0920896e-05
-8.5570475e-08
-4.0569501e-09
1.1071068e-05
-1.843521e-07
-6.4386197e-09
1.140382e-05
-3.4853151e-07
-2.6661793e-08
1.1845817e-05
-3.9191167e-07
-8.7306086e-08
1.220611e-05
-2.2393494e-07
-1.6920282e-07
1.2454401e-05
-2.8126075e-08
-2.5275278e-07
1.2627519e-05
1.3229899e-07
-3.427736e-07
1.2755187e-05
2.7412296e-07
-4.4952958e-07
1.2876712e-05
3.9018171e-07
-5.7809847e-07
1.3024927e-05
4.8825169e-07
-7.3086314e-07
1.3215319e-05
5.8850554e-07
-9.0941332e-07
1.3425133e-05
7.3648106e-07
-1.1155471e-06
1.360044e-05
9.6894099e-07
-1.3459899e-06
1.3688333e-05
1.2762975e-06
-1.5868343e-06
1.3647353e-05
1.6173869e-06
-1.808371e-06
1.3411671e-05
1.9671076e-06
-1.9619428e-06
1.2836627e-05
2.3406032e-06
-1.9804571e-06
1.1659419e-05
2.8045789e-06
-1.8041446e-06
9.4726155e-06
3.4630437e-06
-1.3843866e-06
4.7282048e-06
-6.4704416e-07
9.1955397e-06
-2.3272014e-07
-8.3708374e-09
9.2854497e-06
-3.4871539e-07
-1.6181431e-08
9.4118183e-06
-3.6893575e-07
-2.1316217e-08
9.5805861e-06
-3.6816744e-07
-2.3581917e-08
9.7825376e-06
-3.5220111e-07
-2.3226593e-08
1.000067e-05
-3.2990146e-07
-2.0157547e-08
1.0223458e-05
-3.1060763e-07
-1.3868324e-08
1.0446411e-05
-3.0144795e-07
-3.92582e-09
1.0671948e-05
-3.1237565e-07
1.1611489e-08
1.0919276e-05
-3.6591308e-07
3.2424148e-08
1.1245231e-05
-5.1187197e-07
5.5583433e-08
1.1780922e-05
-8.4049751e-07
7.0112032e-08
1.2683312e-05
-1.3505669e-06
5.4633798e-08
1.3416982e-05
-1.1413526e-06
-1.1648728e-08
1.3956482e-05
-6.926479e-07
-8.9786637e-08
1.4362346e-05
-3.612837e-07
-9.3074341e-08
1.467817e-05
-1.4199821e-07
-6.7419975e-08
1.4898921e-05
3.8274222e-08
-2.1757892e-08
1.5088419e-05
9.6782168e-08
4.8184949e-08
1.5295164e-05
6.1332818e-08
1.4063505e-07
1.5564281e-05
-2.885274e-08
2.443743e-07
1.5866433e-05
-5.5359996e-09
3.1920209e-07
1.6100548e-05
2.9236058e-07
3.2216725e-07
1.6188809e-05
8.3632705e-07
2.4703325e-07
1.6112469e-05
1.4774483e-06
1.2829648e-07
1.5791616e-05
2.1746568e-06
4.0709998e-08
1.5054386e-05
2.8917947e-06
1.3721584e-07
1.3611909e-05
3.729428e-06
5.1746927e-07
1.1237079e-05
4.7979677e-06
1.1407312e-06
6.2898696e-06
1.8678888e-06
9.2562747e-06
-2.134475e-07
-8.3411761e-09
9.2045157e-06
-2.8446523e-07
-1.614076e-08
9.1495311e-06
-2.9826182e-07
-2.1391539e-08
9.0964062e-06
-2.9935401e-07
-2.3734957e-08
9.0511791e-06
-2.9469355e-07
-2.3164868e-08
9.0122215e-06
-2.8622596e-07
-1.9273504e-08
8.9728534e-06
-2.7934759e-07
-1.1177867e-08
8.9250321e-06
-2.8107001e-07
1.9767939e-09
8.8566855e-06
-3.036474e-07
2.5959403e-08
8.7587975e-06
-3.7419702e-07
6.0946037e-08
8.6392149e-06
-5.6381648e-07
1.104333e-07
8.6222413e-06
-1.0692823e-06
1.6695746e-07
9.2896643e-06
-2.2775268e-06
1.8673188e-07
9.3661742e-06
-1.375207e-06
1.1737115e-07
9.1590519e-06
-5.5964461e-07
4.5742358e-08
8.8692623e-06
-1.833131e-07
6.0974047e-08
8.371926e-06
9.4909055e-08
1.8204522e-07
7.7090743e-06
2.0031592e-07
3.8439385e-07
6.9046939e-06
8.5849693e-08
6.4450153e-07
5.9142476e-06
-1.292636e-07
9.4869073e-07
4.8349836e-06
-4.108989e-07
1.1985497e-06
4.1028426e-06
-7.7552859e-07
1.2732655e-06
4.1728842e-06
-1.0352353e-06
1.1209281e-06
5.2125541e-06
-1.0354984e-06
7.9878351e-07
6.960141e-06
-6.6336895e-07
4.7509903e-07
8.72067e-06
2.052661e-07
4.0377326e-07
9.6970383e-06
1.2325866e-06
9.6637769e-07
9.7108509e-06
2.3371843e-06
1.786048e-06
8.8599739e-06
3.5765512e-06
2.6312515e-06
5.1260383e-06
3.3458878e-06
9.0618757e-06
-8.0856499e-09
8.7893758e-06
-1.5523407e-08
8.5059309e-06
-2.0383747e-08
8.2209768e-06
-2.2287323e-08
7.9366856e-06
-2.1163023e-08
7.6523139e-06
-1.6508093e-08
7.360488e-06
-7.3526393e-09
7.0429103e-06
9.5677119e-09
6.662026e-06
3.9809303e-08
6.1424874e-06
9.1053632e-08
5.3140992e-06
1.8160765e-07
3.7598649e-06
3.5125339e-07
5.5808628e-07
7.0597514e-07
-2.3308818e-06
1.2763551e-06
-4.2055146e-06
1.2034686e-06
-5.5182165e-06
1.0564794e-06
-6.3681015e-06
8.8721245e-07
-6.7078854e-06
5.2331651e-07
-6.4165485e-06
-1.571681e-07
-5.7555463e-06
-6.4080549e-07
-4.9827884e-06
-9.1927684e-07
-4.326005e-06
-1.0456139e-06
-3.7719334e-06
-1.0859461e-06
-3.168671e-06
-1.0604568e-06
-2.2849921e-06
-9.9153811e-07
-9.9421664e-07
-5.8623743e-07
3.2824883e-07
7.5497502e-07
1.3652042e-06
2.3425587e-06
2.5543409e-06
3.5557358e-06
4.3195357e-06
9.5905838e-06
-3.1228071e-07
-1.7579156e-08
9.8760864e-06
-2.7072672e-07
-2.9478724e-08
1.0149826e-05
-2.5765447e-07
-3.4689052e-08
1.0379468e-05
-2.1474607e-07
-3.5334582e-08
1.0554803e-05
-1.6304321e-07
-3.3076506e-08
1.0682124e-05
-1.1873487e-07
-2.853096e-08
1.0770855e-05
-8.4804817e-08
-2.1882624e-08
1.0829792e-05
-6.0374781e-08
-1.3391404e-08
1.0865741e-05
-4.6185161e-08
-5.9713384e-10
1.089247e-05
-4.5202231e-08
1.1683709e-08
1.0930951e-05
-6.777224e-08
2.5136498e-08
1.1025573e-05
-1.3619591e-07
3.4857815e-08
1.1244971e-05
-2.7652047e-07
2.992915e-08
1.1619519e-05
-4.5353912e-07
-8.6782482e-09
1.1981687e-05
-4.135437e-07
-1.1754711e-07
1.2222798e-05
-2.4590017e-07
-2.4696005e-07
1.2350324e-05
-1.0653779e-07
-3.6221874e-07
1.2417245e-05
-6.9426979e-08
-4.451423e-07
1.2464719e-05
-1.2770881e-07
-4.9573116e-07
1.2525648e-05
-2.6700141e-07
-5.2251036e-07
1.2614154e-05
-4.5702286e-07
-5.3862536e-07
1.2711034e-05
-6.5227799e-07
-5.5800614e-07
1.2777264e-05
-8.2014078e-07
-5.9014839e-07
1.2793176e-05
-9.6698635e-07
-6.3422917e-07
1.2779458e-05
-1.1105483e-06
-6.8325707e-07
1.2763036e-05
-1.2110318e-06
-7.345381e-07
1.2668748e-05
-1.1073535e-06
-7.7948707e-07
1.2259914e-05
-6.356442e-07
-7.6092412e-07
1.1032373e-05
3.5980167e-07
-5.1851626e-07
2.5848242e-06
1.2894647e-07
9.1996662e-06
-2.3259378e-07
-1.8755308e-08
9.2953654e-06
-3.4848129e-07
-3.4125699e-08
9.4275867e-06
-3.6878337e-07
-4.2407217e-08
9.6021029e-06
-3.6827739e-07
-4.4565097e-08
9.8103741e-06
-3.5278179e-07
-4.1756958e-08
1.0036254e-05
-3.3108645e-07
-3.3683325e-08
1.0268848e-05
-3.1220805e-07
-1.9057298e-08
1.0502885e-05
-3.0253038e-07
4.1915881e-09
1.0741487e-05
-3.1019948e-07
3.7012643e-08
1.0996831e-05
-3.5149056e-07
8.3329616e-08
1.130356e-05
-4.6190704e-07
1.4287811e-07
1.1738632e-05
-7.1004726e-07
2.0862428e-07
1.2426385e-05
-1.1664591e-06
2.5637436e-07
1.3217313e-05
-1.4957295e-06
2.3953417e-07
1.3779448e-05
-1.2492042e-06
1.8406876e-07
1.412109e-05
-8.7633719e-07
1.9626584e-07
1.427316e-05
-6.4337148e-07
3.1799247e-07
1.4270532e-05
-6.241205e-07
5.3625957e-07
1.4134494e-05
-7.647274e-07
8.2205811e-07
1.3896066e-05
-1.016718e-06
1.1297254e-06
1.3574908e-05
-1.2901672e-06
1.3998049e-06
1.3162629e-05
-1.5066666e-06
1.5873647e-06
1.26207e-05
-1.6273902e-06
1.6733235e-06
1.1950567e-05
-1.710059e-06
1.66259e-06
1.126857e-05
-1.8527797e-06
1.5552241e-06
1.085353e-05
-2.0902487e-06
1.3384106e-06
1.0850884e-05
-2.0748626e-06
1.1120774e-06
1.1093875e-05
-1.4133841e-06
1.0586218e-06
1.1295749e-05
-1.5792109e-07
1.4637343e-06
1.7672379e-06
2.3092452e-06
9.2603855e-06
-2.1342308e-07
-1.8936835e-08
9.2147432e-06
-2.8437793e-07
-3.4602285e-08
9.1664148e-06
-2.9822946e-07
-4.3617464e-08
9.1205288e-06
-2.9949552e-07
-4.6631284e-08
9.0841089e-06
-2.950671e-07
-4.4460063e-08
9.0569421e-06
-2.8677535e-07
-3.6418173e-08
9.0339294e-06
-2.7970607e-07
-2.0667764e-08
9.008129e-06
-2.8034161e-07
5.5874899e-09
8.9753312e-06
-2.9756101e-07
4.6116535e-08
8.9289029e-06
-3.5143163e-07
1.0730964e-07
8.8717414e-06
-4.8936258e-07
1.9503328e-07
8.8492876e-06
-8.3068101e-07
3.1000614e-07
9.0682267e-06
-1.6307675e-06
4.3219064e-07
9.4623175e-06
-2.2368283e-06
4.6608082e-07
9.2542345e-06
-1.3627713e-06
3.6827968e-07
8.752462e-06
-6.9867995e-07
3.8466126e-07
8.081489e-06
-3.5801107e-07
5.6616742e-07
7.2784177e-06
-2.4227728e-07
8.0388129e-07
6.4328547e-06
-4.0329218e-07
1.1271266e-06
5.5471379e-06
-6.5069839e-07
1.467393e-06
4.6701534e-06
-9.0958554e-07
1.6946561e-06
3.8697791e-06
-1.1612638e-06
1.728969e-06
3.1640624e-06
-1.3731875e-06
1.5742177e-06
2.5762821e-06
-1.6053664e-06
1.2843163e-06
2.2298095e-06
-1.9253661e-06
8.9734286e-07
2.5058897e-06
-2.4539665e-06
4.9640488e-07
3.5439327e-06
-2.6160278e-06
4.7624797e-07
4.9544692e-06
-1.7547962e-06
7.2594447e-07
6.1262604e-06
-2.3600903e-07
1.5487905e-06
1.1965009e-06
3.1230872e-06
9.065907e-06
-1.8463377e-08
8.7995478e-06
-3.3542547e-08
8.5229543e-06
-4.2020034e-08
8.2457086e-06
-4.4537466e-08
7.9713187e-06
-4.1840626e-08
7.7011555e-06
-3.3120628e-08
7.4302305e-06
-1.6134108e-08
7.1468991e-06
1.2557155e-08
6.8300427e-06
5.910444e-08
6.4337384e-06
1.3592609e-07
5.8639592e-06
2.6202637e-07
4.9083852e-06
4.7618798e-07
3.1220028e-06
8.6232935e-07
6.9382025e-07
1.4759643e-06
-1.3437514e-06
1.8872372e-06
-2.7352951e-06
1.7490347e-06
-3.576913e-06
1.3697525e-06
-3.2613316e-06
-3.5137777e-08
-2.4123057e-06
-1.4069322e-06
-1.4751521e-06
-2.2251747e-06
-6.6441595e-07
-2.6361681e-06
-6.8881565e-08
-2.7993809e-06
2.9240504e-07
-2.8181147e-06
3.6927301e-07
-2.7400521e-06
4.936807e-08
-2.5945902e-06
-7.8947645e-07
-2.1954301e-06
-1.4863833e-06
-1.1560978e-06
-1.1436491e-06
2.5421757e-07
2.7855363e-07
1.9033436e-06
4.3990389e-06
9.5960679e-06
-3.1195209e-07
-3.2742879e-08
9.8889057e-06
-2.7112144e-07
-5.1210196e-08
1.0168469e-05
-2.598134e-07
-5.443919e-08
1.0402852e-05
-2.1989843e-07
-4.981018e-08
1.0582464e-05
-1.7310524e-07
-3.9563762e-08
1.0713214e-05
-1.366516e-07
-2.2597289e-08
1.0801277e-05
-1.1481311e-07
4.9099499e-09
1.0859423e-05
-1.0670908e-07
3.5226046e-08
1.0893821e-05
-1.1498491e-07
8.0054941e-08
1.0909628e-05
-1.4675322e-07
1.4269912e-07
1.0918466e-05
-2.126238e-07
2.2896631e-07
1.0940457e-05
-3.3057429e-07
3.4337964e-07
1.101347e-05
-5.2821795e-07
4.8484434e-07
1.1234151e-05
-8.7881309e-07
6.4899483e-07
1.1521299e-05
-1.2079232e-06
8.0301933e-07
1.1774531e-05
-1.4389299e-06
9.3916112e-07
1.1932561e-05
-1.5944068e-06
1.0752809e-06
1.2002252e-05
-1.7443871e-06
1.2311965e-06
1.2009809e-05
-1.9070692e-06
1.4056901e-06
1.1982238e-05
-2.0735351e-06
1.5805322e-06
1.1949025e-05
-2.2367513e-06
1.7330996e-06
1.1921576e-05
-2.3799325e-06
1.8508599e-06
1.1887781e-05
-2.4808615e-06
1.9257142e-06
1.1831459e-05
-2.5326997e-06
1.9557514e-06
1.1754506e-05
-2.5505234e-06
1.9449415e-06
1.1691975e-05
-2.5665763e-06
1.8950056e-06
1.1722505e-05
-2.6044684e-06
1.7944509e-06
1.1946406e-05
-2.6148163e-06
1.6292663e-06
1.2273493e-05
-2.2657178e-06
1.4182756e-06
-1.0496887e-06
1.1721571e-06
9.2072016e-06
-2.3273469e-07
-3.6205624e-08
9.3142588e-06
-3.4900059e-07
-6.3303357e-08
9.4572364e-06
-3.7037278e-07
-7.4823953e-08
9.642316e-06
-3.7202336e-07
-7.7517633e-08
9.8620003e-06
-3.6045766e-07
-7.4085781e-08
1.0100482e-05
-3.4541297e-07
-6.3400096e-08
1.0346944e-05
-3.3716457e-07
-4.3163261e-08
1.0598628e-05
-3.4331796e-07
-1.0878785e-08
1.08541e-05
-3.7330959e-07
3.9865996e-08
1.111885e-05
-4.4175875e-07
1.1357045e-07
1.1407999e-05
-5.7581768e-07
2.1686463e-07
1.1756594e-05
-8.2438172e-07
3.5367433e-07
1.2224038e-05
-1.2569795e-06
5.1735837e-07
1.275755e-05
-1.8504548e-06
6.7733598e-07
1.3190377e-05
-2.2565603e-06
7.9996085e-07
1.3373017e-05
-2.3425154e-06
9.1770362e-07
1.3299944e-05
-2.2963048e-06
1.0936364e-06
1.307575e-05
-2.3156671e-06
1.3324334e-06
1.2753706e-05
-2.3604243e-06
1.5981271e-06
1.2377439e-05
-2.4188587e-06
1.8519558e-06
1.1978587e-05
-2.5021332e-06
2.0647242e-06
1.1557224e-05
-2.586048e-06
2.2157428e-06
1.1094134e-05
-2.6305882e-06
2.2874704e-06
1.0584043e-05
-2.6343496e-06
2.2763017e-06
1.0042792e-05
-2.6362678e-06
2.18507e-06
9.5428962e-06
-2.7392766e-06
2.0150588e-06
9.345069e-06
-3.0413247e-06
1.7523731e-06
9.8786309e-06
-3.4987396e-06
1.4163498e-06
1.1570706e-05
-3.7026916e-06
1.2178928e-06
-3.1221924e-06
1.3540629e-06
9.2675862e-06
-2.1342368e-07
-3.6873435e-08
9.2334921e-06
-2.8434797e-07
-6.5161262e-08
9.1968791e-06
-2.9853891e-07
-7.8838806e-08
9.1634006e-06
-3.0066505e-07
-8.4511479e-08
9.1413924e-06
-2.9777228e-07
-8.5137671e-08
9.1317118e-06
-2.920115e-07
-8.0139379e-08
9.1308499e-06
-2.888262e-07
-6.8144758e-08
9.1355712e-06
-2.9451101e-07
-4.7941538e-08
9.144855e-06
-3.1692988e-07
-1.954857e-08
9.1553971e-06
-3.7145838e-07
2.6462989e-08
9.1630871e-06
-4.9118851e-07
1.0270274e-07
9.1785262e-06
-7.4283518e-07
2.1299228e-07
9.2581479e-06
-1.2627681e-06
3.5834254e-07
9.4129911e-06
-2.0328332e-06
4.9419171e-07
9.2726855e-06
-2.2815993e-06
5.3522409e-07
8.7855741e-06
-1.9569002e-06
4.8765292e-07
8.0976635e-06
-1.435963e-06
3.9433741e-07
7.609095e-06
-1.3212025e-06
2.9805315e-07
7.1442678e-06
-1.0752354e-06
3.0662318e-07
6.6282203e-06
-8.7396531e-07
4.384394e-07
6.0803076e-06
-8.0099163e-07
5.4170136e-07
5.5399132e-06
-8.4633696e-07
5.3073331e-07
5.0425949e-06
-9.5961084e-07
4.0268514e-07
4.6585945e-06
-1.1217037e-06
1.5888653e-07
4.3603817e-06
-1.3529442e-06
-8.3359216e-08
4.1582054e-06
-1.7066666e-06
-3.2842462e-07
4.3871754e-06
-2.2306193e-06
-5.5693701e-07
5.1989828e-06
-2.9195801e-06
-6.5768364e-07
6.6399724e-06
-3.241628e-06
-3.4298684e-07
-2.527731e-06
5.9456832e-07
9.0728906e-06
-3.5825296e-08
8.81788e-06
-6.2880301e-08
8.5529364e-06
-7.5615657e-08
8.2881913e-06
-8.0457846e-08
8.0288088e-06
-8.0230695e-08
7.7780548e-06
-7.4378548e-08
7.5347027e-06
-6.1608622e-08
7.2934859e-06
-4.07375e-08
7.0476175e-06
-1.1957268e-08
6.7724657e-06
3.9619233e-08
6.4244971e-06
1.1880714e-07
5.9159252e-06
2.419376e-07
5.0603787e-06
4.5533987e-07
3.6938615e-06
8.124258e-07
2.1847695e-06
1.1214439e-06
1.0597326e-06
9.2184072e-07
1.1965009e-06
-2.0092231e-07
1.5931835e-06
-1.7525001e-06
2.0579459e-06
-2.9452504e-06
2.607294e-06
-3.6461591e-06
3.179646e-06
-4.0072147e-06
3.6822556e-06
-4.1462393e-06
4.059402e-06
-4.15291e-06
4.2600288e-06
-4.060459e-06
4.1855209e-06
-3.8713198e-06
3.8292882e-06
-3.5442848e-06
3.4997756e-06
-3.055665e-06
3.2248913e-06
-2.3878679e-06
3.0002395e-06
-1.1072141e-06
9.3880333e-07
9.6187775e-06
-3.0997112e-07
-7.259824e-08
9.9207386e-06
-2.7056857e-07
-8.2628087e-08
1.0201083e-05
-2.6294978e-07
-7.1851583e-08
1.0433191e-05
-2.2763425e-07
-5.4294256e-08
1.0610399e-05
-1.8555751e-07
-3.1217409e-08
1.0745208e-05
-1.5376651e-07
-3.6368343e-09
1.0842944e-05
-1.3997044e-07
4.7146593e-08
1.0911034e-05
-1.48194e-07
1.1532185e-07
1.096037e-05
-1.8411462e-07
2.1480354e-07
1.0999635e-05
-2.547706e-07
3.5814462e-07
1.1038995e-05
-3.7163869e-07
5.6113904e-07
1.1091586e-05
-5.4656415e-07
8.371462e-07
1.117895e-05
-7.9223988e-07
1.1893078e-06
1.1387172e-05
-1.1777886e-06
1.6178299e-06
1.1704783e-05
-1.5822028e-06
2.0665766e-06
1.2074411e-05
-1.9150737e-06
2.4834468e-06
1.2397626e-05
-2.0789474e-06
2.8299345e-06
1.26033e-05
-2.0689194e-06
3.0935739e-06
1.2681973e-05
-1.953175e-06
3.2795426e-06
1.2677297e-05
-1.8138037e-06
3.3984897e-06
1.264312e-05
-1.6936326e-06
3.4603991e-06
1.261616e-05
-1.5962613e-06
3.473495e-06
1.2610156e-05
-1.5132303e-06
3.4442362e-06
1.2626415e-05
-1.4393508e-06
3.3779643e-06
1.2669567e-05
-1.3771098e-06
3.2778164e-06
1.274463e-05
-1.3216196e-06
3.1401634e-06
1.2839405e-05
-1.2519208e-06
2.949631e-06
1.2896014e-05
-1.1072538e-06
2.6768972e-06
1.2776434e-05
-7.4185901e-07
2.2749999e-06
2.9450829e-07
1.6826525e-06
9.2354273e-06
-2.3286769e-07
-7.9767749e-08
9.3551672e-06
-3.4986007e-07
-1.0375198e-07
9.5006597e-06
-3.7338898e-07
-1.0987688e-07
9.6855099e-06
-3.7872753e-07
-1.1127359e-07
9.9056215e-06
-3.7237701e-07
-1.0737604e-07
1.0148722e-05
-3.6426679e-07
-9.5997727e-08
1.0406656e-05
-3.6617867e-07
-7.4887093e-08
1.0677356e-05
-3.8851557e-07
-4.1253514e-08
1.0966983e-05
-4.426826e-07
8.8061295e-09
1.127193e-05
-5.4835871e-07
1.0219192e-07
1.1607182e-05
-7.2876385e-07
2.3867617e-07
1.1993e-05
-1.0138773e-06
4.3502894e-07
1.2459515e-05
-1.4447649e-06
7.0310074e-07
1.2986978e-05
-2.0431809e-06
1.014855e-06
1.3546382e-05
-2.6512036e-06
1.3091297e-06
1.4029492e-05
-3.0081968e-06
1.5274664e-06
1.43306e-05
-2.9436747e-06
1.6572733e-06
1.441641e-05
-2.5648509e-06
1.7428239e-06
1.4326746e-05
-2.0934568e-06
1.8285137e-06
1.4151858e-05
-1.7174088e-06
1.93099e-06
1.396479e-05
-1.4700384e-06
2.0288382e-06
1.3782271e-05
-1.2932529e-06
2.0960414e-06
1.3603037e-05
-1.1640261e-06
2.1185394e-06
1.3426866e-05
-1.0761221e-06
2.0906629e-06
1.328823e-05
-1.0578158e-06
2.0063598e-06
1.3250644e-05
-1.115436e-06
1.8490896e-06
1.3417996e-05
-1.2516978e-06
1.5882861e-06
1.4020511e-05
-1.4734931e-06
1.1846148e-06
1.5728494e-05
-1.8233629e-06
5.9722614e-07
-2.076687e-06
-2.5034592e-07
9.294784e-06
-2.1373454e-07
-8.1830032e-08
9.2726873e-06
-2.84994e-07
-1.0793106e-07
9.2379688e-06
-3.0027406e-07
-1.1723574e-07
9.2026937e-06
-3.0398428e-07
-1.2398009e-07
9.1775678e-06
-3.0318939e-07
-1.2919985e-07
9.1658456e-06
-3.0028629e-07
-1.3239811e-07
9.1671432e-06
-3.0132769e-07
-1.3429394e-07
9.181282e-06
-3.1357152e-07
-1.3702513e-07
9.2086544e-06
-3.4582006e-07
-1.4378525e-07
9.2552036e-06
-4.1457384e-07
-1.5387506e-07
9.3367933e-06
-5.4914038e-07
-1.5851992e-07
9.4679268e-06
-7.9776145e-07
-1.34285e-07
9.6722487e-06
-1.2299661e-06
-6.0826938e-08
9.9745059e-06
-1.8796785e-06
2.844391e-08
1.0306526e-05
-2.5001526e-06
5.2502769e-08
1.0575057e-05
-2.7323479e-06
-5.5848316e-08
1.0807824e-05
-2.398562e-06
-3.8236038e-07
1.0918317e-05
-1.6851569e-06
-6.9082316e-07
1.0933505e-05
-9.1539224e-07
-8.853972e-07
1.0868674e-05
-2.6533479e-07
-9.4793111e-07
1.0817128e-05
6.5317921e-08
-9.4155895e-07
1.0801334e-05
1.9457231e-07
-9.4108345e-07
1.0818782e-05
1.8906319e-07
-9.6787169e-07
1.0823376e-05
1.0377554e-07
-1.0258416e-06
1.0802186e-05
-3.3822095e-08
-1.0858517e-06
1.0731306e-05
-2.2863373e-07
-1.1435218e-06
1.0702377e-05
-5.5999599e-07
-1.2183333e-06
1.0833237e-05
-9.1728435e-07
-1.3430947e-06
1.1544066e-05
-1.2858436e-06
-1.5897137e-06
-1.5786685e-06
-1.9774316e-06
9.0993154e-06
-7.992293e-08
8.8562396e-06
-1.047988e-07
8.5933065e-06
-1.1295709e-07
8.3268638e-06
-1.1799972e-07
8.064758e-06
-1.2131477e-07
7.8129305e-06
-1.2283762e-07
7.5736965e-06
-1.2370284e-07
7.3454714e-06
-1.2608428e-07
7.1212809e-06
-1.3358739e-07
6.897618e-06
-1.512921e-07
6.6570106e-06
-1.8972661e-07
6.3695487e-06
-2.6836331e-07
6.0022105e-06
-4.0727341e-07
5.5338517e-06
-5.9858665e-07
5.0812029e-06
-9.2471944e-07
4.8671875e-06
-1.5949573e-06
4.9205972e-06
-2.6520619e-06
4.9851726e-06
-3.5015488e-06
5.1804078e-06
-4.0549974e-06
5.6270518e-06
-4.3571902e-06
6.1674712e-06
-4.4814132e-06
6.6934848e-06
-4.4767283e-06
7.1301186e-06
-4.3994056e-06
7.4504212e-06
-4.2757376e-06
7.6642849e-06
-4.118115e-06
7.8152063e-06
-3.923156e-06
7.9039193e-06
-3.7038043e-06
8.061378e-06
-3.4621066e-06
8.8697471e-06
-3.2009537e-06
-2.7441528e-06
9.5065865e-06
-3.1023412e-07
9.6932209e-06
-2.6927515e-07
9.8702763e-06
-2.4890018e-07
1.0011842e-05
-1.9583699e-07
1.0112094e-05
-1.3142461e-07
1.0180985e-05
-7.2458607e-08
1.0253462e-05
-2.5235356e-08
1.0352261e-05
1.6610932e-08
1.0487307e-05
7.9839402e-08
1.0682536e-05
1.6299196e-07
1.0933252e-05
3.1049003e-07
1.1209843e-05
5.606007e-07
1.1457105e-05
9.4204374e-07
1.1687794e-05
1.3870594e-06
1.1867138e-05
1.8870572e-06
1.1973818e-05
2.3765129e-06
1.1992928e-05
2.8105372e-06
1.1927376e-05
3.1588511e-06
1.1805499e-05
3.4011905e-06
1.1671898e-05
3.5319163e-06
1.1566497e-05
3.5656675e-06
1.1511185e-05
3.5286921e-06
1.1509188e-05
3.4461072e-06
1.1550297e-05
3.3366783e-06
1.1614319e-05
3.2135264e-06
1.1662276e-05
3.0917844e-06
1.1611921e-05
2.9993164e-06
1.1292999e-05
2.994756e-06
1.0353911e-05
3.212439e-06
3.9836788e-06
9.1102423e-06
-2.3127545e-07
9.0829287e-06
-3.4571261e-07
9.0880725e-06
-3.639181e-07
9.139413e-06
-3.5844677e-07
9.2355273e-06
-3.3490819e-07
9.370599e-06
-3.0351745e-07
9.5480518e-06
-2.7755383e-07
9.7851149e-06
-2.6145934e-07
1.0107325e-05
-2.3323934e-07
1.054836e-05
-1.7577999e-07
1.1133071e-05
-3.6097752e-08
1.1849866e-05
2.7771347e-07
1.2598535e-05
8.9497066e-07
1.3254102e-05
1.7447495e-06
1.3741313e-05
2.7075695e-06
1.3996749e-05
3.6475193e-06
1.4011412e-05
4.4525665e-06
1.3835927e-05
5.0769608e-06
1.3558125e-05
5.5075543e-06
1.3270304e-05
5.7508899e-06
1.3030692e-05
5.8343108e-06
1.2858586e-05
5.7970245e-06
1.2749843e-05
5.6735445e-06
1.2689004e-05
5.4882717e-06
1.2655894e-05
5.2529627e-06
1.2613694e-05
4.9828107e-06
1.2484193e-05
4.7164331e-06
1.2116274e-05
4.545874e-06
1.1263024e-05
4.6602098e-06
5.2846871e-06
9.1671653e-06
-2.1131015e-07
8.9947416e-06
-2.8122032e-07
8.8081809e-06
-2.9459356e-07
8.6197555e-06
-2.940017e-07
8.4419966e-06
-2.8634948e-07
8.2802118e-06
-2.7413084e-07
8.1313451e-06
-2.6298127e-07
7.9919025e-06
-2.5903879e-07
7.8799331e-06
-2.6505501e-07
7.8390906e-06
-2.8882958e-07
7.9903582e-06
-3.4594992e-07
8.5042708e-06
-3.7099305e-07
9.438865e-06
-1.017064e-07
1.0662282e-05
5.4803045e-07
1.1747874e-05
1.6725637e-06
1.2536671e-05
2.8010299e-06
1.2938181e-05
3.6672033e-06
1.3030959e-05
4.2923315e-06
1.2945526e-05
4.7069819e-06
1.2810797e-05
4.9373817e-06
1.2698006e-05
5.0054192e-06
1.2617465e-05
4.9364576e-06
1.2555588e-05
4.7675782e-06
1.2485872e-05
4.5322013e-06
1.2395482e-05
4.2575587e-06
1.2270883e-05
3.9639052e-06
1.2085579e-05
3.6832913e-06
1.1799562e-05
3.488352e-06
1.13134e-05
3.555465e-06
4.2500946e-06
8.9777194e-06
8.5917e-06
8.1841491e-06
7.7721473e-06
7.3644829e-06
6.9675139e-06
6.5808296e-06
6.195706e-06
5.797063e-06
5.3569395e-06
4.8212593e-06
4.1818799e-06
3.6727899e-06
3.6212407e-06
4.3673589e-06
5.5716208e-06
6.58524e-06
7.3749773e-06
8.0263779e-06
8.6063133e-06
9.1302482e-06
9.5899924e-06
9.9582183e-06
1.0214756e-05
1.0354286e-05
1.0395131e-05
1.0374706e-05
1.0400964e-05
1.0755234e-05
)
;

boundaryField
{
    maxY
    {
        type            calculated;
        value           nonuniform List<scalar> 
300
(
0
0
0
0
0
0
0
0
0
0
0
0
0
0
0
0
0
0
0
0
0
0
0
0
0
0
0
0
0
0
0
0
0
0
0
0
0
0
0
0
0
0
0
0
0
0
0
0
0
0
0
0
0
0
0
0
0
0
0
0
0
0
0
0
0
0
0
0
0
0
0
0
0
0
0
0
0
0
0
0
0
0
0
0
0
0
0
0
0
0
0
0
0
0
0
0
0
0
0
0
0
0
0
0
0
0
0
0
0
0
0
0
0
0
0
0
0
0
0
0
0
0
0
0
0
0
0
0
0
0
0
0
0
0
0
0
0
0
0
0
0
0
0
0
0
0
0
0
0
0
0
0
0
0
0
0
0
0
0
0
0
0
0
0
0
3.2311743e-27
0
0
0
0
3.2311743e-27
0
0
0
0
0
0
0
0
0
0
0
0
0
0
0
0
0
0
-3.2311743e-27
-3.2311743e-27
0
-3.2311743e-27
0
0
-3.2311743e-27
0
-3.2311743e-27
3.2311743e-27
0
0
3.2311743e-27
0
0
0
3.2311743e-27
-3.2311743e-27
0
3.2311743e-27
0
0
0
0
-3.2311743e-27
3.2311743e-27
0
0
0
0
0
0
0
3.2311743e-27
3.2311743e-27
0
-3.2311743e-27
-3.2311743e-27
0
3.2311743e-27
0
0
0
0
-3.2311743e-27
0
0
0
0
0
0
0
0
0
0
3.2311743e-27
0
0
0
0
0
0
0
0
0
0
0
0
0
0
0
0
0
0
0
0
0
0
0
0
0
0
0
0
0
0
0
0
0
0
0
0
0
0
0
0
0
0
0
0
0
0
0
0
0
0
0
0
0
0
0
)
;
    }
    minX
    {
        type            calculated;
        value           nonuniform List<scalar> 
40
(
-9.2689775e-06
-9.2689695e-06
-9.2689611e-06
-9.2689527e-06
-9.2689775e-06
-9.2689694e-06
-9.2689611e-06
-9.2689527e-06
-9.2689775e-06
-9.2689694e-06
-9.2689611e-06
-9.2689527e-06
-9.2689774e-06
-9.2689694e-06
-9.268961e-06
-9.2689527e-06
-9.2689774e-06
-9.2689694e-06
-9.268961e-06
-9.2689527e-06
-9.2689774e-06
-9.2689694e-06
-9.268961e-06
-9.2689527e-06
-9.2689775e-06
-9.2689694e-06
-9.2689611e-06
-9.2689527e-06
-9.2689775e-06
-9.2689694e-06
-9.2689611e-06
-9.2689527e-06
-9.2689775e-06
-9.2689694e-06
-9.2689611e-06
-9.2689527e-06
-9.2689775e-06
-9.2689695e-06
-9.2689611e-06
-9.2689527e-06
)
;
    }
    maxX
    {
        type            calculated;
        value           nonuniform List<scalar> 
40
(
8.1162585e-06
9.7346153e-06
1.042039e-05
1.2260689e-05
1.218251e-05
1.9542806e-05
1.311984e-05
1.0384315e-05
1.2462254e-05
1.4057049e-05
7.219564e-06
2.7223123e-06
7.7825401e-06
1.2053176e-05
6.3750081e-06
2.2362989e-06
5.0391179e-06
6.4865799e-06
5.6739376e-06
3.7161864e-06
5.3526687e-06
8.0358286e-06
7.36586e-06
4.5730696e-06
7.670148e-06
1.1677601e-05
6.9316351e-06
1.406495e-06
1.2276265e-05
1.4609357e-05
8.5891024e-06
3.951631e-06
1.196701e-05
1.9705534e-05
1.3620272e-05
1.0977571e-05
8.0507616e-06
9.7083092e-06
1.0368347e-05
1.22604e-05
)
;
    }
    minZ
    {
        type            calculated;
        value           uniform 0;
    }
    maxZ
    {
        type            calculated;
        value           uniform 0;
    }
    topAir_to_rightSolid
    {
        type            calculated;
        value           nonuniform List<scalar> 
130
(
2.1175824e-22
0
-2.1175824e-22
0
0
0
0
0
0
0
0
0
0
0
0
0
0
0
0
0
0
0
0
0
0
0
0
0
0
0
0
0
0
0
0
0
0
0
0
0
-2.1175824e-22
0
2.1175824e-22
0
0
0
0
0
0
0
0
0
0
0
0
0
-2.1175824e-22
-2.1175824e-22
-2.1175824e-22
0
0
0
0
0
2.1175824e-22
0
0
0
-2.1175824e-22
0
0
0
0
2.1175824e-22
2.1175824e-22
0
2.1175824e-22
0
0
0
2.1175824e-22
2.1175824e-22
0
0
0
0
0
0
0
0
0
0
0
0
0
0
0
0
0
0
0
0
0
0
0
0
0
0
0
0
0
0
0
0
0
0
0
0
0
0
0
0
0
0
0
0
0
0
0
0
)
;
    }
    topAir_to_heater
    {
        type            calculated;
        value           nonuniform List<scalar> 
40
(
0
0
2.1175824e-22
0
2.1175824e-22
0
0
0
0
0
0
0
0
0
0
0
0
0
0
0
0
0
0
0
0
0
0
0
0
0
0
0
0
0
0
0
0
0
0
0
)
;
    }
    topAir_to_leftSolid
    {
        type            calculated;
        value           nonuniform List<scalar> 
130
(
0
0
-4.2351647e-22
0
4.2351647e-22
-4.2351647e-22
0
0
0
0
0
0
0
0
0
0
-4.2351647e-22
0
0
0
0
0
0
0
0
0
0
0
0
0
0
0
0
0
0
0
0
0
0
0
0
0
0
0
0
0
0
0
0
0
0
0
0
0
0
0
0
-4.2351647e-22
0
0
0
0
0
0
0
0
0
0
0
0
-4.2351647e-22
0
0
0
0
0
0
0
0
0
4.2351647e-22
0
0
0
0
0
0
0
0
0
0
0
0
4.2351647e-22
4.2351647e-22
0
0
0
0
0
0
0
0
0
0
0
0
0
0
4.2351647e-22
-4.2351647e-22
0
0
0
0
0
0
0
0
0
0
0
0
-4.2351647e-22
0
0
0
0
0
0
)
;
    }
}


// ************************************************************************* //
