/*--------------------------------*- C++ -*----------------------------------*\
| =========                 |                                                 |
| \\      /  F ield         | OpenFOAM: The Open Source CFD Toolbox           |
|  \\    /   O peration     | Version:  v2012                                 |
|   \\  /    A nd           | Website:  www.openfoam.com                      |
|    \\/     M anipulation  |                                                 |
\*---------------------------------------------------------------------------*/
FoamFile
{
    version     2.0;
    format      ascii;
    class       surfaceScalarField;
    location    "50/topAir";
    object      phi;
}
// * * * * * * * * * * * * * * * * * * * * * * * * * * * * * * * * * * * * * //

dimensions      [1 0 -1 0 0 0 0];
oriented        oriented;


internalField   nonuniform List<scalar> 
3140
(
9.2742341e-06
-8.3417058e-08
7.8390245e-08
9.2740136e-06
-9.5795364e-08
9.6449385e-08
9.2926003e-06
-1.139667e-07
9.5977597e-08
9.3089736e-06
-1.055753e-07
8.9937986e-08
9.3148616e-06
-8.4080797e-08
7.9048364e-08
9.3123049e-06
-5.9751266e-08
6.3269272e-08
9.3057206e-06
-3.4844922e-08
4.2485635e-08
9.3013556e-06
-1.185934e-08
1.7367359e-08
9.3044176e-06
1.6521837e-08
-1.8362275e-08
9.3247632e-06
5.3935326e-08
-7.2990815e-08
9.3682576e-06
9.9447811e-08
-1.4159295e-07
9.438823e-06
1.6298889e-07
-2.3215498e-07
9.5348134e-06
2.5674862e-07
-3.5129928e-07
9.656195e-06
3.8555751e-07
-5.0548244e-07
9.790381e-06
5.6550484e-07
-6.9822723e-07
9.9190861e-06
8.0184756e-07
-9.2909401e-07
1.0022736e-05
1.0899453e-06
-1.1921543e-06
1.0087185e-05
1.412391e-06
-1.4754292e-06
1.0108738e-05
1.7420298e-06
-1.7622096e-06
1.0093795e-05
2.0507453e-06
-2.0344707e-06
1.0054367e-05
2.3175154e-06
-2.2767917e-06
1.0003564e-05
2.5307394e-06
-2.478671e-06
9.95256e-06
2.6867057e-06
-2.6344547e-06
9.9061301e-06
2.7888113e-06
-2.7411435e-06
9.8553251e-06
2.8466557e-06
-2.7946114e-06
9.7668186e-06
2.8763726e-06
-2.7866159e-06
9.5626368e-06
2.9074063e-06
-2.7019536e-06
9.0758879e-06
3.0007297e-06
-2.5126789e-06
7.9650148e-06
3.2853497e-06
-2.1731335e-06
4.1369722e-06
-1.6241981e-06
9.2080476e-06
-1.0497816e-07
8.2482875e-08
9.1734021e-06
-1.6809005e-07
1.0695544e-07
9.135487e-06
-1.9092271e-07
1.1489992e-07
9.1080203e-06
-1.9857034e-07
1.2050737e-07
9.0949434e-06
-1.9524812e-07
1.2430899e-07
9.0939001e-06
-1.8421724e-07
1.2559548e-07
9.1038262e-06
-1.6919248e-07
1.2453096e-07
9.1243875e-06
-1.5343957e-07
1.2115326e-07
9.160986e-06
-1.3520865e-07
1.1529377e-07
9.2199994e-06
-1.1005201e-07
1.0517433e-07
9.3065995e-06
-7.4210135e-08
8.7310535e-08
9.4290348e-06
-1.7452675e-08
5.8332347e-08
9.5965519e-06
7.355947e-08
1.6099992e-08
9.8116101e-06
2.2376879e-07
-5.2718748e-08
1.0075232e-05
4.5595434e-07
-1.5337613e-07
1.0369654e-05
7.9747785e-07
-2.89208e-07
1.0658814e-05
1.2635206e-06
-4.617571e-07
1.0903096e-05
1.8323519e-06
-6.631679e-07
1.1075227e-05
2.4475553e-06
-8.7652995e-07
1.1168323e-05
3.0408556e-06
-1.0820678e-06
1.1191766e-05
3.5600899e-06
-1.2648933e-06
1.1163515e-05
3.9794363e-06
-1.419355e-06
1.1103043e-05
4.2930478e-06
-1.5448189e-06
1.1020194e-05
4.5060494e-06
-1.6333783e-06
1.0904066e-05
4.6329815e-06
-1.6692185e-06
1.0715259e-05
4.6952258e-06
-1.6290879e-06
1.036517e-05
4.7356459e-06
-1.4771994e-06
9.6866504e-06
4.8420344e-06
-1.1618271e-06
8.4411723e-06
5.1741636e-06
-6.4234523e-07
5.928567e-06
1.7767951e-07
9.2411401e-06
-1.6065174e-07
8.3489326e-08
9.1649279e-06
-2.0070203e-07
1.0882437e-07
9.0637448e-06
-2.0766693e-07
1.1792818e-07
8.949894e-06
-2.0966365e-07
1.2494584e-07
8.8306501e-06
-2.069248e-07
1.3092372e-07
8.7099173e-06
-1.9917951e-07
1.3570002e-07
8.5893471e-06
-1.8869648e-07
1.4008148e-07
8.4682041e-06
-1.7743307e-07
1.4514661e-07
8.3465224e-06
-1.6584826e-07
1.5233466e-07
8.2265222e-06
-1.5324237e-07
1.6320852e-07
8.1128136e-06
-1.3942361e-07
1.7894535e-07
8.0211298e-06
-1.257074e-07
1.9996965e-07
7.9751051e-06
-1.0510667e-07
2.2474128e-07
8.0031735e-06
-5.5673072e-08
2.5147059e-07
8.1320941e-06
4.9355366e-08
2.7786827e-07
8.3928034e-06
2.3784414e-07
2.9926999e-07
8.7667184e-06
5.823296e-07
3.078323e-07
9.1937109e-06
1.100315e-06
3.0583006e-07
9.5999679e-06
1.7347619e-06
3.0752049e-07
9.9384486e-06
2.3717984e-06
3.3169831e-07
1.0190548e-05
2.9203674e-06
3.8881712e-07
1.0354874e-05
3.3429279e-06
4.7339586e-07
1.0436714e-05
3.6368915e-06
5.7551293e-07
1.0441716e-05
3.8138295e-06
6.883779e-07
1.0351544e-05
3.8864303e-06
8.3783753e-07
1.0135881e-05
3.8782868e-06
1.0336757e-06
9.7344016e-06
3.8283855e-06
1.3097786e-06
9.042208e-06
3.8142813e-06
1.7209628e-06
7.834963e-06
4.0229714e-06
2.3594472e-06
4.8756149e-06
3.2889961e-06
9.0267475e-06
8.1548128e-08
8.7202096e-06
1.0583569e-07
8.3986767e-06
1.1386583e-07
8.0697587e-06
1.1925428e-07
7.7394876e-06
1.2334624e-07
7.4142156e-06
1.260926e-07
7.0971528e-06
1.283667e-07
6.7883283e-06
1.3139201e-07
6.4859228e-06
1.3655832e-07
6.1870657e-06
1.456163e-07
5.8868256e-06
1.6081903e-07
5.5758222e-06
1.8529949e-07
5.2466368e-06
2.2408452e-07
4.9072061e-06
2.8376778e-07
4.5846659e-06
3.7192166e-07
4.3205376e-06
5.0205397e-07
4.2023239e-06
7.007736e-07
4.308974e-06
9.9415956e-07
4.656252e-06
1.3882805e-06
5.1736302e-06
1.8554514e-06
5.7556245e-06
2.3395424e-06
6.3156962e-06
2.7840868e-06
6.7953685e-06
3.1584617e-06
7.1497494e-06
3.4606721e-06
7.3456436e-06
3.6917241e-06
7.3495126e-06
3.8755631e-06
7.1248929e-06
4.0541087e-06
6.6690201e-06
4.2712192e-06
6.1464984e-06
4.5465263e-06
4.7343013e-06
9.3935593e-06
-8.1695864e-08
3.5733865e-08
9.5236317e-06
-9.4264212e-08
6.1072359e-08
9.6660162e-06
-1.1705306e-07
7.1237745e-08
9.8008531e-06
-1.1792691e-07
7.3753346e-08
9.9176063e-06
-1.0910788e-07
7.2242285e-08
1.0016355e-05
-1.0184552e-07
6.7303468e-08
1.0099448e-05
-9.82956e-08
5.8712061e-08
1.0170968e-05
-9.9195441e-08
4.6141476e-08
1.0232487e-05
-1.0654469e-07
2.7827103e-08
1.0284422e-05
-1.2294796e-07
-7.6088876e-10
1.0324422e-05
-1.5082588e-07
-2.9505735e-08
1.0354696e-05
-1.9176632e-07
-6.9369647e-08
1.0375661e-05
-2.4917842e-07
-1.2177669e-07
1.0395892e-05
-3.3367725e-07
-1.907425e-07
1.0417006e-05
-4.386025e-07
-2.7947626e-07
1.0442548e-05
-5.6353936e-07
-3.8987635e-07
1.0476722e-05
-7.0220854e-07
-5.229512e-07
1.0522981e-05
-8.4172119e-07
-6.7885203e-07
1.0582203e-05
-9.631824e-07
-8.5717851e-07
1.0651819e-05
-1.0467007e-06
-1.0563442e-06
1.0727311e-05
-1.079553e-06
-1.2717024e-06
1.0804837e-05
-1.0638584e-06
-1.4913089e-06
1.088423e-05
-1.0137808e-06
-1.6990289e-06
1.0971917e-05
-9.4643694e-07
-1.8813427e-06
1.1072415e-05
-8.6836035e-07
-2.025677e-06
1.1178179e-05
-7.7152547e-07
-2.1197513e-06
1.1254955e-05
-6.2653309e-07
-2.1510529e-06
1.1220176e-05
-3.6696659e-07
-2.1097337e-06
1.0904872e-05
1.4273572e-07
-1.9992952e-06
1.878199e-06
-1.8063897e-06
9.3375052e-06
-1.0558905e-07
3.7840221e-08
9.4524248e-06
-1.6999565e-07
6.7782248e-08
9.5623907e-06
-1.9529571e-07
8.3204778e-08
9.6813472e-06
-2.0803627e-07
9.170413e-08
9.812138e-06
-2.1268487e-07
9.7156817e-08
9.9493597e-06
-2.1341149e-07
1.0002059e-07
1.0089608e-05
-2.1419733e-07
1.0028531e-07
1.0231878e-05
-2.1813618e-07
9.7946656e-08
1.0376181e-05
-2.2796595e-07
9.2554855e-08
1.052251e-05
-2.4695768e-07
8.3019087e-08
1.0670654e-05
-2.7897152e-07
6.7494667e-08
1.0821628e-05
-3.2819553e-07
4.3987561e-08
1.0978206e-05
-3.9964142e-07
1.0197847e-08
1.1132279e-05
-5.0014902e-07
-4.0098224e-08
1.1284714e-05
-6.3296332e-07
-1.1122464e-07
1.1437314e-05
-7.9521239e-07
-2.0990909e-07
1.1592683e-05
-9.7677763e-07
-3.4233327e-07
1.1754637e-05
-1.1543216e-06
-5.1230098e-07
1.1924459e-05
-1.2908368e-06
-7.1847054e-07
1.2098679e-05
-1.3501556e-06
-9.5258938e-07
1.2266448e-05
-1.3119954e-06
-1.1999517e-06
1.2417994e-05
-1.1937617e-06
-1.4407019e-06
1.2549684e-05
-1.0335954e-06
-1.6563726e-06
1.2677004e-05
-8.7371281e-07
-1.8330782e-06
1.2820444e-05
-7.1887466e-07
-1.9617756e-06
1.3023638e-05
-5.736389e-07
-2.0297762e-06
1.337495e-05
-4.2882741e-07
-2.0257995e-06
1.4049634e-05
-2.6102338e-07
-1.9420155e-06
1.5344607e-05
-5.4339552e-09
-1.7886515e-06
5.0202346e-07
-1.558703e-06
9.3713595e-06
-1.6278255e-07
3.8279098e-08
9.4448959e-06
-2.0350991e-07
6.8802494e-08
9.4935384e-06
-2.1122824e-07
8.5218941e-08
9.5306939e-06
-2.1537934e-07
9.5135124e-08
9.5625913e-06
-2.1616027e-07
1.0250455e-07
9.5902608e-06
-2.1338578e-07
1.0800927e-07
9.6137226e-06
-2.095756e-07
1.1200435e-07
9.632664e-06
-2.0699349e-07
1.150713e-07
9.646467e-06
-2.0719948e-07
1.1777655e-07
9.6541417e-06
-2.119575e-07
1.20548e-07
9.6543874e-06
-2.2379284e-07
1.2353871e-07
9.6462324e-06
-2.4646228e-07
1.2641262e-07
9.6287647e-06
-2.8535348e-07
1.2794627e-07
9.6014539e-06
-3.4741111e-07
1.2607405e-07
9.5686446e-06
-4.4019655e-07
1.1794929e-07
9.542233e-06
-5.6932599e-07
9.984662e-08
9.5389035e-06
-7.338865e-07
6.8342105e-08
9.574227e-06
-9.0827468e-07
2.4565473e-08
9.6708823e-06
-1.0291868e-06
-5.0620236e-08
9.841235e-06
-1.0302691e-06
-1.5828911e-07
1.0060315e-05
-8.9714546e-07
-2.4476254e-07
1.0298575e-05
-6.6761455e-07
-2.9057604e-07
1.0512898e-05
-3.9084991e-07
-2.8107243e-07
1.0630133e-05
-1.0005694e-07
-2.0200118e-07
1.0662733e-05
1.1395625e-07
-2.7001114e-08
1.0652628e-05
2.6267614e-07
2.081359e-07
1.0615899e-05
3.6579727e-07
5.5261824e-07
1.055315e-05
4.3402282e-07
1.0894543e-06
1.0510726e-05
5.0528325e-07
1.8919873e-06
6.1153936e-07
3.0596634e-06
9.1505553e-06
3.7157585e-08
8.9865301e-06
6.6350818e-08
8.8075071e-06
8.1660426e-08
8.6208649e-06
9.0517064e-08
8.4312447e-06
9.680617e-08
8.2426662e-06
1.0128536e-07
8.0570432e-06
1.0441432e-07
7.8744973e-06
1.0694488e-07
7.6941446e-06
1.0971239e-07
7.5142299e-06
1.1357475e-07
7.3317355e-06
1.1952229e-07
7.1417125e-06
1.288627e-07
6.9369419e-06
1.4350494e-07
6.7072301e-06
1.6607327e-07
6.4391822e-06
1.9978109e-07
6.1218888e-06
2.5004016e-07
5.7596912e-06
3.2914053e-07
5.3857565e-06
4.5997919e-07
5.0713193e-06
6.738999e-07
4.8999825e-06
9.9717938e-07
4.908699e-06
1.4346214e-06
5.0630645e-06
1.9632392e-06
5.2951863e-06
2.5367148e-06
5.5546028e-06
3.1024411e-06
5.75241e-06
3.6090364e-06
5.828324e-06
4.0634289e-06
5.7478432e-06
4.5014415e-06
5.5004306e-06
4.953672e-06
5.1106702e-06
5.4425579e-06
5.9512221e-06
9.3679318e-06
-8.2249171e-08
1.9258455e-08
9.4887297e-06
-9.3924841e-08
3.4631014e-08
9.6320242e-06
-1.1501404e-07
4.3550023e-08
9.771402e-06
-1.128023e-07
4.7905078e-08
9.8949144e-06
-1.0007253e-07
4.9644366e-08
1.0001901e-05
-8.8334079e-08
4.9592749e-08
1.009332e-05
-7.9713354e-08
4.803544e-08
1.0170453e-05
-7.5066487e-08
4.5182275e-08
1.0233709e-05
-7.5409779e-08
4.1155625e-08
1.0279995e-05
-8.1913554e-08
3.6100987e-08
1.031458e-05
-9.369569e-08
3.0890936e-08
1.0334261e-05
-1.1229382e-07
2.4571921e-08
1.0335027e-05
-1.3821911e-07
1.7038141e-08
1.0326511e-05
-1.8618778e-07
5.3246466e-09
1.030608e-05
-2.4930536e-07
-8.3881869e-09
1.0274076e-05
-3.3387582e-07
-2.2668353e-08
1.0235555e-05
-4.4509333e-07
-3.8051391e-08
1.0199449e-05
-5.8817599e-07
-5.3346574e-08
1.0179534e-05
-7.6640685e-07
-6.9714126e-08
1.0191689e-05
-9.7649587e-07
-9.0956395e-08
1.0247618e-05
-1.2037642e-06
-1.2290716e-07
1.0350509e-05
-1.4215982e-06
-1.716991e-07
1.04959e-05
-1.6021286e-06
-2.4140202e-07
1.0677163e-05
-1.7297282e-06
-3.3196108e-07
1.0892111e-05
-1.800405e-06
-4.3924983e-07
1.1137108e-05
-1.8054882e-06
-5.5822176e-07
1.1387082e-05
-1.7126615e-06
-6.8725524e-07
1.1526059e-05
-1.413302e-06
-8.3420988e-07
1.1240428e-05
-6.6027002e-07
-1.0520617e-06
1.2947352e-06
-1.4629792e-06
9.3094989e-06
-1.0518972e-07
2.0251266e-08
9.4146221e-06
-1.6905296e-07
3.7802124e-08
9.5266771e-06
-1.9307736e-07
4.9241357e-08
9.6532981e-06
-2.0374809e-07
5.6072987e-08
9.7958259e-06
-2.0559301e-07
6.0211366e-08
9.947919e-06
-2.0266202e-07
6.2336783e-08
1.0104838e-05
-1.9873281e-07
6.2487965e-08
1.0263818e-05
-1.965474e-07
6.057068e-08
1.0422815e-05
-1.9805878e-07
5.6350698e-08
1.0579799e-05
-2.0510527e-07
4.93937e-08
1.0734137e-05
-2.1949912e-07
3.9147159e-08
1.0884865e-05
-2.4343204e-07
2.4605018e-08
1.103329e-05
-2.8040661e-07
4.1845048e-09
1.116759e-05
-3.3766879e-07
-2.267909e-08
1.1287599e-05
-4.2127514e-07
-5.9016753e-08
1.1389458e-05
-5.3700745e-07
-1.0838621e-07
1.1470616e-05
-6.9306812e-07
-1.7527298e-07
1.1532689e-05
-8.9675284e-07
-2.6556604e-07
1.1580741e-05
-1.1458228e-06
-3.86894e-07
1.1622428e-05
-1.4235504e-06
-5.4702544e-07
1.1665915e-05
-1.696941e-06
-7.5006659e-07
1.1713699e-05
-1.9187187e-06
-9.911488e-07
1.1765733e-05
-2.0583759e-06
-1.2519022e-06
1.1829474e-05
-2.1217748e-06
-1.5044644e-06
1.1929535e-05
-2.1353344e-06
-1.7265474e-06
1.210248e-05
-2.0990482e-06
-1.9087537e-06
1.2435571e-05
-2.0126605e-06
-2.0584395e-06
1.3157767e-05
-1.8495501e-06
-2.2274631e-06
1.4742637e-05
-1.5065612e-06
-2.5266417e-06
-7.7620969e-07
-2.7909258e-06
9.3440116e-06
-1.623893e-07
2.0422823e-08
9.4082946e-06
-2.027267e-07
3.8193458e-08
9.4598659e-06
-2.095402e-07
5.0111289e-08
9.506173e-06
-2.1260578e-07
5.7687444e-08
9.5523758e-06
-2.1211572e-07
6.2827334e-08
9.5992125e-06
-2.0774089e-07
6.6255905e-08
9.6462649e-06
-2.0189407e-07
6.8119696e-08
9.6929561e-06
-1.9667316e-07
6.8514601e-08
9.7384876e-06
-1.9330891e-07
6.7506469e-08
9.781722e-06
-1.9281846e-07
6.5041295e-08
9.8213101e-06
-1.9643223e-07
6.0901281e-08
9.8555554e-06
-2.0586388e-07
5.4620254e-08
9.8817602e-06
-2.2390334e-07
4.5262794e-08
9.8935013e-06
-2.5490962e-07
3.160187e-08
9.8830239e-06
-3.0453885e-07
1.172169e-08
9.843278e-06
-3.7917737e-07
-1.820358e-08
9.7685711e-06
-4.8858221e-07
-6.140124e-08
9.6671567e-06
-6.4397794e-07
-1.2675806e-07
9.5482373e-06
-8.531009e-07
-2.2437827e-07
9.4224403e-06
-1.0947156e-06
-3.6125648e-07
9.3189534e-06
-1.3036617e-06
-5.3442401e-07
9.2485845e-06
-1.4100642e-06
-7.2863596e-07
9.2090019e-06
-1.3886862e-06
-9.1085137e-07
9.1958618e-06
-1.2734223e-06
-1.0368024e-06
9.2405559e-06
-1.1326037e-06
-1.0739577e-06
9.3582139e-06
-1.0185237e-06
-9.8952988e-07
9.610408e-06
-9.5681929e-07
-7.5484807e-07
1.0142327e-05
-9.6348636e-07
-3.2790347e-07
1.1285967e-05
-1.1105257e-06
3.5299721e-07
-1.7205274e-06
1.1670705e-06
9.1238237e-06
1.9891881e-08
8.9504111e-06
3.7036609e-08
8.7741868e-06
4.8344369e-08
8.5967783e-06
5.531965e-08
8.4216026e-06
5.9866109e-08
8.2523739e-06
6.2773311e-08
8.0906064e-06
6.4287992e-08
7.9362399e-06
6.463871e-08
7.7885645e-06
6.4079659e-08
7.6465028e-06
6.2819116e-08
7.5085735e-06
6.1021102e-08
7.3726136e-06
5.8960913e-08
7.2352131e-06
5.70051e-08
7.0906062e-06
5.5774476e-08
6.9295789e-06
5.6274503e-08
6.7401056e-06
6.0342915e-08
6.5089256e-06
7.1750239e-08
6.2273684e-06
9.7587401e-08
5.8968959e-06
1.5135444e-07
5.5427636e-06
2.5681358e-07
5.2230399e-06
4.5114667e-07
5.0067723e-06
7.7022265e-07
4.9316898e-06
1.2241727e-06
4.974814e-06
1.7871194e-06
5.0566658e-06
2.3958264e-06
5.1021231e-06
3.0006485e-06
5.0531348e-06
3.5947448e-06
4.8339086e-06
4.2104795e-06
4.2423788e-06
4.92457e-06
5.8562099e-06
9.3624883e-06
-8.2202504e-08
8.1800079e-09
9.4756478e-06
-9.3428891e-08
1.533249e-08
9.6132819e-06
-1.136929e-07
2.0202262e-08
9.7487255e-06
-1.0988925e-07
2.3079047e-08
9.8693617e-06
-9.4771747e-08
2.4623775e-08
9.9741681e-06
-7.9563437e-08
2.5294694e-08
1.0063811e-05
-6.5900378e-08
2.532713e-08
1.0139181e-05
-5.395018e-08
2.4877221e-08
1.0201009e-05
-4.3564631e-08
2.4079967e-08
1.0249726e-05
-3.4413191e-08
2.3049975e-08
1.0285793e-05
-2.5854689e-08
2.1991909e-08
1.0307457e-05
-1.7092706e-08
2.1371011e-08
1.0311408e-05
-7.5471015e-09
2.205531e-08
1.0305789e-05
-8.0645612e-09
2.0448194e-08
1.0292229e-05
-1.0322014e-08
1.6951724e-08
1.0272168e-05
-1.4827045e-08
1.3695212e-08
1.0246359e-05
-2.3693112e-08
1.2942131e-08
1.0216654e-05
-3.9403478e-08
1.7267333e-08
1.0186135e-05
-6.6466435e-08
2.878373e-08
1.0160258e-05
-1.1206116e-07
4.8484497e-08
1.0148499e-05
-1.8497341e-07
7.5298809e-08
1.0164391e-05
-2.9111914e-07
1.0494792e-07
1.022138e-05
-4.2606163e-07
1.2902179e-07
1.0324766e-05
-5.7021507e-07
1.3615942e-07
1.0464235e-05
-6.9435339e-07
1.1689278e-07
1.0605397e-05
-7.6742996e-07
6.9299834e-08
1.0651931e-05
-7.3312894e-07
6.1455533e-10
1.0378704e-05
-4.3382648e-07
-1.2579859e-07
9.1622003e-06
5.4267615e-07
-3.7677964e-07
3.2728848e-06
-8.4764423e-07
9.3034468e-06
-1.0498836e-07
8.5597034e-09
9.3997075e-06
-1.6856419e-07
1.6691765e-08
9.5045854e-06
-1.9199661e-07
2.2695503e-08
9.6257252e-06
-2.0154932e-07
2.6637418e-08
9.7637365e-06
-2.0160309e-07
2.9093647e-08
9.9120519e-06
-1.9589897e-07
3.0438679e-08
1.0065736e-05
-1.8777189e-07
3.0777883e-08
1.0221723e-05
-1.793546e-07
3.0112688e-08
1.0377925e-05
-1.7166832e-07
2.8399909e-08
1.0532832e-05
-1.6529787e-07
2.5541585e-08
1.0685625e-05
-1.6069597e-07
2.1389014e-08
1.0836049e-05
-1.5836451e-07
1.5670466e-08
1.0984024e-05
-1.5900929e-07
7.91342e-09
1.1121799e-05
-1.6652116e-07
-1.7351277e-09
1.1249437e-05
-1.8404964e-07
-1.2642758e-08
1.1366264e-05
-2.1137587e-07
-2.8363179e-08
1.147082e-05
-2.5283891e-07
-5.0367601e-08
1.1561778e-05
-3.1465979e-07
-8.0942234e-08
1.16373e-05
-4.0565543e-07
-1.2289746e-07
1.1696352e-05
-5.3724213e-07
-1.8057122e-07
1.1741511e-05
-7.1920474e-07
-2.6068316e-07
1.1780134e-05
-9.4817937e-07
-3.7241467e-07
1.1822096e-05
-1.1947972e-06
-5.2483332e-07
1.1875494e-05
-1.4068647e-06
-7.2089556e-07
1.1942535e-05
-1.5409641e-06
-9.4661741e-07
1.2029911e-05
-1.5856867e-06
-1.1774715e-06
1.2152325e-05
-1.5157282e-06
-1.3978112e-06
1.2344661e-05
-1.214801e-06
-1.6383213e-06
1.2690201e-05
-3.8095215e-07
-1.9478096e-06
1.6334579e-06
-2.2259301e-06
9.3381781e-06
-1.6239481e-07
8.6069716e-09
9.3938059e-06
-2.0279864e-07
1.6800329e-08
9.4383865e-06
-2.094345e-07
2.2969413e-08
9.4793732e-06
-2.1202822e-07
2.7181283e-08
9.5213572e-06
-2.1075301e-07
2.9996168e-08
9.5650906e-06
-2.0515298e-07
3.1781047e-08
9.6102478e-06
-1.9745114e-07
3.264824e-08
9.6562775e-06
-1.8948656e-07
3.2625747e-08
9.7025152e-06
-1.8210021e-07
3.1712266e-08
9.7481533e-06
-1.7572404e-07
2.9844074e-08
9.7923093e-06
-1.7078274e-07
2.6850195e-08
9.8340972e-06
-1.6786627e-07
2.2356155e-08
9.872757e-06
-1.6797096e-07
1.5590708e-08
9.9045662e-06
-1.7327679e-07
6.5788638e-09
9.9241969e-06
-1.8647035e-07
-5.4534833e-09
9.92669e-06
-2.1022169e-07
-2.1811392e-08
9.9060868e-06
-2.4990983e-07
-4.3683766e-08
9.852693e-06
-3.1402179e-07
-7.3955448e-08
9.7547831e-06
-4.1533784e-07
-1.1673682e-07
9.6044758e-06
-5.6998107e-07
-1.781588e-07
9.4092841e-06
-7.9032074e-07
-2.6805779e-07
9.1939851e-06
-1.0642231e-06
-3.9720656e-07
8.9920148e-06
-1.3345027e-06
-5.6901599e-07
8.8273182e-06
-1.5189215e-06
-7.5976724e-07
8.7122675e-06
-1.5804444e-06
-9.1900537e-07
8.6781575e-06
-1.5552003e-06
-9.853527e-07
8.831841e-06
-1.5051016e-06
-9.1848491e-07
9.4901757e-06
-1.4828506e-06
-7.1741434e-07
1.1518893e-05
-1.5375043e-06
-5.1832909e-07
-1.6578344e-06
-6.5961148e-07
9.118077e-06
8.3673517e-09
8.9360886e-06
1.6226194e-08
8.7529577e-06
2.2040658e-08
8.5703718e-06
2.5877303e-08
8.3911829e-06
2.8301905e-08
8.2190938e-06
2.9709525e-08
8.0556767e-06
3.0254187e-08
7.9008158e-06
3.0013584e-08
7.7537462e-06
2.9049887e-08
7.613459e-06
2.7383404e-08
7.4787323e-06
2.4966794e-08
7.3481492e-06
2.1680127e-08
7.2198401e-06
1.7346285e-08
7.090401e-06
1.1940706e-08
6.9543919e-06
5.8183345e-09
6.8047411e-06
-2.2182721e-10
6.63501e-06
-8.4206506e-09
6.4331508e-06
-1.4565167e-08
6.1860716e-06
-1.688864e-08
5.8836396e-06
-1.0702309e-08
5.5309355e-06
1.3621491e-08
5.1540837e-06
8.3095998e-08
4.8097561e-06
2.3452942e-07
4.5706648e-06
5.0818247e-07
4.4701332e-06
9.1708637e-07
4.4794413e-06
1.4374328e-06
4.5425943e-06
2.0277732e-06
4.596639e-06
2.6747915e-06
4.5135188e-06
3.4712951e-06
4.5180016e-06
9.3597099e-06
-8.2322503e-08
1.1857746e-13
9.4690142e-06
-9.3539437e-08
2.2814571e-14
9.6035045e-06
-1.1369403e-07
-2.152694e-14
9.7369036e-06
-1.0959118e-07
-6.1441835e-14
9.8562924e-06
-9.392058e-08
-9.7027768e-14
9.960424e-06
-7.7891124e-08
-1.2735763e-13
1.0049872e-05
-6.3085425e-08
-1.5996477e-13
1.0125469e-05
-4.9603114e-08
-1.9109147e-13
1.0187973e-05
-3.7234026e-08
-2.2225511e-13
1.0237897e-05
-2.5617748e-08
-2.320585e-13
1.0275445e-05
-1.4237424e-08
-2.1379819e-13
1.0301085e-05
-2.8942562e-09
-1.4788194e-13
1.0304827e-05
1.9739572e-08
-5.9927813e-14
1.0303987e-05
2.2721386e-08
8.8534435e-14
1.0296824e-05
2.5556997e-08
3.5251255e-13
1.0283463e-05
2.8508327e-08
7.0692275e-13
1.026553e-05
3.2343048e-08
1.1788351e-12
1.024307e-05
4.1216539e-08
1.8598348e-12
1.0218219e-05
5.5150606e-08
2.771513e-12
1.0193999e-05
7.4249491e-08
4.0940459e-12
1.0173622e-05
9.7248532e-08
5.8360772e-12
1.0160343e-05
1.1982668e-07
8.3464258e-12
1.0157686e-05
1.3329933e-07
1.1837218e-11
1.0169477e-05
1.2600924e-07
1.6880817e-11
1.0195757e-05
9.2272439e-08
2.4125082e-11
1.0207807e-05
5.8931238e-08
3.3646169e-11
1.0056047e-05
1.5408348e-07
4.1657773e-11
9.3284739e-06
6.0349543e-07
4.4705834e-11
7.0715882e-06
1.8818576e-06
3.6942258e-11
4.9733778e-06
1.890405e-11
9.3001591e-06
-1.0495264e-07
1.3093594e-13
9.3918042e-06
-1.6847778e-07
3.8577701e-14
9.4925721e-06
-1.917381e-07
2.1193599e-15
9.6105882e-06
-2.0092554e-07
-4.1473992e-14
9.7461954e-06
-2.0037164e-07
-8.1654884e-14
9.8925779e-06
-1.9375279e-07
-1.2900814e-13
1.0044672e-05
-1.8429854e-07
-1.7768722e-13
1.0199322e-05
-1.740152e-07
-2.2646377e-13
1.0354398e-05
-1.6376121e-07
-2.8443939e-13
1.050843e-05
-1.5393607e-07
-3.5732924e-13
1.0660604e-05
-1.4482708e-07
-4.4592792e-13
1.081021e-05
-1.3660829e-07
-5.5761286e-13
1.0962674e-05
-1.2456069e-07
-6.606025e-13
1.1100694e-05
-1.1675361e-07
-7.2201949e-13
1.1228885e-05
-1.1496719e-07
-8.2639872e-13
1.1345811e-05
-1.1644093e-07
-9.2632552e-13
1.1450423e-05
-1.2226707e-07
-1.0133937e-12
1.1544091e-05
-1.3299099e-07
-1.0905021e-12
1.1627034e-05
-1.5025201e-07
-1.1108368e-12
1.1699462e-05
-1.7827527e-07
-1.1059881e-12
1.176103e-05
-2.2449332e-07
-1.0214936e-12
1.1810527e-05
-3.0155753e-07
-9.5289026e-13
1.1846772e-05
-4.2726134e-07
-1.0028485e-12
1.1869974e-05
-6.1763302e-07
-1.4013944e-12
1.1879735e-05
-8.6376407e-07
-2.8130912e-12
1.185791e-05
-1.0965078e-06
-6.6213855e-12
1.1743247e-05
-1.128898e-06
-1.2738241e-11
1.1369508e-05
-6.6078418e-07
-2.5802049e-11
1.0330502e-05
9.7382384e-07
-4.3406611e-11
4.7294029e-06
-7.2248024e-11
9.3349739e-06
-1.6236391e-07
1.3606811e-13
9.3860542e-06
-2.0275763e-07
4.3376016e-14
9.4265468e-06
-2.0926042e-07
2.2403669e-15
9.4643899e-06
-2.1158565e-07
-3.7637961e-14
9.5039321e-06
-2.0991461e-07
-7.7888356e-14
9.5457223e-06
-2.0375728e-07
-1.2115209e-13
9.5893593e-06
-1.9528064e-07
-1.664017e-13
9.6342351e-06
-1.8625614e-07
-2.1411893e-13
9.6796297e-06
-1.7743159e-07
-2.7027918e-13
9.7246584e-06
-1.691055e-07
-3.4138285e-13
9.7681962e-06
-1.6149586e-07
-4.2839825e-13
9.8087085e-06
-1.5474145e-07
-5.4854e-13
9.8484863e-06
-1.4872038e-07
-7.1731106e-13
9.8828845e-06
-1.4454032e-07
-9.3425431e-13
9.907141e-06
-1.4463902e-07
-1.2228373e-12
9.9178501e-06
-1.4891714e-07
-1.5801344e-12
9.910228e-06
-1.5827823e-07
-2.0423385e-12
9.8790471e-06
-1.7570801e-07
-2.6414398e-12
9.8176817e-06
-2.055589e-07
-3.4426758e-12
9.7167649e-06
-2.5544563e-07
-4.4902934e-12
9.5628826e-06
-3.3859098e-07
-5.9597428e-12
9.3414588e-06
-4.7725697e-07
-7.9810061e-12
9.0448556e-06
-6.9958297e-07
-1.0852419e-11
8.6883708e-06
-1.0207921e-06
-1.4905532e-11
8.3115446e-06
-1.4057146e-06
-2.0641068e-11
7.9875627e-06
-1.7574298e-06
-2.9390388e-11
7.9192242e-06
-1.9783014e-06
-4.3411193e-11
8.5677064e-06
-2.0256671e-06
-6.5894736e-11
1.0567324e-05
-1.5429456e-06
-7.2011819e-11
2.128392e-07
-1.2801222e-10
9.1149506e-06
1.4431856e-13
8.928419e-06
5.6026746e-14
8.7411991e-06
1.9817366e-14
8.5554906e-06
-9.3837115e-15
8.373878e-06
-3.7262412e-14
8.1998303e-06
-6.8752497e-14
8.0348043e-06
-1.0014509e-13
7.8785623e-06
-1.3269147e-13
7.7301816e-06
-1.6946714e-13
7.588461e-06
-2.2006759e-13
7.451934e-06
-2.8288807e-13
7.3188754e-06
-3.6551675e-13
7.1875049e-06
-4.8213988e-13
7.05491e-06
-6.4552888e-13
6.9160954e-06
-8.7456133e-13
6.766964e-06
-1.1951485e-12
6.6002748e-06
-1.6347341e-12
6.4100137e-06
-2.2328233e-12
6.1875814e-06
-3.0702221e-12
5.921453e-06
-4.2493972e-12
5.59651e-06
-5.9097457e-12
5.2023936e-06
-8.3422382e-12
4.7374462e-06
-1.1884933e-11
4.2251229e-06
-1.7025357e-11
3.7371475e-06
-2.519598e-11
3.418282e-06
-3.9254177e-11
3.469248e-06
-6.2668196e-11
4.1199772e-06
-9.7432582e-11
6.0498616e-06
-1.3211536e-10
1.2710025e-11
9.3597099e-06
-8.2322497e-08
-8.1797558e-09
9.4690142e-06
-9.3539439e-08
-1.533243e-08
9.6035044e-06
-1.1369403e-07
-2.0202301e-08
9.7369035e-06
-1.0959117e-07
-2.3079174e-08
9.8562924e-06
-9.392056e-08
-2.4623978e-08
9.960424e-06
-7.7891105e-08
-2.5294966e-08
1.0049872e-05
-6.3085407e-08
-2.5327471e-08
1.0125469e-05
-4.9603095e-08
-2.4877626e-08
1.0187973e-05
-3.7234011e-08
-2.4080435e-08
1.0237898e-05
-2.5617715e-08
-2.3050513e-08
1.0275445e-05
-1.4237302e-08
-2.1992541e-08
1.0301085e-05
-2.8939259e-09
-2.1371794e-08
1.0304827e-05
1.974024e-08
-2.2056294e-08
1.0303988e-05
2.2722361e-08
-2.0449357e-08
1.0296825e-05
2.5558328e-08
-1.6952854e-08
1.0283465e-05
2.8510203e-08
-1.3696373e-08
1.0265533e-05
3.234566e-08
-1.2943363e-08
1.0243074e-05
4.1220265e-08
-1.7268719e-08
1.0218225e-05
5.5155988e-08
-2.8785502e-08
1.0194008e-05
7.4257193e-08
-4.8486875e-08
1.0173636e-05
9.725962e-08
-7.5302168e-08
1.0160362e-05
1.1984242e-07
-1.0495276e-07
1.0157714e-05
1.3332175e-07
-1.2902873e-07
1.0169516e-05
1.2604106e-07
-1.3616909e-07
1.0195809e-05
9.2320205e-08
-1.1690516e-07
1.0207856e-05
5.9014798e-08
-6.9312954e-08
1.0056079e-05
1.5419255e-07
-6.2337268e-10
9.3284623e-06
6.036425e-07
1.2578436e-07
7.0714997e-06
1.8820159e-06
3.7677219e-07
4.9734726e-06
8.476416e-07
9.3001591e-06
-1.0495264e-07
-8.5594291e-09
9.3918042e-06
-1.6847777e-07
-1.6691675e-08
9.4925721e-06
-1.917381e-07
-2.2695498e-08
9.6105882e-06
-2.0092553e-07
-2.6637494e-08
9.7461954e-06
-2.0037163e-07
-2.9093807e-08
9.8925779e-06
-1.9375278e-07
-3.0438919e-08
1.0044672e-05
-1.8429852e-07
-3.0778211e-08
1.0199322e-05
-1.7401517e-07
-3.0113111e-08
1.0354398e-05
-1.6376119e-07
-2.8400437e-08
1.0508429e-05
-1.5393604e-07
-2.5542227e-08
1.0660604e-05
-1.4482701e-07
-2.1389791e-08
1.081021e-05
-1.3660813e-07
-1.5671406e-08
1.0962674e-05
-1.2456029e-07
-7.9146056e-09
1.1100694e-05
-1.1675291e-07
1.7339883e-09
1.1228885e-05
-1.1496604e-07
1.2641145e-08
1.1345811e-05
-1.164391e-07
2.8361153e-08
1.1450424e-05
-1.2226433e-07
5.0365118e-08
1.1544092e-05
-1.3298691e-07
8.0939166e-08
1.1627036e-05
-1.5024603e-07
1.2289375e-07
1.1699466e-05
-1.7826655e-07
1.8056672e-07
1.1761035e-05
-2.2448073e-07
2.6067775e-07
1.1810535e-05
-3.0153957e-07
3.7240813e-07
1.1846783e-05
-4.2723585e-07
5.2482529e-07
1.1869988e-05
-6.17597e-07
7.208856e-07
1.1879752e-05
-8.6371145e-07
9.4660516e-07
1.185793e-05
-1.0964243e-06
1.1774551e-06
1.1743248e-05
-1.128771e-06
1.3977887e-06
1.1369451e-05
-6.6060609e-07
1.6382971e-06
1.0330232e-05
9.7414408e-07
1.9477761e-06
4.7297618e-06
2.2259165e-06
9.3349739e-06
-1.623639e-07
-8.6066953e-09
9.3860542e-06
-2.0275763e-07
-1.6800246e-08
9.4265468e-06
-2.0926042e-07
-2.2969409e-08
9.4643899e-06
-2.1158565e-07
-2.7181359e-08
9.5039321e-06
-2.0991461e-07
-2.999632e-08
9.5457223e-06
-2.0375728e-07
-3.1781274e-08
9.5893593e-06
-1.9528063e-07
-3.2648545e-08
9.6342351e-06
-1.8625613e-07
-3.2626136e-08
9.6796296e-06
-1.7743157e-07
-3.1712755e-08
9.7246583e-06
-1.6910548e-07
-2.9844667e-08
9.768196e-06
-1.6149582e-07
-2.6850915e-08
9.8087081e-06
-1.5474137e-07
-2.2357014e-08
9.8484858e-06
-1.4872023e-07
-1.559173e-08
9.8828838e-06
-1.4454006e-07
-6.5800867e-09
9.90714e-06
-1.4463859e-07
5.4519327e-09
9.9178488e-06
-1.489165e-07
2.1809664e-08
9.9102265e-06
-1.5827724e-07
4.3681716e-08
9.8790454e-06
-1.7570649e-07
7.3953006e-08
9.8176796e-06
-2.0555656e-07
1.1673396e-07
9.7167622e-06
-2.5544207e-07
1.7815555e-07
9.5628791e-06
-3.3858549e-07
2.6805384e-07
9.3414535e-06
-4.7724873e-07
3.9720206e-07
9.044847e-06
-6.9957078e-07
5.6901094e-07
8.6883565e-06
-1.020774e-06
7.5976104e-07
8.311521e-06
-1.4056866e-06
9.189979e-07
7.987526e-06
-1.7573832e-06
9.8534404e-07
7.9191612e-06
-1.9782249e-06
9.1847493e-07
8.5675729e-06
-2.0255422e-06
7.1740626e-07
1.0566983e-05
-1.5426214e-06
5.1838887e-07
2.1334277e-07
6.5974386e-07
9.1149506e-06
-8.3670692e-09
8.928419e-06
-1.6226096e-08
8.7411991e-06
-2.2040619e-08
8.5554906e-06
-2.5877318e-08
8.373878e-06
-2.8301974e-08
8.1998303e-06
-2.9709645e-08
8.0348042e-06
-3.0254359e-08
7.8785623e-06
-3.0013812e-08
7.7301816e-06
-2.9050177e-08
7.5884609e-06
-2.7383758e-08
7.4519337e-06
-2.4967225e-08
7.318875e-06
-2.1680642e-08
7.1875043e-06
-1.7346896e-08
7.0549091e-06
-1.1941424e-08
6.916094e-06
-5.8191743e-09
6.766962e-06
2.2068326e-10
6.6002721e-06
8.4191179e-09
6.4100099e-06
1.4563383e-08
6.187576e-06
1.6886427e-08
5.9214455e-06
1.0699395e-08
5.5964989e-06
-1.3624202e-08
5.2023767e-06
-8.3098576e-08
4.7374203e-06
-2.34532e-07
4.2250842e-06
-5.0818564e-07
3.7370929e-06
-9.1709277e-07
3.4182088e-06
-1.437446e-06
3.4691513e-06
-2.0277983e-06
4.1198526e-06
-2.6748335e-06
6.049851e-06
-3.4713488e-06
-4.5178597e-06
9.3624883e-06
-8.2202497e-08
-1.9258187e-08
9.4756478e-06
-9.34289e-08
-3.4630953e-08
9.6132819e-06
-1.1369293e-07
-4.3550044e-08
9.7487255e-06
-1.0988927e-07
-4.7905168e-08
9.8693617e-06
-9.4771775e-08
-4.9644528e-08
9.9741681e-06
-7.9563465e-08
-4.9592975e-08
1.0063811e-05
-6.5900403e-08
-4.8035726e-08
1.0139181e-05
-5.3950223e-08
-4.5182605e-08
1.0201009e-05
-4.3564672e-08
-4.1156019e-08
1.0249726e-05
-3.4413239e-08
-3.6101421e-08
1.0285793e-05
-2.5854706e-08
-3.089147e-08
1.0307456e-05
-1.7092706e-08
-2.4572577e-08
1.0311408e-05
-7.5470048e-09
-1.7039031e-08
1.0305789e-05
-8.0643389e-09
-5.3262484e-09
1.0292229e-05
-1.032165e-08
8.3869639e-09
1.0272168e-05
-1.4826443e-08
2.2666608e-08
1.0246359e-05
-2.3692131e-08
3.8049108e-08
1.0216654e-05
-3.9402095e-08
5.3343632e-08
1.0186135e-05
-6.6464564e-08
6.9710326e-08
1.0160259e-05
-1.1205891e-07
9.0951388e-08
1.01485e-05
-1.8497071e-07
1.2290062e-07
1.0164393e-05
-2.9111613e-07
1.716904e-07
1.0221383e-05
-4.2605812e-07
2.413906e-07
1.0324769e-05
-5.702103e-07
3.319461e-07
1.0464238e-05
-6.9434536e-07
4.3923028e-07
1.0605396e-05
-7.6741425e-07
5.581965e-07
1.0651925e-05
-7.3310058e-07
6.8722368e-07
1.0378679e-05
-4.337845e-07
8.341734e-07
9.1621328e-06
5.4274116e-07
1.0520311e-06
3.2729467e-06
1.4629646e-06
9.3034468e-06
-1.0498835e-07
-2.0250987e-08
9.3997075e-06
-1.685642e-07
-3.7802045e-08
9.5045854e-06
-1.9199662e-07
-4.9241358e-08
9.6257252e-06
-2.0154933e-07
-5.6073058e-08
9.7637365e-06
-2.0160311e-07
-6.0211511e-08
9.9120519e-06
-1.9589899e-07
-6.2337001e-08
1.0065736e-05
-1.8777191e-07
-6.2488263e-08
1.0221723e-05
-1.793546e-07
-6.0571063e-08
1.0377925e-05
-1.7166833e-07
-5.6351177e-08
1.0532832e-05
-1.6529787e-07
-4.9394269e-08
1.0685625e-05
-1.6069596e-07
-3.9147841e-08
1.0836049e-05
-1.5836447e-07
-2.4605813e-08
1.0984023e-05
-1.5900919e-07
-4.1855318e-09
1.1121799e-05
-1.6652094e-07
2.2677995e-08
1.1249436e-05
-1.8404932e-07
5.901536e-08
1.1366263e-05
-2.113754e-07
1.0838447e-07
1.1470819e-05
-2.5283821e-07
1.7527086e-07
1.1561777e-05
-3.1465879e-07
2.6556347e-07
1.1637299e-05
-4.0565413e-07
3.8689089e-07
1.169635e-05
-5.3724062e-07
5.470218e-07
1.174151e-05
-7.1920315e-07
7.5006238e-07
1.1780133e-05
-9.4817799e-07
9.9114414e-07
1.1822094e-05
-1.194796e-06
1.2518971e-06
1.1875491e-05
-1.4068629e-06
1.5044588e-06
1.1942528e-05
-1.5409591e-06
1.7265414e-06
1.2029896e-05
-1.5856733e-06
1.9087477e-06
1.215229e-05
-1.5156978e-06
2.0584362e-06
1.2344574e-05
-1.2147379e-06
2.2274703e-06
1.2690017e-05
-3.8084893e-07
2.5266672e-06
1.6336957e-06
2.7909651e-06
9.3381781e-06
-1.623948e-07
-2.0422553e-08
9.3938059e-06
-2.0279864e-07
-3.819338e-08
9.4383865e-06
-2.0943451e-07
-5.0111289e-08
9.4793733e-06
-2.1202822e-07
-5.7687514e-08
9.5213572e-06
-2.1075301e-07
-6.2827472e-08
9.5650906e-06
-2.0515299e-07
-6.6256114e-08
9.6102478e-06
-1.9745114e-07
-6.8119972e-08
9.6562774e-06
-1.8948656e-07
-6.851495e-08
9.702515e-06
-1.821002e-07
-6.7506893e-08
9.7481531e-06
-1.7572402e-07
-6.5041804e-08
9.792309e-06
-1.7078271e-07
-6.0901888e-08
9.8340967e-06
-1.6786622e-07
-5.4620962e-08
9.8727564e-06
-1.679709e-07
-4.5263621e-08
9.9045654e-06
-1.7327669e-07
-3.1602828e-08
9.9241959e-06
-1.8647021e-07
-1.1722837e-08
9.9266887e-06
-2.1022146e-07
1.8202384e-08
9.9060852e-06
-2.4990942e-07
6.1399847e-08
9.852691e-06
-3.1402113e-07
1.2675641e-07
9.7547804e-06
-4.1533689e-07
2.2437648e-07
9.604472e-06
-5.6997976e-07
3.612545e-07
9.4092785e-06
-7.9031934e-07
5.3442212e-07
9.1939767e-06
-1.0642218e-06
7.2863433e-07
8.9920027e-06
-1.3345016e-06
9.1085022e-07
8.8273006e-06
-1.5189199e-06
1.0368019e-06
8.7122416e-06
-1.5804395e-06
1.0739585e-06
8.6781196e-06
-1.5551883e-06
9.8953464e-07
8.8317852e-06
-1.5050778e-06
7.5486255e-07
9.490099e-06
-1.4828095e-06
3.2793834e-07
1.1518833e-05
-1.5374321e-06
-3.529224e-07
-1.6576719e-06
-1.1669116e-06
9.118077e-06
-1.989161e-08
8.9360887e-06
-3.7036506e-08
8.7529578e-06
-4.8344334e-08
8.5703718e-06
-5.5319665e-08
8.3911829e-06
-5.9866169e-08
8.2190938e-06
-6.2773411e-08
8.0556767e-06
-6.4288132e-08
7.9008157e-06
-6.4638889e-08
7.753746e-06
-6.4079885e-08
7.6134588e-06
-6.281938e-08
7.4787321e-06
-6.1021418e-08
7.3481488e-06
-5.8961266e-08
7.2198396e-06
-5.7005512e-08
7.0904003e-06
-5.577493e-08
6.954391e-06
-5.6275035e-08
6.8047399e-06
-6.0343481e-08
6.6350083e-06
-7.1750861e-08
6.4331484e-06
-9.7587806e-08
6.1860681e-06
-1.5135457e-07
5.8836341e-06
-2.568132e-07
5.5309274e-06
-4.5114529e-07
5.1540718e-06
-7.7022023e-07
4.8097393e-06
-1.2241694e-06
4.5706425e-06
-1.7871155e-06
4.4701053e-06
-2.3958223e-06
4.479407e-06
-3.0006432e-06
4.5425504e-06
-3.5947363e-06
4.5965778e-06
-4.2104631e-06
4.5134409e-06
-4.9245349e-06
-5.856132e-06
9.3679318e-06
-8.2249153e-08
-3.5733594e-08
9.4887297e-06
-9.3924843e-08
-6.1072288e-08
9.6320243e-06
-1.1501405e-07
-7.1237747e-08
9.771402e-06
-1.1280232e-07
-7.3753421e-08
9.8949144e-06
-1.0007255e-07
-7.2242413e-08
1.0001901e-05
-8.8334085e-08
-6.730366e-08
1.0093321e-05
-7.9713348e-08
-5.8712307e-08
1.0170453e-05
-7.5066465e-08
-4.6141786e-08
1.0233709e-05
-7.5409733e-08
-2.7827519e-08
1.0279995e-05
-8.1913465e-08
7.6042033e-10
1.031458e-05
-9.3695601e-08
2.9505203e-08
1.0334261e-05
-1.1229369e-07
6.9368956e-08
1.0335027e-05
-1.3821892e-07
1.217758e-07
1.032651e-05
-1.861877e-07
1.9074133e-07
1.0306079e-05
-2.4930516e-07
2.7947482e-07
1.0274075e-05
-3.3387551e-07
3.898745e-07
1.0235554e-05
-4.4509297e-07
5.2294894e-07
1.0199448e-05
-5.8817579e-07
6.7884929e-07
1.0179531e-05
-7.66407e-07
8.5717537e-07
1.0191687e-05
-9.7649683e-07
1.0563406e-06
1.0247616e-05
-1.2037665e-06
1.2716984e-06
1.0350506e-05
-1.4216025e-06
1.4913046e-06
1.0495897e-05
-1.6021357e-06
1.6990242e-06
1.0677161e-05
-1.7297384e-06
1.8813375e-06
1.089211e-05
-1.800419e-06
2.025671e-06
1.1137106e-05
-1.8055067e-06
2.1197441e-06
1.1387082e-05
-1.7126855e-06
2.1510445e-06
1.152606e-05
-1.4133305e-06
2.1097242e-06
1.124043e-05
-6.6029249e-07
1.9992854e-06
1.2947145e-06
1.8063799e-06
9.3094989e-06
-1.0518971e-07
-3.7839963e-08
9.4146222e-06
-1.6905296e-07
-6.7782174e-08
9.5266772e-06
-1.9307737e-07
-8.3204776e-08
9.6532982e-06
-2.037481e-07
-9.1704192e-08
9.795826e-06
-2.0559302e-07
-9.7156933e-08
9.9479191e-06
-2.0266202e-07
-1.0002076e-07
1.0104838e-05
-1.987328e-07
-1.0028554e-07
1.0263818e-05
-1.9654738e-07
-9.7946942e-08
1.0422815e-05
-1.9805873e-07
-9.2555209e-08
1.0579799e-05
-2.0510518e-07
-8.3019521e-08
1.0734137e-05
-2.1949902e-07
-6.7495199e-08
1.0884864e-05
-2.4343189e-07
-4.3988208e-08
1.1033289e-05
-2.8040645e-07
-1.0198613e-08
1.1167589e-05
-3.3766857e-07
4.0097248e-08
1.1287598e-05
-4.2127488e-07
1.1122344e-07
1.1389456e-05
-5.3700712e-07
2.0990762e-07
1.1470614e-05
-6.9306774e-07
3.4233143e-07
1.1532687e-05
-8.9675259e-07
5.1229881e-07
1.1580738e-05
-1.1458229e-06
7.1846796e-07
1.1622425e-05
-1.4235514e-06
9.5258649e-07
1.1665911e-05
-1.6969433e-06
1.1999485e-06
1.1713693e-05
-1.9187228e-06
1.4406984e-06
1.1765725e-05
-2.058382e-06
1.6563687e-06
1.1829463e-05
-2.1217826e-06
1.8330738e-06
1.1929517e-05
-2.1353437e-06
1.961771e-06
1.2102452e-05
-2.0990588e-06
2.029772e-06
1.2435529e-05
-2.012671e-06
2.0257977e-06
1.3157705e-05
-1.8495572e-06
1.9420213e-06
1.4742551e-05
-1.5065556e-06
1.788673e-06
-7.7618722e-07
1.5587467e-06
9.3440117e-06
-1.623893e-07
-3.8278857e-08
9.4082947e-06
-2.027267e-07
-6.8802421e-08
9.459866e-06
-2.095402e-07
-8.5218942e-08
9.5061731e-06
-2.1260579e-07
-9.5135177e-08
9.5523759e-06
-2.1211573e-07
-1.0250466e-07
9.5992126e-06
-2.077409e-07
-1.0800942e-07
9.6462649e-06
-2.0189406e-07
-1.1200455e-07
9.692956e-06
-1.9667315e-07
-1.1507155e-07
9.7384875e-06
-1.9330888e-07
-1.1777684e-07
9.7817217e-06
-1.9281843e-07
-1.2054835e-07
9.8213097e-06
-1.9643216e-07
-1.235391e-07
9.8555548e-06
-2.0586381e-07
-1.2641308e-07
9.8817594e-06
-2.2390325e-07
-1.279468e-07
9.8935003e-06
-2.5490948e-07
-1.2607466e-07
9.8830225e-06
-3.0453868e-07
-1.1795e-07
9.8432763e-06
-3.7917707e-07
-9.9847432e-08
9.7685689e-06
-4.8858182e-07
-6.8342967e-08
9.6671538e-06
-6.4397739e-07
-2.4566678e-08
9.5482333e-06
-8.531004e-07
5.0618987e-08
9.4224349e-06
-1.0947155e-06
1.5828754e-07
9.3189459e-06
-1.3036626e-06
2.4476122e-07
9.2485742e-06
-1.4100662e-06
2.9057504e-07
9.2089879e-06
-1.3886889e-06
2.8107174e-07
9.1958421e-06
-1.2734252e-06
2.020014e-07
9.2405276e-06
-1.1326055e-06
2.7003117e-08
9.3581752e-06
-1.0185236e-06
-2.081314e-07
9.610359e-06
-9.5681649e-07
-5.5260658e-07
1.0142276e-05
-9.6348056e-07
-1.0894305e-06
1.1285948e-05
-1.1105163e-06
-1.8919484e-06
-1.7205176e-06
-3.059612e-06
9.1238238e-06
-3.7157345e-08
8.9504111e-06
-6.6350734e-08
8.7741869e-06
-8.1660395e-08
8.5967784e-06
-9.0517076e-08
8.4216027e-06
-9.6806213e-08
8.2523739e-06
-1.0128543e-07
8.0906064e-06
-1.0441441e-07
7.9362398e-06
-1.0694499e-07
7.7885644e-06
-1.0971251e-07
7.6465026e-06
-1.1357489e-07
7.5085731e-06
-1.1952242e-07
7.3726132e-06
-1.2886285e-07
7.2352125e-06
-1.4350508e-07
7.0906053e-06
-1.660734e-07
6.9295778e-06
-1.9978117e-07
6.7401042e-06
-2.500401e-07
6.5089237e-06
-3.2914026e-07
6.2273659e-06
-4.5997842e-07
5.8968924e-06
-6.7389846e-07
5.5427584e-06
-9.9717715e-07
5.2230323e-06
-1.4346184e-06
5.0067616e-06
-1.9632357e-06
4.9316759e-06
-2.536711e-06
4.9747969e-06
-3.102437e-06
5.0566462e-06
-3.6090316e-06
5.1021021e-06
-4.0634221e-06
5.0531147e-06
-4.5014312e-06
4.8338949e-06
-4.9536561e-06
4.242387e-06
-5.4425351e-06
-5.9511925e-06
9.3935594e-06
-8.1695874e-08
-7.8390051e-08
9.5236318e-06
-9.4264195e-08
-9.6449371e-08
9.6660164e-06
-1.1705305e-07
-9.5977639e-08
9.8008533e-06
-1.1792689e-07
-8.9938084e-08
9.9176065e-06
-1.0910783e-07
-7.9048517e-08
1.0016356e-05
-1.0184546e-07
-6.3269484e-08
1.0099448e-05
-9.8295513e-08
-4.2485891e-08
1.0170968e-05
-9.9195354e-08
-1.7367641e-08
1.0232487e-05
-1.0654452e-07
1.836178e-08
1.0284422e-05
-1.2294777e-07
7.2990273e-08
1.0324422e-05
-1.5082559e-07
1.4159229e-07
1.0354696e-05
-1.9176596e-07
2.3215413e-07
1.037566e-05
-2.4917787e-07
3.5129819e-07
1.0395891e-05
-3.3367673e-07
5.0548103e-07
1.0417005e-05
-4.3860195e-07
6.9822549e-07
1.0442547e-05
-5.6353877e-07
9.2909189e-07
1.047672e-05
-7.02208e-07
1.192152e-06
1.0522979e-05
-8.4172088e-07
1.4754267e-06
1.05822e-05
-9.6318248e-07
1.762207e-06
1.0651816e-05
-1.0467013e-06
2.0344682e-06
1.0727308e-05
-1.0795543e-06
2.2767894e-06
1.0804833e-05
-1.0638602e-06
2.478669e-06
1.0884225e-05
-1.0137834e-06
2.634453e-06
1.0971912e-05
-9.4644041e-07
2.7411421e-06
1.1072411e-05
-8.6836523e-07
2.7946102e-06
1.1178175e-05
-7.7153255e-07
2.7866151e-06
1.1254953e-05
-6.2654322e-07
2.7019528e-06
1.1220179e-05
-3.6697951e-07
2.512678e-06
1.0904884e-05
1.4271759e-07
2.1731321e-06
1.8781701e-06
1.6241954e-06
9.3375053e-06
-1.0558906e-07
-8.248268e-08
9.452425e-06
-1.6999563e-07
-1.069554e-07
9.5623909e-06
-1.9529571e-07
-1.1489992e-07
9.6813474e-06
-2.0803625e-07
-1.2050741e-07
9.8121382e-06
-2.1268485e-07
-1.2430905e-07
9.9493598e-06
-2.1341145e-07
-1.2559557e-07
1.0089608e-05
-2.1419727e-07
-1.2453108e-07
1.0231878e-05
-2.181361e-07
-1.2115341e-07
1.0376181e-05
-2.2796582e-07
-1.1529394e-07
1.0522509e-05
-2.4695752e-07
-1.0517457e-07
1.0670654e-05
-2.7897124e-07
-8.7310838e-08
1.0821627e-05
-3.2819518e-07
-5.8332753e-08
1.0978205e-05
-3.9964091e-07
-1.6100465e-08
1.1132277e-05
-5.0014839e-07
5.2718004e-08
1.1284713e-05
-6.329626e-07
1.5337516e-07
1.1437312e-05
-7.9521158e-07
2.892068e-07
1.159268e-05
-9.7677691e-07
4.6175555e-07
1.1754634e-05
-1.1543212e-06
6.6316614e-07
1.1924456e-05
-1.290837e-06
8.7652801e-07
1.2098675e-05
-1.3501566e-06
1.0820658e-06
1.2266444e-05
-1.3119972e-06
1.2648913e-06
1.2417989e-05
-1.1937643e-06
1.4193528e-06
1.2549678e-05
-1.0335984e-06
1.5448166e-06
1.2676995e-05
-8.7371627e-07
1.6333759e-06
1.2820432e-05
-7.1887904e-07
1.6692163e-06
1.3023623e-05
-5.7364432e-07
1.6290862e-06
1.337493e-05
-4.2883446e-07
1.4771991e-06
1.4049614e-05
-2.6103272e-07
1.1618296e-06
1.53446e-05
-5.4492764e-09
6.423508e-07
5.0200244e-07
-1.7766712e-07
9.3713596e-06
-1.6278256e-07
-8.3489149e-08
9.444896e-06
-2.0350991e-07
-1.0882433e-07
9.4935386e-06
-2.1122825e-07
-1.1792818e-07
9.5306941e-06
-2.1537934e-07
-1.2494586e-07
9.5625915e-06
-2.1616027e-07
-1.3092377e-07
9.590261e-06
-2.1338578e-07
-1.3570009e-07
9.6137227e-06
-2.095756e-07
-1.4008157e-07
9.632664e-06
-2.0699347e-07
-1.4514671e-07
9.6464669e-06
-2.0719944e-07
-1.5233476e-07
9.6541415e-06
-2.1195743e-07
-1.6320861e-07
9.654387e-06
-2.2379273e-07
-1.7894544e-07
9.6462319e-06
-2.4646213e-07
-1.9996972e-07
9.628764e-06
-2.8535322e-07
-2.2474135e-07
9.6014528e-06
-3.4741072e-07
-2.5147067e-07
9.5686432e-06
-4.4019604e-07
-2.7786834e-07
9.5422309e-06
-5.6932521e-07
-2.9927014e-07
9.5389007e-06
-7.3388571e-07
-3.0783254e-07
9.5742231e-06
-9.0827403e-07
-3.0583038e-07
9.6708774e-06
-1.0291869e-06
-3.0752081e-07
9.8412288e-06
-1.0302701e-06
-3.3169848e-07
1.0060308e-05
-8.971473e-07
-3.8881723e-07
1.0298566e-05
-6.676168e-07
-4.7339587e-07
1.0512888e-05
-3.908524e-07
-5.7551294e-07
1.0630122e-05
-1.0005889e-07
-6.8837766e-07
1.066272e-05
1.1395431e-07
-8.3783627e-07
1.0652613e-05
2.6267476e-07
-1.033673e-06
1.0615884e-05
3.6579623e-07
-1.3097731e-06
1.0553141e-05
4.3402183e-07
-1.7209533e-06
1.0510729e-05
5.0528045e-07
-2.3594329e-06
6.1153131e-07
-3.2889816e-06
9.1505554e-06
-8.154795e-08
8.9865302e-06
-1.0583565e-07
8.8075073e-06
-1.1386581e-07
8.6208651e-06
-1.1925428e-07
8.4312448e-06
-1.2334626e-07
8.2426663e-06
-1.2609263e-07
8.0570433e-06
-1.2836673e-07
7.8744974e-06
-1.3139204e-07
7.6941445e-06
-1.3655834e-07
7.5142297e-06
-1.456163e-07
7.3317353e-06
-1.6081901e-07
7.1417122e-06
-1.8529941e-07
6.9369415e-06
-2.2408435e-07
6.7072297e-06
-2.8376746e-07
6.4391816e-06
-3.7192112e-07
6.1218882e-06
-5.0205305e-07
5.7596901e-06
-7.0077209e-07
5.3857547e-06
-9.9415734e-07
5.0713158e-06
-1.3882776e-06
4.899977e-06
-1.8554481e-06
4.9086913e-06
-2.3395391e-06
5.0630551e-06
-2.7840838e-06
5.2951753e-06
-3.158459e-06
5.5545914e-06
-3.4606693e-06
5.7523986e-06
-3.6917214e-06
5.8283147e-06
-3.8755596e-06
5.7478377e-06
-4.0541035e-06
5.5004323e-06
-4.2712113e-06
5.1106806e-06
-4.546515e-06
-4.7342877e-06
9.2742343e-06
-8.3417083e-08
9.2740139e-06
-9.579537e-08
9.2926007e-06
-1.1396672e-07
9.3089739e-06
-1.0557534e-07
9.314862e-06
-8.4080867e-08
9.3123052e-06
-5.9751346e-08
9.3057209e-06
-3.484502e-08
9.3013557e-06
-1.185943e-08
9.3044175e-06
1.6521643e-08
9.3247628e-06
5.3935124e-08
9.3682569e-06
9.9447548e-08
9.4388218e-06
1.6298852e-07
9.5348117e-06
2.5674812e-07
9.6561928e-06
3.8555656e-07
9.7903787e-06
5.6550335e-07
9.9190836e-06
8.0184564e-07
1.0022734e-05
1.089943e-06
1.0087183e-05
1.4123885e-06
1.0108735e-05
1.7420273e-06
1.0093793e-05
2.0507431e-06
1.0054364e-05
2.3175134e-06
1.0003561e-05
2.5307379e-06
9.9525564e-06
2.6867046e-06
9.9061259e-06
2.7888104e-06
9.8553209e-06
2.8466548e-06
9.7668147e-06
2.8763713e-06
9.5626347e-06
2.9074039e-06
9.0758892e-06
3.0007254e-06
7.9650219e-06
3.2853426e-06
4.136963e-06
9.2080479e-06
-1.049782e-07
9.1734024e-06
-1.6809007e-07
9.1354874e-06
-1.9092274e-07
9.1080207e-06
-1.9857038e-07
9.0949438e-06
-1.9524817e-07
9.0939005e-06
-1.842173e-07
9.1038265e-06
-1.6919255e-07
9.1243877e-06
-1.5343964e-07
9.1609859e-06
-1.3520876e-07
9.2199991e-06
-1.1005216e-07
9.306599e-06
-7.4210352e-08
9.4290339e-06
-1.7453032e-08
9.5965506e-06
7.355896e-08
9.8116081e-06
2.2376781e-07
1.0075229e-05
4.5595261e-07
1.0369651e-05
7.9747516e-07
1.0658811e-05
1.2635169e-06
1.0903093e-05
1.8323475e-06
1.1075224e-05
2.4475507e-06
1.1168321e-05
3.0408512e-06
1.1191764e-05
3.560086e-06
1.1163513e-05
3.9794329e-06
1.110304e-05
4.2930449e-06
1.102019e-05
4.5060468e-06
1.0904061e-05
4.6329788e-06
1.0715255e-05
4.6952227e-06
1.0365167e-05
4.7356419e-06
9.6866518e-06
4.8420287e-06
8.4411803e-06
5.1741557e-06
5.9285585e-06
9.2411403e-06
-1.6065176e-07
9.1649282e-06
-2.0070205e-07
9.0637451e-06
-2.0766696e-07
8.9498944e-06
-2.0966369e-07
8.8306505e-06
-2.0692485e-07
8.7099177e-06
-1.9917956e-07
8.5893473e-06
-1.8869655e-07
8.4682043e-06
-1.7743313e-07
8.3465226e-06
-1.6584833e-07
8.2265222e-06
-1.5324245e-07
8.1128134e-06
-1.394237e-07
8.0211293e-06
-1.2570747e-07
7.9751042e-06
-1.0510679e-07
8.003172e-06
-5.5673491e-08
8.1320916e-06
4.935458e-08
8.3927999e-06
2.378424e-07
8.7667141e-06
5.8232656e-07
9.1937063e-06
1.1003107e-06
9.5999632e-06
1.734757e-06
9.9384441e-06
2.3717937e-06
1.0190544e-05
2.9203633e-06
1.035487e-05
3.3429245e-06
1.043671e-05
3.6368889e-06
1.0441711e-05
3.8138274e-06
1.0351539e-05
3.8864287e-06
1.0135877e-05
3.8782857e-06
9.7344001e-06
3.8283846e-06
9.0422117e-06
3.8142802e-06
7.8349755e-06
4.0229688e-06
4.8756092e-06
9.0267477e-06
8.7202099e-06
8.398677e-06
8.069759e-06
7.7394879e-06
7.4142159e-06
7.097153e-06
6.7883284e-06
6.485923e-06
6.1870658e-06
5.8868257e-06
5.5758223e-06
5.246637e-06
4.9072063e-06
4.5846659e-06
4.3205368e-06
4.2023216e-06
4.3089696e-06
4.6562458e-06
5.1736226e-06
5.7556162e-06
6.3156876e-06
6.7953601e-06
7.1497415e-06
7.3456369e-06
7.3495084e-06
7.1248932e-06
6.6690276e-06
6.1465146e-06
)
;

boundaryField
{
    maxY
    {
        type            calculated;
        value           nonuniform List<scalar> 
300
(
0
0
0
0
0
0
0
0
0
0
0
0
0
0
0
0
0
0
0
0
0
0
0
0
0
0
0
0
0
0
0
0
0
0
0
0
0
0
0
0
0
0
0
0
0
0
0
0
0
0
0
0
0
0
0
0
0
0
0
0
0
0
0
0
0
0
0
0
0
0
0
0
0
0
0
0
0
0
0
0
0
0
0
0
0
0
0
0
0
0
0
0
0
0
0
0
0
0
0
0
0
0
0
0
0
0
0
0
0
0
0
0
0
0
0
0
0
0
0
0
0
0
0
0
0
0
0
0
0
0
0
0
0
0
0
0
0
0
0
0
0
0
0
0
0
0
0
0
0
0
0
0
0
0
0
0
0
0
0
0
0
0
0
0
0
0
0
0
0
0
0
0
0
0
0
0
0
0
0
0
0
0
-6.4623485e-27
0
0
0
0
0
0
0
0
0
0
0
0
0
0
0
0
0
0
0
0
0
0
0
0
0
0
0
0
0
0
0
0
0
0
0
0
0
0
0
0
0
0
0
0
0
0
0
0
0
0
0
0
0
0
0
0
0
0
0
0
0
0
0
0
0
0
0
0
0
0
0
0
0
0
0
0
0
0
0
0
0
0
0
0
0
0
0
0
0
0
0
0
0
0
0
0
0
0
0
0
0
0
0
0
0
0
0
0
0
0
0
0
0
0
0
0
0
)
;
    }
    minX
    {
        type            calculated;
        value           nonuniform List<scalar> 
40
(
-9.2689726e-06
-9.2689643e-06
-9.2689559e-06
-9.2689475e-06
-9.2689726e-06
-9.2689642e-06
-9.2689558e-06
-9.2689474e-06
-9.2689725e-06
-9.2689642e-06
-9.2689558e-06
-9.2689474e-06
-9.2689725e-06
-9.2689642e-06
-9.2689558e-06
-9.2689474e-06
-9.2689725e-06
-9.2689642e-06
-9.2689558e-06
-9.2689474e-06
-9.2689725e-06
-9.2689642e-06
-9.2689558e-06
-9.2689474e-06
-9.2689725e-06
-9.2689642e-06
-9.2689558e-06
-9.2689474e-06
-9.2689725e-06
-9.2689642e-06
-9.2689558e-06
-9.2689474e-06
-9.2689726e-06
-9.2689642e-06
-9.2689558e-06
-9.2689474e-06
-9.2689726e-06
-9.2689643e-06
-9.2689559e-06
-9.2689475e-06
)
;
    }
    maxX
    {
        type            calculated;
        value           nonuniform List<scalar> 
40
(
5.4536338e-06
6.4730286e-06
5.5999802e-06
6.2888411e-06
9.2102096e-06
1.8457803e-05
1.0631403e-05
4.5062597e-06
9.6037302e-06
1.8046722e-05
1.412362e-05
2.6178215e-06
5.2755532e-06
1.3765861e-05
1.6637876e-05
4.1949078e-06
1.2523787e-06
8.3500484e-06
1.4425978e-05
1.0781914e-05
1.2522359e-06
8.3493838e-06
1.4425105e-05
1.078229e-05
5.2754359e-06
1.3765449e-05
1.6637864e-05
4.1950564e-06
9.6037486e-06
1.8046589e-05
1.4123721e-05
2.6178877e-06
9.2102438e-06
1.8457819e-05
1.063143e-05
4.506278e-06
5.4536474e-06
6.473048e-06
5.6000043e-06
6.2888652e-06
)
;
    }
    minZ
    {
        type            calculated;
        value           uniform 0;
    }
    maxZ
    {
        type            calculated;
        value           uniform 0;
    }
    topAir_to_rightSolid
    {
        type            calculated;
        value           nonuniform List<scalar> 
130
(
0
0
0
0
0
0
0
0
0
0
0
0
0
0
0
0
0
0
4.2351647e-22
4.2351647e-22
0
-4.2351647e-22
0
0
4.2351647e-22
0
0
4.2351647e-22
0
4.2351647e-22
-4.2351647e-22
0
0
0
0
0
0
0
0
0
0
0
0
0
0
0
0
0
0
0
0
0
0
0
0
0
0
0
0
0
0
0
0
0
0
0
0
0
0
0
0
0
0
0
0
0
0
0
0
0
0
0
0
0
0
0
0
0
0
0
0
0
0
0
0
-4.2351647e-22
0
0
-4.2351647e-22
0
4.2351647e-22
4.2351647e-22
0
0
0
4.2351647e-22
4.2351647e-22
0
0
0
0
0
0
0
0
0
0
0
0
0
0
0
0
0
0
0
0
0
0
0
)
;
    }
    topAir_to_heater
    {
        type            calculated;
        value           nonuniform List<scalar> 
40
(
0
0
0
0
0
0
-4.2351647e-22
0
0
0
0
0
0
0
0
0
0
0
0
0
0
0
0
0
0
0
0
0
0
0
0
0
-4.2351647e-22
0
0
0
0
0
0
0
)
;
    }
    topAir_to_leftSolid
    {
        type            calculated;
        value           nonuniform List<scalar> 
130
(
0
0
0
0
0
0
-4.2351647e-22
0
0
0
0
-4.2351647e-22
-4.2351647e-22
0
0
0
0
0
0
0
4.2351647e-22
0
4.2351647e-22
0
0
-4.2351647e-22
0
0
0
0
0
0
0
0
0
0
4.2351647e-22
0
4.2351647e-22
0
0
0
0
0
0
0
0
0
0
0
0
0
0
0
0
0
0
4.2351647e-22
-4.2351647e-22
0
0
0
0
0
0
0
0
0
0
0
0
4.2351647e-22
0
0
-4.2351647e-22
4.2351647e-22
0
0
0
0
0
0
0
4.2351647e-22
0
0
0
0
0
0
0
0
0
0
0
0
0
0
0
4.2351647e-22
0
0
0
0
0
0
0
0
0
0
0
0
0
0
0
0
0
0
0
0
0
4.2351647e-22
0
0
0
4.2351647e-22
4.2351647e-22
0
-4.2351647e-22
0
)
;
    }
}


// ************************************************************************* //
