/*--------------------------------*- C++ -*----------------------------------*\
| =========                 |                                                 |
| \\      /  F ield         | OpenFOAM: The Open Source CFD Toolbox           |
|  \\    /   O peration     | Version:  v2012                                 |
|   \\  /    A nd           | Website:  www.openfoam.com                      |
|    \\/     M anipulation  |                                                 |
\*---------------------------------------------------------------------------*/
FoamFile
{
    version     2.0;
    format      ascii;
    class       surfaceScalarField;
    location    "70/topAir";
    object      phi;
}
// * * * * * * * * * * * * * * * * * * * * * * * * * * * * * * * * * * * * * //

dimensions      [1 0 -1 0 0 0 0];
oriented        oriented;


internalField   nonuniform List<scalar> 
3140
(
9.3186795e-06
-1.2709685e-07
7.7593093e-08
9.3616449e-06
-1.3714954e-07
9.4551557e-08
9.4214277e-06
-1.5183728e-07
9.2553712e-08
9.4744873e-06
-1.3677248e-07
8.4320701e-08
9.5120489e-06
-1.0791235e-07
7.1051357e-08
9.5369304e-06
-7.6542287e-08
5.2442137e-08
9.5546699e-06
-4.5475579e-08
2.858921e-08
9.5721112e-06
-1.7215419e-08
6.9151278e-10
9.6075722e-06
1.5430821e-08
-4.9917932e-08
9.6621264e-06
6.1184376e-08
-1.1471655e-07
9.74679e-06
1.1795998e-07
-2.0156091e-07
9.8626921e-06
2.0422267e-07
-3.1902884e-07
1.0002695e-05
3.3619685e-07
-4.7507824e-07
1.0161243e-05
5.2016981e-07
-6.7759642e-07
1.0313521e-05
7.7713567e-07
-9.2829942e-07
1.0433156e-05
1.1028515e-06
-1.2213895e-06
1.0501175e-05
1.475413e-06
-1.5423598e-06
1.051282e-05
1.8590333e-06
-1.8696399e-06
1.0477431e-05
2.2159e-06
-2.1795051e-06
1.041251e-05
2.5182711e-06
-2.4523735e-06
1.0337644e-05
2.752267e-06
-2.6764466e-06
1.0270862e-05
2.9149126e-06
-2.8471896e-06
1.0223644e-05
3.0126307e-06
-2.9644754e-06
1.0194933e-05
3.0585067e-06
-3.028853e-06
1.0167518e-05
3.0673628e-06
-3.0389924e-06
1.0100193e-05
3.0569171e-06
-2.9886165e-06
9.9066867e-06
3.0583559e-06
-2.8638474e-06
9.4090565e-06
3.1358855e-06
-2.6372213e-06
8.2404412e-06
3.431864e-06
-2.262176e-06
4.3822068e-06
-1.6971413e-06
9.1874554e-06
-1.2771233e-07
8.2129757e-08
9.1457054e-06
-2.021297e-07
1.0674332e-07
9.1056448e-06
-2.2647047e-07
1.1471869e-07
9.081655e-06
-2.3297857e-07
1.202351e-07
9.0771579e-06
-2.2702508e-07
1.2366542e-07
9.088842e-06
-2.1234623e-07
1.2419353e-07
9.1154796e-06
-1.9383218e-07
1.2181242e-07
9.1579132e-06
-1.75784e-07
1.162491e-07
9.2237525e-06
-1.5700108e-07
1.067313e-07
9.3247751e-06
-1.2970217e-07
9.0037202e-08
9.4700575e-06
-8.8404014e-08
6.1302591e-08
9.6704808e-06
-1.3772847e-08
1.7864753e-08
9.9418935e-06
1.1964269e-07
-5.4473479e-08
1.0273663e-05
3.5254297e-07
-1.6364615e-07
1.0645812e-05
7.2132446e-07
-3.1572127e-07
1.1010573e-05
1.2526852e-06
-5.1386741e-07
1.1309412e-05
1.9261059e-06
-7.487257e-07
1.1504963e-05
2.661595e-06
-9.9726449e-07
1.159355e-05
3.3614833e-06
-1.2333119e-06
1.1595998e-05
3.9578407e-06
-1.4411733e-06
1.1543742e-05
4.4235917e-06
-1.6182512e-06
1.1469574e-05
4.7570905e-06
-1.7672248e-06
1.1393004e-05
4.9705333e-06
-1.8805769e-06
1.1312203e-05
5.0863028e-06
-1.946258e-06
1.1207252e-05
5.1263338e-06
-1.9532916e-06
1.1034794e-05
5.1135641e-06
-1.883456e-06
1.0703231e-05
5.0933925e-06
-1.7027216e-06
1.0042993e-05
5.1562233e-06
-1.3593127e-06
8.7980059e-06
5.4728087e-06
-7.9510261e-07
6.2814497e-06
4.0483984e-08
9.2279008e-06
-1.7001875e-07
8.3362235e-08
9.1328296e-06
-2.1610279e-07
1.0904462e-07
9.0129574e-06
-2.2506592e-07
1.1846832e-07
8.8812465e-06
-2.2710516e-07
1.2583915e-07
8.7456322e-06
-2.2365498e-07
1.3224688e-07
8.6105664e-06
-2.148381e-07
1.3756194e-07
8.477471e-06
-2.0333645e-07
1.4260592e-07
8.3447227e-06
-1.9157197e-07
1.4854511e-07
8.2110313e-06
-1.8040057e-07
1.5710248e-07
8.0803135e-06
-1.6938818e-07
1.7041941e-07
7.9612427e-06
-1.5912017e-07
1.8980727e-07
7.8851126e-06
-1.5261165e-07
2.1499667e-07
7.8975451e-06
-1.342491e-07
2.4151123e-07
8.0415775e-06
-5.6012192e-08
2.6463552e-07
8.3618356e-06
1.2090151e-07
2.8039239e-07
8.8473717e-06
4.8630569e-07
2.8123846e-07
9.3929748e-06
1.1155811e-06
2.6550189e-07
9.8858049e-06
1.9142336e-06
2.5526937e-07
1.0273013e-05
2.6923334e-06
2.827845e-07
1.0547351e-05
3.3294454e-06
3.549501e-07
1.0721512e-05
3.7969813e-06
4.5335106e-07
1.0820313e-05
4.10693e-06
5.5224244e-07
1.0864469e-05
4.2781719e-06
6.4905867e-07
1.0842976e-05
4.3260292e-06
7.8258707e-07
1.0728598e-05
4.2791761e-06
9.6232876e-07
1.0494776e-05
4.1737319e-06
1.1744305e-06
1.0078626e-05
4.0505419e-06
1.4597698e-06
9.3733991e-06
3.9887458e-06
1.8734834e-06
8.1814981e-06
4.1903146e-06
2.4752062e-06
5.1175644e-06
3.3725803e-06
9.0174967e-06
8.1432743e-08
8.6953604e-06
1.060334e-07
8.3559351e-06
1.1435933e-07
8.0087555e-06
1.2007427e-07
7.6605208e-06
1.245798e-07
7.3178101e-06
1.2787269e-07
6.9835723e-06
1.3090168e-07
6.6569445e-06
1.3505632e-07
6.3344761e-06
1.4206886e-07
6.0107776e-06
1.5431169e-07
5.6765662e-06
1.7509353e-07
5.3145088e-06
2.0944902e-07
4.9142776e-06
2.6598789e-07
4.502486e-06
3.5579167e-07
4.1315021e-06
4.9192877e-07
3.9152535e-06
7.0270823e-07
4.0020032e-06
1.0292123e-06
4.4293082e-06
1.4875604e-06
5.0799454e-06
2.0424981e-06
5.7994355e-06
2.6108415e-06
6.4844812e-06
3.1128514e-06
7.0794153e-06
3.5129087e-06
7.5486217e-06
3.8098574e-06
7.8769438e-06
3.9985702e-06
8.0360386e-06
4.1209162e-06
7.9961127e-06
4.2144684e-06
7.7249139e-06
4.3225345e-06
7.2273165e-06
4.4871295e-06
6.6956679e-06
4.7227582e-06
4.8676684e-06
9.4367952e-06
-1.2548282e-07
3.5457037e-08
9.6075997e-06
-1.357817e-07
5.9895484e-08
9.7877629e-06
-1.5624072e-07
6.9127311e-08
9.9545055e-06
-1.5249382e-07
7.0673249e-08
1.0096507e-05
-1.3840974e-07
6.8148709e-08
1.0214729e-05
-1.2687199e-07
6.1857211e-08
1.0312983e-05
-1.2032338e-07
5.1488643e-08
1.0398253e-05
-1.198884e-07
3.6195235e-08
1.0466601e-05
-1.2963747e-07
1.2305152e-08
1.0521452e-05
-1.5173421e-07
-1.6860044e-08
1.0562666e-05
-1.8902736e-07
-5.2746199e-08
1.0592447e-05
-2.4580949e-07
-1.0198035e-07
1.0610127e-05
-3.2408119e-07
-1.6764963e-07
1.0628656e-05
-4.3933968e-07
-2.5578565e-07
1.0650893e-05
-5.7928004e-07
-3.7029459e-07
1.0683022e-05
-7.3936215e-07
-5.1323975e-07
1.0731763e-05
-9.0487353e-07
-6.853573e-07
1.079916e-05
-1.0501742e-06
-8.8603403e-07
1.0879448e-05
-1.1463956e-06
-1.1125941e-06
1.0962686e-05
-1.1777663e-06
-1.3570534e-06
1.1042389e-05
-1.1519578e-06
-1.6033983e-06
1.1119389e-05
-1.0926011e-06
-1.8307891e-06
1.1202707e-05
-1.0214231e-06
-2.0255563e-06
1.1298914e-05
-9.4495201e-07
-2.1792751e-06
1.1407951e-05
-8.6156979e-07
-2.2855994e-06
1.1515766e-05
-7.5871653e-07
-2.3368245e-06
1.1580153e-05
-6.0265204e-07
-2.3246527e-06
1.1513424e-05
-3.2489676e-07
-2.2446191e-06
1.1066997e-05
2.9183868e-07
-2.1065615e-06
2.1931242e-06
-1.9012406e-06
9.3163044e-06
-1.2845319e-07
3.7765343e-08
9.4241758e-06
-2.0439862e-07
6.7501878e-08
9.5317362e-06
-2.3172674e-07
8.2668678e-08
9.6530895e-06
-2.4436316e-07
9.0789032e-08
9.7906183e-06
-2.4791941e-07
9.5699253e-08
9.9376078e-06
-2.4732903e-07
9.7730384e-08
1.0090028e-05
-2.4753599e-07
9.6691413e-08
1.0246799e-05
-2.5255593e-07
9.2249777e-08
1.0407003e-05
-2.6636642e-07
8.3377743e-08
1.0570672e-05
-2.9364841e-07
6.8420525e-08
1.0737803e-05
-3.3960538e-07
4.4902886e-08
1.0910899e-05
-4.1060533e-07
9.7298445e-09
1.1090335e-05
-5.1389394e-07
-4.3922696e-08
1.1266628e-05
-6.5801563e-07
-1.2108322e-07
1.144652e-05
-8.4380138e-07
-2.3091154e-07
1.163465e-05
-1.0591985e-06
-3.8198499e-07
1.183753e-05
-1.2763551e-06
-5.7995108e-07
1.2054608e-05
-1.4401478e-06
-8.2419208e-07
1.2271133e-05
-1.492725e-06
-1.1033179e-06
1.2466081e-05
-1.4198654e-06
-1.3938127e-06
1.2624972e-05
-1.2603944e-06
-1.6684742e-06
1.2752523e-05
-1.0789452e-06
-1.9081826e-06
1.2873215e-05
-9.1655559e-07
-2.1058669e-06
1.2995302e-05
-7.4964484e-07
-2.2633606e-06
1.3129823e-05
-5.7615599e-07
-2.3729121e-06
1.3321873e-05
-4.2136348e-07
-2.412522e-06
1.3662475e-05
-2.7408362e-07
-2.3715299e-06
1.4341947e-05
-1.100027e-07
-2.2532912e-06
1.5712327e-05
2.1410997e-07
-2.0872922e-06
7.0650954e-07
-1.8853782e-06
9.3577775e-06
-1.7218986e-07
3.8278088e-08
9.4127605e-06
-2.1906071e-07
6.8723858e-08
9.4433672e-06
-2.2898206e-07
8.511768e-08
9.4634174e-06
-2.335598e-07
9.4987051e-08
9.4797392e-06
-2.3424192e-07
1.0225009e-07
9.4937078e-06
-2.3127522e-07
1.0754346e-07
9.5052082e-06
-2.2759192e-07
1.1116699e-07
9.5135429e-06
-2.2594415e-07
1.1360615e-07
9.5175339e-06
-2.2854878e-07
1.1530368e-07
9.5158416e-06
-2.3809839e-07
1.1657408e-07
9.5073092e-06
-2.5860452e-07
1.1735393e-07
9.4917719e-06
-2.966009e-07
1.1654765e-07
9.469962e-06
-3.6182522e-07
1.112738e-07
9.4456644e-06
-4.6639633e-07
9.7340251e-08
9.4320853e-06
-6.2066074e-07
7.0865038e-08
9.4486161e-06
-8.2537167e-07
3.0927744e-08
9.5278137e-06
-1.0436883e-06
-4.6294045e-08
9.7016302e-06
-1.1826117e-06
-1.7596994e-07
9.9511807e-06
-1.1497202e-06
-3.0958758e-07
1.0241331e-05
-9.3601066e-07
-4.1879809e-07
1.0526567e-05
-6.1514428e-07
-4.7682565e-07
1.0732347e-05
-2.5044312e-07
-4.8171519e-07
1.0848864e-05
3.6185387e-08
-4.1981224e-07
1.0893939e-05
2.3459796e-07
-2.4627481e-07
1.0885244e-05
3.7750866e-07
1.7880026e-08
1.0861519e-05
4.7736692e-07
3.0000414e-07
1.0819733e-05
5.2798798e-07
7.0011525e-07
1.0767799e-05
5.4833896e-07
1.2677526e-06
1.0837754e-05
5.8579399e-07
2.0342751e-06
6.8891586e-07
3.1132501e-06
9.1410139e-06
3.7177134e-08
8.9616664e-06
6.6320138e-08
8.7653896e-06
8.1653932e-08
8.5613664e-06
9.0537588e-08
8.3548811e-06
9.6823172e-08
8.1502286e-06
1.0125004e-07
7.9492808e-06
1.0425784e-07
7.7518071e-06
1.0658623e-07
7.5562341e-06
1.0909385e-07
7.3596896e-06
1.1275894e-07
7.1573146e-06
1.1886552e-07
6.9408758e-06
1.2928916e-07
6.6980429e-06
1.4699859e-07
6.411325e-06
1.7611815e-07
6.0604966e-06
2.2210722e-07
5.6402073e-06
2.9766231e-07
5.1927693e-06
4.3308315e-07
4.8238349e-06
6.7418696e-07
4.6579559e-06
1.0592081e-06
4.7430954e-06
1.5904549e-06
5.0202461e-06
2.2214392e-06
5.4140641e-06
2.8695693e-06
5.8137587e-06
3.4472207e-06
6.1408456e-06
3.9069156e-06
6.352095e-06
4.2879794e-06
6.4215305e-06
4.6231844e-06
6.3288847e-06
4.9439427e-06
6.0829547e-06
5.2821702e-06
5.7316132e-06
5.6606697e-06
6.0516237e-06
9.4117672e-06
-1.2622416e-07
1.9090245e-08
9.5735205e-06
-1.3546746e-07
3.3976609e-08
9.754474e-06
-1.5371694e-07
4.2387345e-08
9.9255459e-06
-1.4608648e-07
4.6290155e-08
1.0074311e-05
-1.2752469e-07
4.7599541e-08
1.0200659e-05
-1.1086107e-07
4.7136735e-08
1.0306497e-05
-9.8746118e-08
4.5229458e-08
1.0393625e-05
-9.2173627e-08
4.2132136e-08
1.0461018e-05
-9.2198602e-08
3.8051676e-08
1.0510634e-05
-9.9029704e-08
3.3537922e-08
1.0543785e-05
-1.1349883e-07
2.8623906e-08
1.0557183e-05
-1.3724282e-07
2.2916375e-08
1.0544207e-05
-1.7006239e-07
1.6462253e-08
1.0519923e-05
-2.3561039e-07
5.1715359e-09
1.0481087e-05
-3.2203713e-07
-8.3808154e-09
1.0431192e-05
-4.395537e-07
-2.2784558e-08
1.0382893e-05
-5.9565046e-07
-4.0451883e-08
1.0354825e-05
-7.9450342e-07
-6.2571157e-08
1.0367929e-05
-1.0308107e-06
-9.4068507e-08
1.0434255e-05
-1.2800612e-06
-1.4256034e-07
1.0548982e-05
-1.5025203e-06
-2.1487751e-07
1.0698085e-05
-1.666771e-06
-3.1238542e-07
1.0868993e-05
-1.766748e-06
-4.2894679e-07
1.105793e-05
-1.8140994e-06
-5.5329874e-07
1.1267885e-05
-1.8193637e-06
-6.7533015e-07
1.1492033e-05
-1.7734105e-06
-7.8665755e-07
1.169467e-05
-1.6375504e-06
-8.8879116e-07
1.1736643e-05
-1.2909404e-06
-9.9465674e-07
1.1275932e-05
-4.7244189e-07
-1.1723494e-06
1.7819283e-06
-1.5585446e-06
9.2883843e-06
-1.2802753e-07
2.0153978e-08
9.3862324e-06
-2.0333035e-07
3.7529756e-08
9.4955851e-06
-2.2911269e-07
4.8736181e-08
9.6243119e-06
-2.3921992e-07
5.5233741e-08
9.7730232e-06
-2.3938322e-07
5.8899718e-08
9.9339061e-06
-2.3427556e-07
6.0331662e-08
1.0101127e-05
-2.2864763e-07
5.9459193e-08
1.027111e-05
-2.2583956e-07
5.6037708e-08
1.044102e-05
-2.2824731e-07
4.9639332e-08
1.0609032e-05
-2.3811273e-07
3.9632545e-08
1.0773667e-05
-2.5804357e-07
2.4970207e-08
1.093432e-05
-2.9168596e-07
3.6936834e-09
1.1090064e-05
-3.4490617e-07
-2.4635378e-08
1.1226104e-05
-4.2833781e-07
-6.4199186e-08
1.1343844e-05
-5.5148796e-07
-1.1900096e-07
1.1441367e-05
-7.2349045e-07
-1.9537453e-07
1.1520173e-05
-9.5232788e-07
-3.0189207e-07
1.1587811e-05
-1.2367184e-06
-4.4944145e-07
1.1657193e-05
-1.5542776e-06
-6.4907027e-07
1.1733157e-05
-1.8441785e-06
-9.0549373e-07
1.1807537e-05
-2.0387172e-06
-1.2064688e-06
1.1869032e-05
-2.1183863e-06
-1.5178387e-06
1.1919383e-05
-2.1208725e-06
-1.8018359e-06
1.1975349e-05
-2.0992824e-06
-2.0338543e-06
1.2064063e-05
-2.0754783e-06
-2.2051895e-06
1.2214736e-05
-2.0193877e-06
-2.3168586e-06
1.2513238e-05
-1.919694e-06
-2.3874882e-06
1.3196069e-05
-1.7402204e-06
-2.4864003e-06
1.4726134e-05
-1.3471126e-06
-2.7421899e-06
-4.9507511e-07
-2.9770056e-06
9.330628e-06
-1.7177345e-07
2.0352627e-08
9.3762578e-06
-2.1822421e-07
3.7988147e-08
9.4096468e-06
-2.2715282e-07
4.9769532e-08
9.4387442e-06
-2.3047782e-07
5.7149082e-08
9.4692812e-06
-2.2963852e-07
6.1970879e-08
9.5023741e-06
-2.2470629e-07
6.4885161e-08
9.5374e-06
-2.1844742e-07
6.5946502e-08
9.5733429e-06
-2.1329424e-07
6.5125519e-08
9.6088612e-06
-2.1077606e-07
6.2323972e-08
9.642339e-06
-2.122861e-07
5.7282092e-08
9.6718268e-06
-2.1966034e-07
4.9498033e-08
9.6946337e-06
-2.3584173e-07
3.7914633e-08
9.7059364e-06
-2.6560905e-07
2.0694889e-08
9.6965415e-06
-3.1626937e-07
-5.309736e-09
9.6561743e-06
-3.975734e-07
-4.265648e-08
9.5846914e-06
-5.2218634e-07
-9.8866344e-08
9.4828311e-06
-7.1136314e-07
-1.8536971e-07
9.3582628e-06
-9.7272892e-07
-3.1535544e-07
9.2516218e-06
-1.2605152e-06
-4.9664757e-07
9.1868733e-06
-1.4726046e-06
-7.2550335e-07
9.1611165e-06
-1.5138764e-06
-9.7570941e-07
9.1437583e-06
-1.3879792e-06
-1.194492e-06
9.1051268e-06
-1.1760881e-06
-1.3256434e-06
9.0762083e-06
-9.7500578e-07
-1.3412712e-06
9.1115398e-06
-8.4735809e-07
-1.2451578e-06
9.2179634e-06
-8.0064408e-07
-1.0246812e-06
9.4896355e-06
-8.1771986e-07
-6.7297295e-07
1.0084179e-05
-8.9197056e-07
-1.7441156e-07
1.1360661e-05
-1.0874051e-06
4.9876768e-07
-1.7197851e-06
1.0680221e-06
9.1145138e-06
1.9838055e-08
8.9257455e-06
3.6864095e-08
8.7321814e-06
4.8065119e-08
8.5373452e-06
5.4895893e-08
8.3453267e-06
5.9203091e-08
8.1601508e-06
6.171981e-08
7.9833378e-06
6.2623631e-08
7.8145749e-06
6.2055274e-08
7.6527273e-06
6.0166192e-08
7.4961482e-06
5.7052952e-08
7.3425229e-06
5.2831985e-08
7.1882121e-06
4.7760265e-08
7.0273815e-06
4.2222799e-08
6.8502365e-06
3.6997288e-08
6.6412526e-06
3.3522426e-08
6.3810232e-06
3.5713372e-08
6.052071e-06
5.0693426e-08
5.6546898e-06
9.8907698e-08
5.2363982e-06
2.1717951e-07
4.8936911e-06
4.6098014e-07
4.7273988e-06
8.7454121e-07
4.7606643e-06
1.4491992e-06
4.9236453e-06
2.1090802e-06
5.1159506e-06
2.7405189e-06
5.2722166e-06
3.2852334e-06
5.3564417e-06
3.739157e-06
5.3431606e-06
4.1403173e-06
5.1801255e-06
4.5540294e-06
4.6917538e-06
5.0624213e-06
5.7620633e-06
9.4064098e-06
-1.2621636e-07
8.0730422e-09
9.56074e-06
-1.3496504e-07
1.4978222e-08
9.7362708e-06
-1.5220498e-07
1.955819e-08
9.9036187e-06
-1.4261477e-07
2.2159542e-08
1.0049733e-05
-1.2127617e-07
2.3453407e-08
1.0174173e-05
-1.004263e-07
2.389134e-08
1.0278638e-05
-8.211452e-08
2.371399e-08
1.0364914e-05
-6.6339921e-08
2.3091547e-08
1.0434398e-05
-5.2668618e-08
2.2184489e-08
1.0488249e-05
-4.0487791e-08
2.1171933e-08
1.0526536e-05
-2.8996524e-08
2.0374803e-08
1.0547259e-05
-1.7078548e-08
2.0355046e-08
1.0546348e-05
-3.9843092e-09
2.2479498e-08
1.0535498e-05
-5.2322582e-09
2.2382751e-08
1.0515813e-05
-8.2030173e-09
2.06438e-08
1.0489237e-05
-1.47808e-08
1.9712254e-08
1.0457174e-05
-2.9248173e-08
2.2001891e-08
1.0423271e-05
-5.760938e-08
3.0081891e-08
1.0394645e-05
-1.0915853e-07
4.4843879e-08
1.0383983e-05
-1.9430217e-07
6.3499536e-08
1.0408278e-05
-3.163376e-07
7.8214245e-08
1.0480768e-05
-4.609665e-07
7.7091451e-08
1.0601925e-05
-6.0084431e-07
5.1703234e-08
1.0754214e-05
-7.1348715e-07
8.8447643e-09
1.0925767e-05
-7.7785707e-07
-6.8057989e-08
1.1066891e-05
-7.7888037e-07
-1.4789362e-07
1.1083089e-05
-6.7496007e-07
-2.2897376e-07
1.0736676e-05
-3.2771631e-07
-3.1941793e-07
9.3251806e-06
7.4604297e-07
-5.0576704e-07
3.6588946e-06
-9.0071958e-07
9.2822062e-06
-1.2780445e-07
8.5054037e-09
9.3709794e-06
-2.027697e-07
1.6574311e-08
9.4728837e-06
-2.2782884e-07
2.2480322e-08
9.5958394e-06
-2.3657014e-07
2.6271539e-08
9.7395793e-06
-2.3456422e-07
2.8501225e-08
9.8960551e-06
-2.260201e-07
2.9519808e-08
1.0059209e-05
-2.1511375e-07
2.939245e-08
1.0225266e-05
-2.0431493e-07
2.80612e-08
1.0391684e-05
-1.9472613e-07
2.5404136e-08
1.0556722e-05
-1.8698087e-07
2.1231909e-08
1.0719306e-05
-1.8167483e-07
1.5228547e-08
1.0878659e-05
-1.7946697e-07
6.9128748e-09
1.1035798e-05
-1.8123524e-07
-4.3205887e-09
1.1177466e-05
-1.9372916e-07
-1.7148871e-08
1.1306503e-05
-2.2137627e-07
-3.4628575e-08
1.1421447e-05
-2.6550635e-07
-5.9343975e-08
1.1519636e-05
-3.3444084e-07
-9.4631444e-08
1.1599172e-05
-4.4096534e-07
-1.4536313e-07
1.1660432e-05
-6.0071179e-07
-2.185234e-07
1.1709409e-05
-8.2353805e-07
-3.2499513e-07
1.1757475e-05
-1.0919734e-06
-4.7866914e-07
1.1813771e-05
-1.345178e-06
-6.8969298e-07
1.187566e-05
-1.5147584e-06
-9.4956807e-07
1.1932951e-05
-1.588899e-06
-1.2154672e-06
1.1974296e-05
-1.5901635e-06
-1.4339286e-06
1.1994961e-05
-1.5366248e-06
-1.5794328e-06
1.2016683e-05
-1.413048e-06
-1.6707212e-06
1.2089713e-05
-1.1038904e-06
-1.7828109e-06
1.2354201e-05
-2.5650539e-07
-2.0035553e-06
1.9561415e-06
-2.2088604e-06
9.3247137e-06
-1.7175909e-07
8.5502336e-09
9.3615002e-06
-2.182481e-07
1.6680206e-08
9.3876099e-06
-2.2693999e-07
2.2771754e-08
9.4110071e-06
-2.2968376e-07
2.6866974e-08
9.4368031e-06
-2.2788147e-07
2.9494578e-08
9.4661179e-06
-2.2143065e-07
3.0984894e-08
9.4983908e-06
-2.128343e-07
3.1399771e-08
9.5326538e-06
-2.0414551e-07
3.0700784e-08
9.5677866e-06
-1.9632107e-07
2.8796171e-08
9.6025029e-06
-1.8990133e-07
2.5498973e-08
9.6353887e-06
-1.8550136e-07
2.0454476e-08
9.6649559e-06
-1.8407539e-07
1.2974785e-08
9.6897754e-06
-1.8731003e-07
1.9726079e-09
9.7033725e-06
-1.9888847e-07
-1.3721313e-08
9.6980742e-06
-2.2411659e-07
-3.4588198e-08
9.6655779e-06
-2.6859342e-07
-6.3249743e-08
9.5927766e-06
-3.4345647e-07
-1.0351709e-07
9.4649482e-06
-4.6702389e-07
-1.6143082e-07
9.2769845e-06
-6.6296866e-07
-2.4638766e-07
9.0478613e-06
-9.4642787e-07
-3.7344236e-07
8.8171004e-06
-1.2801848e-06
-5.5665353e-07
8.6160512e-06
-1.5473071e-06
-7.9114774e-07
8.4415985e-06
-1.6462192e-06
-1.0194512e-06
8.2716157e-06
-1.603242e-06
-1.1565472e-06
8.086805e-06
-1.5111003e-06
-1.138891e-06
7.9409803e-06
-1.4351328e-06
-9.7971426e-07
7.9921427e-06
-1.4060061e-06
-7.3044833e-07
8.5889855e-06
-1.4388676e-06
-4.3548119e-07
1.0604395e-05
-1.5430996e-06
-2.2921224e-07
-1.5126247e-06
-7.0937291e-07
9.1087146e-06
8.3125602e-09
8.9112213e-06
1.6109192e-08
8.7104964e-06
2.1849923e-08
8.5101277e-06
2.5580699e-08
8.3136132e-06
2.7836147e-08
8.1249274e-06
2.897499e-08
7.9456116e-06
2.9105425e-08
7.7752774e-06
2.8244341e-08
7.6127492e-06
2.6374153e-08
7.4564883e-06
2.3413552e-08
7.3046284e-06
1.9192099e-08
7.1548591e-06
1.3456225e-08
7.0037222e-06
6.0524087e-09
6.8450945e-06
-3.2598853e-09
6.6703799e-06
-1.5875128e-08
6.4672818e-06
-2.9776279e-08
6.2186188e-06
-4.4092616e-08
5.9064505e-06
-5.5936369e-08
5.5198401e-06
-5.9150996e-08
5.0712839e-06
-3.6801555e-08
4.6148917e-06
5.1009328e-08
4.2525609e-06
2.6477438e-07
4.0723954e-06
6.4386084e-07
4.0539023e-06
1.1567574e-06
4.1162706e-06
1.7127815e-06
4.2171413e-06
2.204135e-06
4.3447795e-06
2.6075993e-06
4.4522203e-06
3.0085959e-06
4.4123185e-06
3.5600597e-06
4.2524187e-06
9.4036533e-06
-1.2640425e-07
8.2135276e-14
9.5542307e-06
-1.3523248e-07
-3.6507155e-14
9.7267361e-06
-1.5245038e-07
-2.4253241e-13
9.8921555e-06
-1.4265691e-07
-4.9936057e-13
1.0037129e-05
-1.2082794e-07
-8.0419843e-13
1.0161028e-05
-9.9238207e-08
-1.1612469e-12
1.0265482e-05
-7.9902381e-08
-1.5811449e-12
1.0352244e-05
-6.277244e-08
-2.079062e-12
1.0422747e-05
-4.7366777e-08
-2.6850262e-12
1.0477959e-05
-3.3038891e-08
-3.4319578e-12
1.0518386e-05
-1.9004902e-08
-4.3634189e-12
1.0544943e-05
-5.1108953e-09
-5.6579904e-12
1.0544788e-05
2.3765495e-08
-7.9738705e-12
1.0541707e-05
2.6596916e-08
-1.0902009e-11
1.0532221e-05
3.1267942e-08
-1.5114713e-11
1.0515733e-05
3.7347025e-08
-2.1241885e-11
1.0494177e-05
4.4720055e-08
-3.0063121e-11
1.0467406e-05
5.8040238e-08
-4.2779638e-11
1.043757e-05
7.5900162e-08
-6.1594683e-11
1.0407273e-05
9.5062439e-08
-8.9568757e-11
1.0380388e-05
1.064234e-07
-1.3108377e-10
1.0369456e-05
8.9424449e-08
-1.9065994e-10
1.0414966e-05
7.6794583e-09
-2.6222307e-10
1.0515371e-05
-9.0100408e-08
-3.2698235e-10
1.0638319e-05
-1.8959207e-07
-3.951775e-10
1.0721915e-05
-2.3011295e-07
-4.3989261e-10
1.0640839e-05
-1.4655228e-07
-4.4671544e-10
1.0004883e-05
3.1793511e-07
-4.5691315e-10
7.7447176e-06
1.7555499e-06
-1.7106077e-10
5.0616438e-06
1.8793093e-10
9.2788595e-06
-1.277891e-07
2.940132e-13
9.3629507e-06
-2.0273668e-07
4.2450046e-13
9.4606604e-06
-2.2765578e-07
6.1117785e-13
9.5803656e-06
-2.3605331e-07
8.1941196e-13
9.7215328e-06
-2.3344145e-07
1.039677e-12
9.8758503e-06
-2.2396695e-07
1.2709338e-12
1.0037105e-05
-2.1167782e-07
1.5268818e-12
1.0201404e-05
-1.9890579e-07
1.8119514e-12
1.0366127e-05
-1.8656191e-07
2.1057767e-12
1.0529519e-05
-1.7505623e-07
2.3881515e-12
1.069067e-05
-1.6476545e-07
2.5824794e-12
1.0848683e-05
-1.560278e-07
2.613429e-12
1.1009875e-05
-1.4153799e-07
2.6403959e-12
1.1152471e-05
-1.3291352e-07
2.1028575e-12
1.1282101e-05
-1.3273217e-07
1.298212e-12
1.1397657e-05
-1.3726818e-07
5.2385945e-14
1.1497476e-05
-1.4941776e-07
-2.4242526e-12
1.1582613e-05
-1.7211738e-07
-6.6737471e-12
1.1651751e-05
-2.1139103e-07
-1.2901719e-11
1.170207e-05
-2.7985926e-07
-2.2080091e-11
1.1729997e-05
-3.9978588e-07
-3.4490521e-11
1.1734248e-05
-6.0420637e-07
-4.7835168e-11
1.1713967e-05
-9.2145571e-07
-5.772476e-11
1.1683464e-05
-1.2749261e-06
-6.1401085e-11
1.1608832e-05
-1.5487457e-06
-2.0847716e-11
1.1467868e-05
-1.6684224e-06
6.4156466e-11
1.1254564e-05
-1.6038666e-06
2.3684812e-10
1.0878954e-05
-1.0895282e-06
6.1418093e-10
1.0033582e-05
5.967296e-07
1.1330374e-09
4.6267475e-06
1.8308312e-09
9.321449e-06
-1.7173157e-07
2.8499829e-13
9.3536104e-06
-2.1821803e-07
3.9721204e-13
9.3755093e-06
-2.267828e-07
5.7796135e-13
9.3955796e-06
-2.2925591e-07
7.9684187e-13
9.4186766e-06
-2.2704235e-07
1.0603345e-12
9.4456951e-06
-2.1999803e-07
1.3772631e-12
9.4759774e-06
-2.1055644e-07
1.7620326e-12
9.5084631e-06
-2.0068518e-07
2.2305487e-12
9.5419218e-06
-1.9121712e-07
2.7984346e-12
9.5748791e-06
-1.8250527e-07
3.4895866e-12
9.605426e-06
-1.7484632e-07
4.3579137e-12
9.6308644e-06
-1.6847772e-07
5.5360441e-12
9.6545326e-06
-1.6321777e-07
7.343364e-12
9.6687197e-06
-1.6080436e-07
9.6698199e-12
9.6660098e-06
-1.6459129e-07
1.2655024e-11
9.6408695e-06
-1.7535763e-07
1.6690467e-11
9.584647e-06
-1.9669298e-07
2.2177375e-11
9.4864731e-06
-2.3535756e-07
2.9632733e-11
9.3316784e-06
-3.0297336e-07
3.9902062e-11
9.0991411e-06
-4.2076527e-07
5.4020789e-11
8.7678085e-06
-6.2512671e-07
7.3319493e-11
8.3335119e-06
-9.6109634e-07
9.9798089e-11
7.812942e-06
-1.4203488e-06
1.3304077e-10
7.2411037e-06
-1.8594963e-06
1.7170053e-10
6.6533247e-06
-2.0994988e-06
2.4328444e-10
6.1626736e-06
-2.1570163e-06
3.9629211e-10
5.9949053e-06
-2.1662319e-06
7.1611314e-10
6.6056725e-06
-2.1359652e-06
1.289295e-09
8.6717919e-06
-1.698892e-06
1.3547651e-09
2.4395656e-07
2.5154106e-09
9.1055289e-06
2.75921e-13
8.9034196e-06
3.7586089e-13
8.6984861e-06
5.3610478e-13
8.49481e-06
7.3264541e-13
8.2956028e-06
9.7251118e-13
8.1045786e-06
1.2640607e-12
7.9231262e-06
1.6212091e-12
7.7506838e-06
2.0679323e-12
7.585839e-06
2.6243375e-12
7.426745e-06
3.3328098e-12
7.2710881e-06
4.2690893e-12
7.1160631e-06
5.5624574e-12
6.9588932e-06
7.4327215e-12
6.7948224e-06
1.0176927e-11
6.6143469e-06
1.3688949e-11
6.4092001e-06
1.8758011e-11
6.1683959e-06
2.6020219e-11
5.8770748e-06
3.641958e-11
5.5149109e-06
5.137e-11
5.0572883e-06
7.2890107e-11
4.4831033e-06
1.038442e-10
3.7867572e-06
1.4839394e-10
3.0104461e-06
2.14473e-10
2.3082528e-06
3.2008299e-10
1.9223377e-06
4.9158904e-10
1.9700867e-06
7.5081847e-10
2.4115718e-06
1.1242647e-09
3.2836411e-06
1.6501252e-09
5.1437328e-06
2.0559561e-09
-1.1039166e-09
9.4036532e-06
-1.2640433e-07
-8.0726995e-09
9.5542306e-06
-1.352328e-07
-1.497792e-08
9.7267358e-06
-1.5245102e-07
-1.9557927e-08
9.8921551e-06
-1.4265799e-07
-2.2159371e-08
1.0037129e-05
-1.2082943e-07
-2.3453352e-08
1.0161028e-05
-9.9240242e-08
-2.3891388e-08
1.0265481e-05
-7.9905089e-08
-2.3714125e-08
1.0352242e-05
-6.2775961e-08
-2.3091756e-08
1.0422745e-05
-4.7371312e-08
-2.2184768e-08
1.0477956e-05
-3.3044534e-08
-2.1172312e-08
1.0518382e-05
-1.9011501e-08
-2.0375248e-08
1.0544933e-05
-5.1168566e-09
-2.0355381e-08
1.0544774e-05
2.3753151e-08
-2.2478676e-08
1.0541685e-05
2.6581662e-08
-2.2381418e-08
1.0532188e-05
3.124681e-08
-2.0641699e-08
1.0515684e-05
3.7317253e-08
-1.9709283e-08
1.0494106e-05
4.4677901e-08
-2.1997308e-08
1.0467301e-05
5.7979984e-08
-3.0074473e-08
1.0437418e-05
7.5812422e-08
-4.4831633e-08
1.0407052e-05
9.4932358e-08
-6.3479769e-08
1.0380076e-05
1.0622296e-07
-7.8184514e-08
1.0369076e-05
8.9073709e-08
-7.705441e-08
1.0414551e-05
7.1649517e-09
-5.1678144e-08
1.0514912e-05
-9.0739897e-08
-8.8165958e-09
1.0637919e-05
-1.9052533e-07
6.8139155e-08
1.0721642e-05
-2.3127636e-07
1.4804702e-07
1.064069e-05
-1.4780421e-07
2.292028e-07
1.0005821e-05
3.1562223e-07
3.1972498e-07
7.7477789e-06
1.752885e-06
5.0596131e-07
5.0590114e-06
9.0077661e-07
9.2788596e-06
-1.2778914e-07
-8.5049463e-09
9.3629509e-06
-2.0273684e-07
-1.6573718e-08
9.4606606e-06
-2.2765611e-07
-2.24795e-08
9.5803659e-06
-2.3605386e-07
-2.627046e-08
9.7215332e-06
-2.3344228e-07
-2.8499857e-08
9.8758507e-06
-2.2396815e-07
-2.9518129e-08
1.0037105e-05
-2.1167948e-07
-2.9390426e-08
1.0201404e-05
-1.9890803e-07
-2.8058782e-08
1.0366127e-05
-1.8656483e-07
-2.5401255e-08
1.0529518e-05
-1.7505994e-07
-2.1228479e-08
1.0690669e-05
-1.6476991e-07
-1.5224437e-08
1.0848681e-05
-1.5603266e-07
-6.9078903e-09
1.1009869e-05
-1.4154659e-07
4.3257476e-09
1.115246e-05
-1.3292685e-07
1.715533e-08
1.1282085e-05
-1.3275283e-07
3.4636868e-08
1.1397632e-05
-1.3729966e-07
5.935436e-08
1.1497438e-05
-1.4946497e-07
9.4644541e-08
1.1582554e-05
-1.7218722e-07
1.4537931e-07
1.1651661e-05
-2.1149351e-07
2.1854303e-07
1.1701932e-05
-2.8001015e-07
3.2501893e-07
1.1729785e-05
-4.0001309e-07
4.7870016e-07
1.1733903e-05
-6.045727e-07
6.8974307e-07
1.1713507e-05
-9.2205572e-07
9.4965093e-07
1.168292e-05
-1.2756987e-06
1.2155593e-06
1.1608211e-05
-1.5497315e-06
1.4340133e-06
1.1467295e-05
-1.6695931e-06
1.5795175e-06
1.1254443e-05
-1.605209e-06
1.6708321e-06
1.088002e-05
-1.0919889e-06
1.7829921e-06
1.0039513e-05
5.9097326e-07
2.0040363e-06
4.6190523e-06
2.2090964e-06
9.3214491e-06
-1.7173159e-07
-8.549756e-09
9.3536106e-06
-2.182181e-07
-1.6679597e-08
9.3755096e-06
-2.2678292e-07
-2.2770904e-08
9.39558e-06
-2.2925612e-07
-2.6865845e-08
9.4186771e-06
-2.2704267e-07
-2.9493111e-08
9.4456958e-06
-2.1999848e-07
-3.0983029e-08
9.4759782e-06
-2.1055706e-07
-3.1397441e-08
9.5084641e-06
-2.0068601e-07
-3.0697908e-08
9.541923e-06
-1.912182e-07
-2.8792637e-08
9.5748807e-06
-1.8250665e-07
-2.5494667e-08
9.6054283e-06
-1.74848e-07
-2.0449268e-08
9.6308688e-06
-1.6847974e-07
-1.2968576e-08
9.6545387e-06
-1.6322054e-07
-1.9656191e-09
9.6687279e-06
-1.6080864e-07
1.3729673e-08
9.6660204e-06
-1.6459856e-07
3.4597621e-08
9.6408829e-06
-1.7536935e-07
6.3260591e-08
9.5846634e-06
-1.9671117e-07
1.0352935e-07
9.4864937e-06
-2.3538525e-07
1.6144385e-07
9.3317039e-06
-3.030156e-07
2.4640223e-07
9.0991723e-06
-4.2083029e-07
3.7345871e-07
8.7678469e-06
-6.2522823e-07
5.5666717e-07
8.3335321e-06
-9.6126202e-07
7.9116486e-07
7.8128792e-06
-1.4206303e-06
1.0194815e-06
7.2409965e-06
-1.8599374e-06
1.1566034e-06
6.653281e-06
-2.1001413e-06
1.1389706e-06
6.1630007e-06
-2.1578764e-06
9.7982572e-07
5.9962683e-06
-2.1673623e-06
7.3063284e-07
6.6088061e-06
-2.137858e-06
4.3572167e-07
8.6789818e-06
-1.704675e-06
2.2789044e-07
2.3334916e-07
7.0641046e-07
9.1055289e-06
-8.3120787e-09
8.9034197e-06
-1.6108578e-08
8.6984863e-06
-2.1849068e-08
8.4948104e-06
-2.5579558e-08
8.2956033e-06
-2.7834664e-08
8.1045793e-06
-2.8973104e-08
7.9231272e-06
-2.9103045e-08
7.7506851e-06
-2.8241374e-08
7.5858407e-06
-2.6370471e-08
7.4267475e-06
-2.3409019e-08
7.2710919e-06
-1.9186558e-08
7.1160694e-06
-1.3449538e-08
6.9589037e-06
-6.0445851e-09
6.7948365e-06
3.2723458e-09
6.6143681e-06
1.5888187e-08
6.4092313e-06
2.9792041e-08
6.1684415e-06
4.4112073e-08
5.8771412e-06
5.5960728e-08
5.5150072e-06
5.9181667e-08
5.057426e-06
3.6840862e-08
4.4833073e-06
-5.0969448e-08
3.7870298e-06
-2.6471201e-07
3.0107625e-06
-6.4375738e-07
2.3085909e-06
-1.1565807e-06
1.922729e-06
-1.7124947e-06
1.9706879e-06
-2.2037043e-06
2.4126895e-06
-2.6069983e-06
3.2853865e-06
-3.0078169e-06
5.1430953e-06
-3.5593487e-06
-4.2562136e-06
9.4064097e-06
-1.2621635e-07
-1.9089808e-08
9.5607398e-06
-1.3496522e-07
-3.3976049e-08
9.7362706e-06
-1.5220548e-07
-4.2386518e-08
9.9036185e-06
-1.4261573e-07
-4.6288996e-08
1.0049732e-05
-1.2127758e-07
-4.7598012e-08
1.0174172e-05
-1.0042818e-07
-4.7134761e-08
1.0278637e-05
-8.2116962e-08
-4.5226934e-08
1.0364912e-05
-6.6343058e-08
-4.2128915e-08
1.0434396e-05
-5.267258e-08
-3.8047642e-08
1.0488247e-05
-4.0492734e-08
-3.3533032e-08
1.0526534e-05
-2.9002602e-08
-2.8617875e-08
1.0547256e-05
-1.7085506e-08
-2.2908772e-08
1.0546345e-05
-3.9940017e-09
-1.6451972e-08
1.0535493e-05
-5.2404932e-09
-5.1599096e-09
1.0515806e-05
-8.2141736e-09
8.3957147e-09
1.0489228e-05
-1.4792423e-08
2.2801022e-08
1.0457161e-05
-2.926252e-08
4.0475389e-08
1.042325e-05
-5.7626544e-08
6.2603549e-08
1.0394611e-05
-1.0917836e-07
9.4113412e-08
1.0383929e-05
-1.9432554e-07
1.4262318e-07
1.0408197e-05
-3.1636959e-07
2.1496655e-07
1.0480655e-05
-4.6102533e-07
3.1251268e-07
1.0601782e-05
-6.0097005e-07
4.2912789e-07
1.0754064e-05
-7.1370645e-07
5.5355202e-07
1.0925675e-05
-7.7817572e-07
6.7567006e-07
1.1066943e-05
-7.7929853e-07
7.8708274e-07
1.1083382e-05
-6.7545745e-07
8.8927547e-07
1.0737436e-05
-3.283753e-07
9.9515288e-07
9.3268424e-06
7.4499897e-07
1.1726831e-06
3.6574859e-06
1.5585804e-06
9.2822064e-06
-1.2780445e-07
-2.0153639e-08
9.3709797e-06
-2.0276978e-07
-3.7529417e-08
9.4728841e-06
-2.2782909e-07
-4.8735777e-08
9.59584e-06
-2.3657061e-07
-5.5233245e-08
9.7395801e-06
-2.3456496e-07
-5.8899104e-08
9.8960559e-06
-2.2602118e-07
-6.0330899e-08
1.005921e-05
-2.1511523e-07
-5.9458252e-08
1.0225267e-05
-2.0431689e-07
-5.6036544e-08
1.0391685e-05
-1.9472867e-07
-4.9637888e-08
1.0556723e-05
-1.869841e-07
-3.9630751e-08
1.0719307e-05
-1.8167889e-07
-2.4967929e-08
1.087866e-05
-1.7947202e-07
-3.6904345e-09
1.1035797e-05
-1.8124157e-07
2.4638965e-08
1.1177465e-05
-1.9373619e-07
6.4204076e-08
1.1306501e-05
-2.2138422e-07
1.1900705e-07
1.1421444e-05
-2.655147e-07
1.953822e-07
1.1519631e-05
-3.3444942e-07
3.0190129e-07
1.1599164e-05
-4.4097322e-07
4.494523e-07
1.1660416e-05
-6.0071744e-07
6.4908289e-07
1.1709382e-05
-8.2354044e-07
9.0550896e-07
1.1757427e-05
-1.0919759e-06
1.2064895e-06
1.1813703e-05
-1.3451987e-06
1.5178715e-06
1.1875582e-05
-1.5148419e-06
1.8018857e-06
1.1932875e-05
-1.5890932e-06
2.0339184e-06
1.1974261e-05
-1.5905003e-06
2.2052513e-06
1.1995071e-05
-1.5371259e-06
2.3168804e-06
1.2017201e-05
-1.4137553e-06
2.3873999e-06
1.2091252e-05
-1.1050436e-06
2.4860521e-06
1.2357586e-05
-2.5818336e-07
2.741455e-06
1.9512752e-06
2.9760946e-06
9.3247138e-06
-1.717591e-07
-2.0352255e-08
9.3615005e-06
-2.1824813e-07
-3.7987745e-08
9.3876103e-06
-2.2694009e-07
-4.9769027e-08
9.4110078e-06
-2.2968393e-07
-5.7148459e-08
9.4368041e-06
-2.2788174e-07
-6.1970123e-08
9.4661192e-06
-2.2143105e-07
-6.4884266e-08
9.4983924e-06
-2.1283485e-07
-6.5945442e-08
9.5326558e-06
-2.0414622e-07
-6.5124264e-08
9.567789e-06
-1.9632199e-07
-6.2322503e-08
9.6025058e-06
-1.8990249e-07
-5.7280378e-08
9.6353922e-06
-1.8550283e-07
-4.9496019e-08
9.6649602e-06
-1.8407726e-07
-3.7912299e-08
9.6897801e-06
-1.8731243e-07
-2.0692258e-08
9.7033789e-06
-1.9889159e-07
5.3124352e-09
9.6980827e-06
-2.2411987e-07
4.2659206e-08
9.6655897e-06
-2.6859656e-07
9.8868618e-08
9.5927937e-06
-3.4345927e-07
1.8537099e-07
9.4649728e-06
-4.6702548e-07
3.1535464e-07
9.2770203e-06
-6.629673e-07
4.96644e-07
9.047912e-06
-9.4642228e-07
7.2549681e-07
8.8171653e-06
-1.2801797e-06
9.7570121e-07
8.6161315e-06
-1.5473202e-06
1.1944861e-06
8.4416926e-06
-1.6462818e-06
1.325639e-06
8.2717308e-06
-1.603385e-06
1.3412549e-06
8.0869756e-06
-1.5113508e-06
1.2450956e-06
7.941306e-06
-1.4355139e-06
1.0245178e-06
7.9928621e-06
-1.4065449e-06
6.7259568e-07
8.5904178e-06
-1.4396595e-06
1.7357861e-07
1.0605881e-05
-1.5444332e-06
-5.0048651e-07
-1.5162349e-06
-1.0716956e-06
9.1087147e-06
-1.9837669e-08
8.9112215e-06
-3.6863654e-08
8.7104968e-06
-4.8064536e-08
8.5101284e-06
-5.4895148e-08
8.3136141e-06
-5.9202164e-08
8.1249287e-06
-6.1718666e-08
7.9456133e-06
-6.2622231e-08
7.7752798e-06
-6.2053565e-08
7.6127522e-06
-6.0164124e-08
7.4564922e-06
-5.7050457e-08
7.3046333e-06
-5.2828965e-08
7.1548652e-06
-4.7756619e-08
7.0037294e-06
-4.2218432e-08
6.8451057e-06
-3.6991959e-08
6.6703951e-06
-3.3516532e-08
6.467303e-06
-3.5706755e-08
6.2186496e-06
-5.0686389e-08
5.9064961e-06
-9.8899759e-08
5.5199074e-06
-2.1716917e-07
5.0713827e-06
-4.6096677e-07
4.6150169e-06
-8.7452267e-07
4.2527082e-06
-1.4491722e-06
4.0725505e-06
-2.1090473e-06
4.0540578e-06
-2.7404858e-06
4.1164413e-06
-3.2852124e-06
4.2173789e-06
-3.7391744e-06
4.345194e-06
-4.140432e-06
4.4529621e-06
-4.5543695e-06
4.4132652e-06
-5.0632487e-06
-5.7639108e-06
9.4117672e-06
-1.2622403e-07
-3.5456696e-08
9.5735205e-06
-1.3546724e-07
-5.9895139e-08
9.7544741e-06
-1.5371663e-07
-6.912684e-08
9.925546e-06
-1.4608609e-07
-7.0672598e-08
1.0074311e-05
-1.2752427e-07
-6.8147807e-08
1.020066e-05
-1.1086053e-07
-6.1856009e-08
1.0306498e-05
-9.8745419e-08
-5.1487075e-08
1.0393626e-05
-9.2172698e-08
-3.6193195e-08
1.0461019e-05
-9.2197455e-08
-1.230219e-08
1.0510636e-05
-9.9028019e-08
1.6862601e-08
1.0543787e-05
-1.1349673e-07
5.2749534e-08
1.0557186e-05
-1.3724014e-07
1.0198436e-07
1.0544213e-05
-1.7005864e-07
1.6765435e-07
1.051993e-05
-2.3560546e-07
2.5579097e-07
1.0481095e-05
-3.2203024e-07
3.7030072e-07
1.04312e-05
-4.3954365e-07
5.1324639e-07
1.0382901e-05
-5.956346e-07
6.8536537e-07
1.0354831e-05
-7.9447896e-07
8.8604405e-07
1.036793e-05
-1.0307742e-06
1.1126071e-06
1.0434249e-05
-1.2800089e-06
1.3570712e-06
1.0548968e-05
-1.5024484e-06
1.6034242e-06
1.0698064e-05
-1.6666763e-06
1.8308283e-06
1.0868976e-05
-1.7666291e-06
2.0256151e-06
1.1057938e-05
-1.8139551e-06
2.1793595e-06
1.1267948e-05
-1.8191894e-06
2.2857116e-06
1.1492173e-05
-1.7731955e-06
2.3369581e-06
1.1694876e-05
-1.6372684e-06
2.3247898e-06
1.1736896e-05
-1.29061e-06
2.2447385e-06
1.1276275e-05
-4.7228086e-07
2.1066448e-06
1.7818267e-06
1.9012583e-06
9.2883844e-06
-1.2802746e-07
-3.7765014e-08
9.3862326e-06
-2.0333024e-07
-6.7501562e-08
9.4955855e-06
-2.2911252e-07
-8.266829e-08
9.6243125e-06
-2.392197e-07
-9.0788571e-08
9.7730241e-06
-2.3938294e-07
-9.5698702e-08
9.9339073e-06
-2.342752e-07
-9.7729717e-08
1.0101128e-05
-2.2864714e-07
-9.6690595e-08
1.0271112e-05
-2.2583888e-07
-9.224877e-08
1.0441022e-05
-2.2824639e-07
-8.3376492e-08
1.0609035e-05
-2.3811143e-07
-6.8418939e-08
1.0773671e-05
-2.5804175e-07
-4.4900952e-08
1.0934325e-05
-2.9168336e-07
-9.7275934e-09
1.1090069e-05
-3.4490256e-07
4.3925481e-08
1.1226111e-05
-4.2833247e-07
1.2108643e-07
1.1343852e-05
-5.5148003e-07
2.309152e-07
1.1441377e-05
-7.2347842e-07
3.8198912e-07
1.1520185e-05
-9.523092e-07
5.7995575e-07
1.1587824e-05
-1.2366908e-06
8.2419786e-07
1.1657209e-05
-1.5542391e-06
1.103326e-06
1.1733178e-05
-1.8441285e-06
1.3938257e-06
1.1807568e-05
-2.0386564e-06
1.6684961e-06
1.1869086e-05
-2.1183172e-06
1.9082179e-06
1.1919482e-05
-2.1208002e-06
2.1059184e-06
1.1975525e-05
-2.0992149e-06
2.2634241e-06
1.2064359e-05
-2.0754189e-06
2.3729686e-06
1.221521e-05
-2.0193409e-06
2.4125338e-06
1.2513981e-05
-1.9196716e-06
2.371432e-06
1.3197189e-05
-1.7402828e-06
2.2529583e-06
1.4727833e-05
-1.3474892e-06
2.0865151e-06
-4.9593721e-07
1.8841182e-06
9.3306281e-06
-1.7177342e-07
-3.827776e-08
9.3762581e-06
-2.1822417e-07
-6.8723529e-08
9.4096473e-06
-2.2715276e-07
-8.5117269e-08
9.4387449e-06
-2.3047774e-07
-9.4986542e-08
9.4692823e-06
-2.2963842e-07
-1.0224948e-07
9.5023756e-06
-2.2470615e-07
-1.0754273e-07
9.5374019e-06
-2.1844723e-07
-1.1116611e-07
9.5733454e-06
-2.1329397e-07
-1.1360509e-07
9.6088645e-06
-2.1077567e-07
-1.153024e-07
9.6423432e-06
-2.1228556e-07
-1.1657254e-07
9.6718322e-06
-2.1965955e-07
-1.1735208e-07
9.6946407e-06
-2.358406e-07
-1.1654549e-07
9.7059455e-06
-2.6560739e-07
-1.1127135e-07
9.6965535e-06
-3.1626683e-07
-9.7337591e-08
9.6561902e-06
-3.9756936e-07
-7.0862407e-08
9.5847132e-06
-5.2217988e-07
-3.0925656e-08
9.4828591e-06
-7.1135312e-07
4.6297696e-08
9.3582998e-06
-9.7271349e-07
1.7597229e-07
9.2516704e-06
-1.2604948e-06
3.0959051e-07
9.1869378e-06
-1.4725827e-06
4.1880372e-07
9.1612056e-06
-1.5138587e-06
4.768359e-07
9.143889e-06
-1.3879718e-06
4.8172932e-07
9.1053204e-06
-1.1760976e-06
4.198266e-07
9.0764981e-06
-9.7504356e-07
2.4626752e-07
9.1119618e-06
-8.4743591e-07
-1.7937127e-08
9.2185317e-06
-8.0077583e-07
-3.0013518e-07
9.490344e-06
-8.1790755e-07
-7.0042227e-07
1.0084818e-05
-8.9221326e-07
-1.2683356e-06
1.1360438e-05
-1.087721e-06
-2.0351913e-06
-1.7201271e-06
-3.1145244e-06
9.1145139e-06
-3.7176808e-08
8.9257458e-06
-6.6319794e-08
8.7321819e-06
-8.1653493e-08
8.5373459e-06
-9.0537034e-08
8.3453278e-06
-9.6822473e-08
8.1601523e-06
-1.0124918e-07
7.9833399e-06
-1.0425678e-07
7.8145777e-06
-1.0658493e-07
7.6527309e-06
-1.0909225e-07
7.4961529e-06
-1.1275699e-07
7.3425291e-06
-1.1886314e-07
7.1882202e-06
-1.292863e-07
7.0273922e-06
-1.4699517e-07
6.8502509e-06
-1.7611406e-07
6.6412722e-06
-2.2210245e-07
6.3810504e-06
-2.9765681e-07
6.0521087e-06
-4.3307653e-07
5.6547419e-06
-6.7417797e-07
5.2364681e-06
-1.059195e-06
4.8937781e-06
-1.5904368e-06
4.7274997e-06
-2.221417e-06
4.7607768e-06
-2.8695468e-06
4.9237686e-06
-3.4472082e-06
5.1160763e-06
-3.9069228e-06
5.2723272e-06
-4.2880213e-06
5.3565028e-06
-4.6232841e-06
5.343111e-06
-4.9441342e-06
5.1798214e-06
-5.2824983e-06
4.6908056e-06
-5.6611685e-06
-6.0523042e-06
9.4367952e-06
-1.2548274e-07
-7.7592913e-08
9.6075999e-06
-1.3578151e-07
-9.4551499e-08
9.7877633e-06
-1.5624042e-07
-9.255366e-08
9.9545061e-06
-1.5249341e-07
-8.432064e-08
1.0096508e-05
-1.3840922e-07
-7.1051242e-08
1.021473e-05
-1.2687128e-07
-5.2441961e-08
1.0312985e-05
-1.2032238e-07
-2.8588973e-08
1.0398255e-05
-1.1988708e-07
-6.9118307e-10
1.0466604e-05
-1.2963575e-07
4.9918363e-08
1.0521455e-05
-1.5173229e-07
1.147169e-07
1.056267e-05
-1.8902504e-07
2.0156122e-07
1.0592452e-05
-2.4580664e-07
3.1902899e-07
1.0610133e-05
-3.2407747e-07
4.7507806e-07
1.0628663e-05
-4.3933494e-07
6.7759558e-07
1.0650902e-05
-5.7927395e-07
9.282977e-07
1.0683033e-05
-7.3935415e-07
1.2213867e-06
1.0731775e-05
-9.0486344e-07
1.5423564e-06
1.0799174e-05
-1.0501622e-06
1.8696363e-06
1.0879464e-05
-1.1463821e-06
2.1795023e-06
1.0962707e-05
-1.1777511e-06
2.4523723e-06
1.1042416e-05
-1.1519398e-06
2.676448e-06
1.1119427e-05
-1.0925777e-06
2.847195e-06
1.1202761e-05
-1.0213917e-06
2.9644857e-06
1.1298995e-05
-9.4490919e-07
3.028869e-06
1.1408064e-05
-8.6151036e-07
3.0390128e-06
1.1515906e-05
-7.5862989e-07
2.9886374e-06
1.1580291e-05
-6.0252642e-07
2.8638612e-06
1.1513529e-05
-3.2474197e-07
2.6372193e-06
1.1066952e-05
2.921046e-07
2.2621449e-06
2.1934594e-06
1.6970858e-06
9.3163045e-06
-1.2845314e-07
-8.2129494e-08
9.4241761e-06
-2.043985e-07
-1.0674309e-07
9.5317367e-06
-2.3172656e-07
-1.147184e-07
9.6530903e-06
-2.443629e-07
-1.2023476e-07
9.7906195e-06
-2.4791905e-07
-1.2366502e-07
9.9376094e-06
-2.4732853e-07
-1.2419305e-07
1.009003e-05
-2.4753528e-07
-1.2181183e-07
1.0246802e-05
-2.5255499e-07
-1.1624838e-07
1.0407006e-05
-2.6636514e-07
-1.0673042e-07
1.0570676e-05
-2.9364679e-07
-9.0036171e-08
1.0737808e-05
-3.3960328e-07
-6.1301378e-08
1.0910905e-05
-4.1060257e-07
-1.7863493e-08
1.1090343e-05
-5.1389014e-07
5.4475122e-08
1.1266637e-05
-6.5801039e-07
1.6364772e-07
1.144653e-05
-8.4379423e-07
3.1572263e-07
1.1634662e-05
-1.059189e-06
5.1386857e-07
1.1837543e-05
-1.2763433e-06
7.487269e-07
1.2054623e-05
-1.4401341e-06
9.9726654e-07
1.2271151e-05
-1.4927109e-06
1.2333161e-06
1.2466106e-05
-1.4198515e-06
1.441181e-06
1.262501e-05
-1.2603797e-06
1.618264e-06
1.2752582e-05
-1.0789272e-06
1.7672441e-06
1.287331e-05
-9.1653518e-07
1.8806031e-06
1.2995452e-05
-7.4962258e-07
1.9462875e-06
1.3130048e-05
-5.7613712e-07
1.9533136e-06
1.332219e-05
-4.2135045e-07
1.883449e-06
1.3662876e-05
-2.7407107e-07
1.7026523e-06
1.4342325e-05
-1.0998177e-07
1.3591373e-06
1.571243e-05
2.141843e-07
7.947923e-07
7.0667568e-07
-4.1018111e-08
9.3577776e-06
-1.7218985e-07
-8.3362002e-08
9.4127609e-06
-2.1906066e-07
-1.090444e-07
9.4433678e-06
-2.2898198e-07
-1.1846805e-07
9.4634183e-06
-2.3355968e-07
-1.2583882e-07
9.4797405e-06
-2.3424176e-07
-1.3224647e-07
9.4937096e-06
-2.31275e-07
-1.3756144e-07
9.5052107e-06
-2.2759161e-07
-1.4260531e-07
9.5135463e-06
-2.2594373e-07
-1.4854435e-07
9.5175383e-06
-2.2854822e-07
-1.5710156e-07
9.5158474e-06
-2.3809765e-07
-1.7041828e-07
9.5073166e-06
-2.5860354e-07
-1.8980589e-07
9.4917811e-06
-2.9659955e-07
-2.14995e-07
9.4699735e-06
-3.6182325e-07
-2.4150921e-07
9.4456785e-06
-4.663933e-07
-2.6463326e-07
9.4321023e-06
-6.2065615e-07
-2.8039011e-07
9.4486358e-06
-8.2536493e-07
-2.8123629e-07
9.5278379e-06
-1.0436796e-06
-2.6549955e-07
9.7016588e-06
-1.1826033e-06
-2.5526619e-07
9.9512161e-06
-1.1497153e-06
-2.8277921e-07
1.0241378e-05
-9.3601074e-07
-3.5494168e-07
1.0526632e-05
-6.1514989e-07
-4.5333966e-07
1.0732446e-05
-2.5045702e-07
-5.5223036e-07
1.0849006e-05
3.6166983e-08
-6.4904854e-07
1.089412e-05
2.3457658e-07
-7.8258936e-07
1.088545e-05
3.7747086e-07
-9.6235446e-07
1.0861735e-05
4.7730826e-07
-1.1744991e-06
1.0819877e-05
5.2790363e-07
-1.4599089e-06
1.076772e-05
5.4823868e-07
-1.8737219e-06
1.0837243e-05
5.8572539e-07
-2.4755467e-06
6.8897056e-07
-3.3729818e-06
9.1410141e-06
-8.1432516e-08
8.9616667e-06
-1.060332e-07
8.7653902e-06
-1.1435908e-07
8.5613674e-06
-1.2007395e-07
8.3548825e-06
-1.245794e-07
8.1502306e-06
-1.2787219e-07
7.9492835e-06
-1.3090106e-07
7.7518108e-06
-1.3505554e-07
7.5562389e-06
-1.420679e-07
7.3596959e-06
-1.5431051e-07
7.1573228e-06
-1.7509208e-07
6.9408864e-06
-2.0944723e-07
6.6980567e-06
-2.6598567e-07
6.4113431e-06
-3.5578886e-07
6.0605205e-06
-4.9192514e-07
5.6402388e-06
-7.027036e-07
5.1928099e-06
-1.0292061e-06
4.8238842e-06
-1.4875519e-06
4.6580121e-06
-2.0424871e-06
4.7431572e-06
-2.6108291e-06
5.0203122e-06
-3.1128393e-06
5.4141287e-06
-3.5128986e-06
5.8138141e-06
-3.8098543e-06
6.1408796e-06
-3.9985774e-06
6.3520753e-06
-4.1209422e-06
6.4214092e-06
-4.214525e-06
6.3285917e-06
-4.3226386e-06
6.0824049e-06
-4.4873007e-06
5.7307396e-06
-4.7230016e-06
-4.8679411e-06
9.3186798e-06
-1.2709692e-07
9.3616453e-06
-1.3714963e-07
9.4214283e-06
-1.5183734e-07
9.4744881e-06
-1.3677255e-07
9.5120499e-06
-1.0791242e-07
9.5369316e-06
-7.6542316e-08
9.5546714e-06
-4.5475555e-08
9.572113e-06
-1.7215353e-08
9.6075743e-06
1.543096e-08
9.6621287e-06
6.1184473e-08
9.7467927e-06
1.1796e-07
9.8626951e-06
2.0422255e-07
1.0002698e-05
3.3619617e-07
1.0161248e-05
5.2016801e-07
1.0313527e-05
7.7713224e-07
1.0433165e-05
1.1028465e-06
1.0501186e-05
1.4754066e-06
1.0512835e-05
1.859026e-06
1.0477451e-05
2.2158923e-06
1.0412537e-05
2.5182634e-06
1.033768e-05
2.7522594e-06
1.027091e-05
2.9149056e-06
1.0223709e-05
3.0126245e-06
1.0195019e-05
3.0585023e-06
1.0167624e-05
3.0673632e-06
1.010031e-05
3.0569277e-06
9.9067856e-06
3.0583876e-06
9.4090818e-06
3.1359575e-06
8.2402907e-06
3.432009e-06
4.3823764e-06
9.1874556e-06
-1.2771235e-07
9.1457058e-06
-2.0212971e-07
9.1056455e-06
-2.2647048e-07
9.081656e-06
-2.3297857e-07
9.0771593e-06
-2.2702506e-07
9.0888438e-06
-2.1234617e-07
9.1154819e-06
-1.9383204e-07
9.1579161e-06
-1.7578379e-07
9.2237562e-06
-1.5700074e-07
9.3247794e-06
-1.2970169e-07
9.4700625e-06
-8.8403371e-08
9.6704861e-06
-1.3772007e-08
9.9418989e-06
1.1964351e-07
1.0273668e-05
3.5254296e-07
1.0645818e-05
7.2132248e-07
1.1010579e-05
1.2526806e-06
1.130942e-05
1.9260986e-06
1.1504975e-05
2.661586e-06
1.1593567e-05
3.3614743e-06
1.1596023e-05
3.9578332e-06
1.1543778e-05
4.4235867e-06
1.1469624e-05
4.7570886e-06
1.1393073e-05
4.9705344e-06
1.1312293e-05
5.0863063e-06
1.120736e-05
5.1263381e-06
1.1034901e-05
5.1135688e-06
1.070329e-05
5.0934026e-06
1.0042919e-05
5.1562543e-06
8.7976871e-06
5.4728883e-06
6.2815527e-06
9.2279011e-06
-1.7001875e-07
9.13283e-06
-2.1610279e-07
9.0129582e-06
-2.2506593e-07
8.8812476e-06
-2.2710514e-07
8.7456337e-06
-2.2365495e-07
8.6105686e-06
-2.1483804e-07
8.4774738e-06
-2.0333636e-07
8.3447263e-06
-1.9157181e-07
8.211036e-06
-1.8040032e-07
8.0803194e-06
-1.6938781e-07
7.9612502e-06
-1.5911965e-07
7.8851218e-06
-1.5261086e-07
7.8975558e-06
-1.3424778e-07
8.0415886e-06
-5.6010165e-08
8.3618458e-06
1.2090258e-07
8.8473805e-06
4.8630463e-07
9.392984e-06
1.1155756e-06
9.8858176e-06
1.9142244e-06
1.0273032e-05
2.6923236e-06
1.0547379e-05
3.3294376e-06
1.0721551e-05
3.7969761e-06
1.0820366e-05
4.1069268e-06
1.0864535e-05
4.2781689e-06
1.084305e-05
4.3260225e-06
1.0728666e-05
4.2791611e-06
1.0494808e-05
4.1737041e-06
1.0078571e-05
4.0505003e-06
9.3731788e-06
3.9887033e-06
8.181016e-06
4.190316e-06
5.1176537e-06
9.017497e-06
8.6953609e-06
8.3559359e-06
8.0087567e-06
7.6605224e-06
7.3178123e-06
6.9835753e-06
6.6569485e-06
6.3344813e-06
6.0107844e-06
5.676575e-06
5.3145202e-06
4.9142926e-06
4.5025058e-06
4.1315267e-06
3.9152817e-06
4.0020321e-06
4.4293364e-06
5.0799748e-06
5.7994696e-06
6.4845223e-06
7.0794634e-06
7.5486699e-06
7.876978e-06
8.0360318e-06
7.9960215e-06
7.724677e-06
7.2268661e-06
6.6949757e-06
)
;

boundaryField
{
    maxY
    {
        type            calculated;
        value           uniform 0;
    }
    minX
    {
        type            calculated;
        value           nonuniform List<scalar> 
40
(
-9.2689734e-06
-9.2689651e-06
-9.2689567e-06
-9.2689483e-06
-9.2689734e-06
-9.2689651e-06
-9.2689567e-06
-9.2689483e-06
-9.2689734e-06
-9.2689651e-06
-9.2689567e-06
-9.2689483e-06
-9.2689734e-06
-9.2689651e-06
-9.2689567e-06
-9.2689483e-06
-9.2689733e-06
-9.2689651e-06
-9.2689567e-06
-9.2689483e-06
-9.2689733e-06
-9.2689651e-06
-9.2689567e-06
-9.2689483e-06
-9.2689734e-06
-9.2689651e-06
-9.2689567e-06
-9.2689483e-06
-9.2689734e-06
-9.2689651e-06
-9.2689567e-06
-9.2689483e-06
-9.2689734e-06
-9.2689651e-06
-9.2689567e-06
-9.2689483e-06
-9.2689734e-06
-9.2689651e-06
-9.2689567e-06
-9.2689483e-06
)
;
    }
    maxX
    {
        type            calculated;
        value           nonuniform List<scalar> 
40
(
5.5564928e-06
6.8592375e-06
5.9736853e-06
6.9463978e-06
9.079048e-06
1.9125436e-05
1.111543e-05
5.2373663e-06
9.1524098e-06
1.8095446e-05
1.4631322e-05
3.2623152e-06
5.0096026e-06
1.3289609e-05
1.585141e-05
4.4101506e-06
1.7831858e-06
8.258517e-06
1.2343703e-05
9.6421277e-06
1.7891938e-06
8.2729234e-06
1.2361785e-05
9.6324701e-06
5.0126912e-06
1.329759e-05
1.5852349e-05
4.4055402e-06
9.1528723e-06
1.8098252e-05
1.4628181e-05
3.2598587e-06
9.0787408e-06
1.9124982e-05
1.1114158e-05
5.23614e-06
5.5561176e-06
6.8584516e-06
5.9728159e-06
6.9455226e-06
)
;
    }
    minZ
    {
        type            calculated;
        value           uniform 0;
    }
    maxZ
    {
        type            calculated;
        value           uniform 0;
    }
    topAir_to_rightSolid
    {
        type            calculated;
        value           nonuniform List<scalar> 
130
(
-4.2351647e-22
0
0
0
0
0
-4.2351647e-22
0
0
0
0
0
0
0
4.2351647e-22
0
0
0
0
0
0
4.2351647e-22
0
0
0
0
-4.2351647e-22
0
0
0
0
0
0
0
0
0
0
0
0
0
0
0
0
-4.2351647e-22
0
0
0
-4.2351647e-22
4.2351647e-22
0
0
0
0
0
0
0
0
0
0
0
0
0
0
0
0
0
0
0
0
0
0
0
0
0
0
0
0
0
0
0
0
0
-4.2351647e-22
0
0
0
-4.2351647e-22
0
0
0
0
0
-4.2351647e-22
0
0
0
4.2351647e-22
0
0
0
0
0
0
0
0
0
0
0
0
0
0
0
0
0
0
0
0
0
0
0
4.2351647e-22
0
0
0
0
0
0
0
0
0
)
;
    }
    topAir_to_heater
    {
        type            calculated;
        value           nonuniform List<scalar> 
40
(
0
4.2351647e-22
0
-4.2351647e-22
0
-4.2351647e-22
0
0
0
4.2351647e-22
0
0
0
0
0
0
0
0
0
0
0
0
0
0
0
0
0
0
0
0
0
0
0
-4.2351647e-22
0
0
4.2351647e-22
0
0
0
)
;
    }
    topAir_to_leftSolid
    {
        type            calculated;
        value           nonuniform List<scalar> 
130
(
0
0
0
0
0
0
0
0
0
0
0
0
0
0
0
0
0
0
0
0
0
0
4.2351647e-22
0
0
0
0
0
0
0
0
0
0
4.2351647e-22
0
0
0
0
0
0
0
0
0
0
0
0
0
-4.2351647e-22
0
0
4.2351647e-22
0
0
0
0
0
0
0
0
0
0
0
-4.2351647e-22
0
0
0
8.4703295e-22
0
0
0
0
0
0
0
0
4.2351647e-22
0
-4.2351647e-22
0
0
0
0
0
-4.2351647e-22
4.2351647e-22
0
0
0
4.2351647e-22
0
0
0
0
0
0
0
4.2351647e-22
0
0
-4.2351647e-22
0
0
0
0
0
0
0
0
0
-4.2351647e-22
0
0
0
0
0
0
0
0
0
0
0
0
0
0
-4.2351647e-22
0
0
0
0
-4.2351647e-22
)
;
    }
}


// ************************************************************************* //
