/*--------------------------------*- C++ -*----------------------------------*\
  =========                 |
  \\      /  F ield         | OpenFOAM: The Open Source CFD Toolbox
   \\    /   O peration     | Website:  https://openfoam.org
    \\  /    A nd           | Version:  12
     \\/     M anipulation  |
\*---------------------------------------------------------------------------*/
FoamFile
{
    format      ascii;
    class       labelList;
    note        "nPoints: 14858 nCells: 8569 nFaces: 31799 nInternalFaces: 19615";
    location    "constant/lid/polyMesh";
    object      neighbour;
}
// * * * * * * * * * * * * * * * * * * * * * * * * * * * * * * * * * * * * * //


19615
(
88
805
3838
3839
3840
90
3853
3854
92
807
3858
3859
3860
34
808
8226
40
95
811
2649
2650
98
817
2666
2667
99
2675
2676
2677
287
2686
2687
2688
288
832
2698
2699
2700
100
837
2710
2711
2719
2720
2721
2726
2727
2728
71
102
103
828
851
853
3883
3884
3885
855
2734
2735
8228
8229
16
25
856
857
26
861
862
18
27
867
868
869
77
874
875
876
20
78
881
882
883
79
888
889
890
22
80
895
896
897
28
902
903
904
24
29
909
910
30
914
915
26
919
920
921
929
930
931
77
935
936
939
80
946
947
950
30
954
955
956
965
966
967
32
281
976
979
34
982
983
984
35
989
990
281
995
996
37
999
1000
1001
38
94
796
2740
2741
1009
1010
40
95
1015
1016
41
1019
1020
796
2743
2744
43
1028
1029
1030
44
81
97
1035
1036
1039
1040
45
1045
1046
1047
81
1052
1053
47
48
1063
1064
1065
50
1069
1070
50
1075
1076
1077
51
82
1083
1084
1087
1091
1092
52
1096
1097
1098
82
1103
1104
1105
54
83
1110
1111
1112
84
1117
1118
1119
58
85
1124
1125
1126
58
85
1132
1133
1136
59
60
1142
1143
1144
1149
1150
1151
62
1156
1157
62
1164
1165
1166
66
86
1171
1172
1178
1179
66
86
101
1182
1183
71
102
797
2756
2757
67
72
1188
1189
1190
1195
1196
1197
1202
1203
71
103
797
2759
2760
75
104
282
1210
1211
73
76
1214
1215
1216
1221
1222
1225
1226
1231
1232
75
282
1237
1240
1241
1242
1247
1248
1253
1254
1256
79
2762
2763
2765
2767
2768
2770
1265
1266
1268
814
2772
2773
1274
1275
1277
84
1279
1280
1282
1284
1285
1287
1290
1291
1293
838
2775
2776
88
805
2778
2779
2781
2782
283
806
2786
2787
2788
286
2793
2794
2795
92
807
2799
2800
2803
2804
2808
2809
2810
95
811
2814
2815
2818
2819
2820
814
8231
815
2824
2825
818
2828
2829
2830
833
2834
2835
838
8233
841
2839
2840
841
2842
2843
845
8235
108
141
1355
1356
1357
109
143
348
110
351
352
291
1367
1368
1369
293
356
357
363
364
365
116
328
1382
1383
1384
117
371
372
373
118
1389
1390
1391
119
1396
1397
1398
120
1403
1404
1405
1258
1410
1411
1412
1417
1418
1419
1424
1425
1426
1431
1432
1433
1438
1439
1440
125
1262
1445
1446
1447
126
1452
1453
1454
127
1459
1460
1461
128
388
389
390
331
1472
1473
1474
396
397
398
1479
1480
1481
403
404
131
295
1490
1491
1492
132
297
408
409
146
1499
1500
1501
148
414
135
416
417
139
1510
1511
421
422
140
427
428
1514
1515
1516
142
289
1521
1522
1523
290
1531
1532
1533
436
437
438
291
1538
1539
1540
942
1545
1546
293
1550
1551
294
798
943
1555
1556
151
443
444
445
295
1560
1561
1562
153
962
1567
1568
297
1572
1573
298
963
1306
1577
1578
155
450
451
456
457
1582
1583
1584
299
1589
1590
1591
157
301
1599
1600
1601
465
466
467
158
302
1611
1612
1613
305
1618
1619
1620
159
1625
1626
1627
302
1635
1636
1637
164
306
1642
1643
1644
304
481
482
165
487
488
1649
1650
1651
166
1656
1657
1658
168
493
494
306
1667
1668
1669
170
1006
1674
1675
1676
1681
1682
308
1007
1316
1691
1692
174
1697
1698
1699
511
512
513
176
1704
1705
1706
518
519
520
1006
1712
1713
1714
177
1025
1719
1720
1721
179
1734
1735
1736
180
1742
1743
1744
527
528
529
1749
1750
1025
1755
1756
1757
184
309
1762
1763
1764
185
1773
1774
311
1026
1322
1777
1778
186
1782
1783
1784
188
541
542
309
1796
1797
1798
191
192
1803
1804
1805
549
550
194
555
556
1810
1811
1812
197
1816
1817
197
1825
1826
1827
816
1059
1271
1831
1832
562
563
564
199
1061
1835
1836
1837
568
569
570
1842
1843
1844
200
1849
1850
202
1855
1856
1857
1868
1869
1870
204
1060
1875
1876
1877
1061
1885
1886
1887
588
589
590
1072
1893
1894
208
312
1898
1899
1900
209
314
1906
1907
315
1073
1330
1911
1912
211
1916
1917
1918
212
595
213
598
599
600
312
1924
1925
1926
314
604
605
611
612
613
216
335
1945
1946
1947
218
618
619
620
337
1964
1965
1966
219
1971
1972
1973
627
628
629
1991
1992
1993
223
340
1998
1999
2000
224
640
641
642
230
649
650
651
343
2012
2013
2014
656
657
658
663
664
665
233
317
2031
2032
2033
235
1139
2038
2039
234
318
2043
2044
319
1140
1341
2049
2050
670
671
672
233
317
2059
2060
2061
234
318
676
677
2069
2070
2071
681
1160
2083
2084
2085
243
2090
2091
2092
245
1162
2100
2101
2102
1161
1296
1342
2109
2110
244
250
2113
2114
2115
252
693
694
695
245
1162
2120
2121
2122
699
700
701
2127
2128
255
2133
2134
2135
2140
2141
2142
256
321
2148
2149
2150
266
1185
2155
2156
2157
257
2162
2163
322
1186
1347
2170
2171
255
2177
2178
2179
256
321
2184
2185
2186
720
721
257
726
727
2191
2192
2193
2197
2198
2203
2204
2205
734
735
269
1208
2215
2216
2217
278
324
2222
2223
2224
279
2233
2234
325
1209
1352
2239
2240
746
747
748
266
1185
2243
2244
2245
269
1208
2250
2251
2252
268
271
2265
2266
2267
2272
2273
2274
755
756
757
2280
2281
2286
2287
2288
767
768
769
2295
2296
2297
280
326
2302
278
324
2308
2309
2310
280
326
2315
2316
2317
279
779
780
327
785
786
2322
2323
2324
2329
2330
2331
791
792
2340
2341
2342
808
2845
2846
845
2848
2852
2853
2854
285
2859
2860
2861
2866
2867
2868
2873
2874
2875
2880
2881
2882
2887
2888
2889
942
1297
2378
2379
2383
2384
2386
2391
2392
2393
329
944
1298
2398
2399
2401
2402
945
1299
2404
2405
2410
2411
2412
332
803
960
2417
2418
2420
2421
804
961
2423
2424
962
1313
2426
2427
303
1314
2346
2429
2430
305
2432
2433
2435
2440
2441
2442
1315
2347
2447
2448
2450
2451
2455
2456
2459
2462
2463
2464
809
2468
2469
810
1005
2472
2473
2475
2476
2477
1326
2481
2482
1034
1327
2485
2486
2490
2491
2492
334
1081
1334
2497
2498
2500
2501
1082
1335
2503
2504
344
1130
1336
2508
2509
2511
2512
2513
2518
2519
1131
1337
2521
2522
1343
2524
2525
2527
2528
2529
1181
1344
2534
2535
1350
2537
2538
2540
2541
2542
1207
1351
2547
2548
2550
2551
2553
1258
2556
2557
2559
799
1261
2561
2562
800
1260
2564
2565
1262
2568
2569
2571
1270
2356
2573
2574
1264
2357
2576
2577
1273
2364
2581
2582
337
2584
2585
2587
339
2365
2589
2590
2592
2593
2595
341
2369
2597
2598
2370
2600
2601
343
2603
2604
2606
2371
2608
2609
345
2372
2611
2612
2616
2617
2619
1289
2376
2621
2622
2377
2624
2625
347
436
861
349
440
865
349
357
1356
1551
1360
1552
353
354
355
866
353
354
363
867
2388
354
356
2389
367
871
359
872
2390
358
359
1366
359
2401
358
359
1368
2402
1371
1372
2403
361
369
370
1388
376
378
1394
366
367
368
369
370
873
366
367
874
2555
367
368
366
368
372
374
877
879
375
1375
374
375
376
1381
375
376
1417
374
375
374
376
1383
1419
1385
1387
1422
378
379
1416
1423
1422
1429
380
1395
1402
384
1401
1408
382
383
1451
1458
386
1457
1464
384
1430
1437
1435
1442
386
394
395
1478
401
1484
391
392
393
394
395
894
391
393
403
895
2567
392
393
391
392
397
399
898
400
405
900
1465
399
400
401
1471
400
401
1452
399
400
399
401
1454
1473
1475
1457
1477
405
406
407
901
405
406
902
2407
406
408
2408
906
411
907
2409
410
411
1489
411
2420
410
411
414
1491
2421
1494
1495
2422
413
443
909
415
446
913
415
1500
1573
1504
1574
418
421
418
422
1510
419
424
1512
434
1509
423
424
425
432
1527
1530
423
424
424
425
1531
433
1528
434
1535
1536
429
430
431
432
918
1527
429
431
436
919
430
431
438
923
433
1528
441
924
1529
433
434
1513
1519
439
440
441
928
1549
440
441
929
439
440
1550
439
441
933
1552
934
446
447
448
953
1571
446
448
456
954
446
447
1572
447
448
457
958
1574
460
959
452
453
454
461
1595
1598
452
453
465
453
454
467
1599
462
1596
463
468
1603
1604
458
459
460
461
964
1595
459
460
965
458
460
462
1596
969
970
1597
462
463
1581
470
1587
468
469
471
1617
468
469
472
2437
468
469
1618
2438
470
1622
474
1623
2439
1609
474
1610
474
2450
474
475
1612
2451
1615
2452
482
1626
477
478
479
480
486
1648
484
489
485
1653
490
1654
483
484
485
1631
1634
483
484
483
485
1636
2451
1632
1639
2453
1633
1640
489
490
491
1631
1641
489
490
490
491
494
1643
2471
1633
495
1646
1647
496
501
993
496
1681
495
496
1657
1682
1660
1661
1683
501
502
503
998
1680
1686
501
503
999
501
502
1681
502
503
1687
1003
1683
1684
509
1004
1689
507
510
1703
507
511
518
507
520
1704
516
522
1709
509
510
1008
515
1013
514
515
516
1696
514
516
1726
514
515
1687
515
516
1688
1698
1727
1689
1701
1702
1728
521
522
523
1725
1729
1733
521
522
1726
521
523
1730
522
523
1734
1728
1738
524
1732
1739
530
1753
531
536
1023
530
531
1741
530
1730
531
1769
530
531
1731
1743
1770
1732
1746
1747
1771
536
537
538
1027
1768
1772
536
538
1028
536
537
1769
537
538
1773
1032
1771
539
1033
1775
543
1043
543
544
1781
543
1773
543
544
550
1774
1783
1775
1786
553
1787
546
547
548
554
1809
552
557
553
1814
551
552
553
1792
1795
552
553
551
553
1797
2484
1800
1793
1801
557
558
559
1792
1802
557
559
563
558
559
560
564
1804
1793
1807
565
1794
1808
575
1816
565
566
1824
566
574
1821
565
565
566
575
1826
1829
576
1823
1830
571
572
573
1854
571
574
1821
572
1862
571
572
1822
1855
1863
576
1823
1859
577
1860
1865
576
1841
576
576
1843
1847
586
1852
581
582
583
584
1062
1881
582
583
588
1063
581
583
589
585
1882
1067
591
1068
1883
585
586
1861
1867
1864
1865
1872
591
592
593
1074
1905
591
593
1075
591
592
592
593
1906
1079
1904
594
1080
1909
596
1094
596
605
1907
1917
1909
1920
601
602
603
1095
601
602
611
1096
2488
601
604
602
612
606
1100
2489
616
1101
606
607
1923
606
2500
606
607
1925
2501
1928
2502
1929
609
617
1951
623
625
1956
614
615
616
617
1102
614
616
1103
2579
615
616
614
615
619
621
1106
2580
622
1108
621
622
623
1944
622
623
627
621
622
621
623
629
1946
1948
632
1950
625
626
633
1977
632
1982
630
631
632
1957
1963
631
632
630
631
630
632
1965
1960
1967
1961
1969
634
1957
1970
638
1962
1976
636
637
639
2004
645
647
2010
638
1984
1990
1989
1995
643
644
645
1984
1997
644
645
656
643
644
643
645
658
1999
1987
2001
1988
661
2003
647
655
2024
661
2028
652
653
654
655
1123
652
654
670
1124
2614
652
653
657
653
654
671
659
1127
2615
660
673
1129
659
660
661
2011
660
661
659
660
659
661
2013
2015
2017
666
667
668
1141
2042
667
668
684
1142
666
667
2043
666
668
685
680
1146
2046
686
1147
2047
673
674
675
1148
673
674
1149
2506
673
674
676
1153
678
1154
2507
678
679
2058
678
2518
678
679
681
2060
2519
2063
2520
2064
682
1158
682
2044
2070
2046
2073
686
687
688
689
1163
2096
686
688
1164
686
687
1168
2097
690
2098
1169
690
691
2076
2089
2079
704
2081
2094
696
697
2112
696
706
2106
697
720
696
697
707
721
2114
708
2108
2117
723
2118
702
703
705
2139
702
2077
703
706
2106
702
703
2078
2107
2140
704
2081
2144
708
2108
2145
2130
708
2132
708
708
731
2134
2137
713
714
715
1187
2161
2165
714
715
1188
713
714
2162
713
715
2166
732
1192
2164
753
1193
2168
717
718
719
725
2190
722
728
730
2196
722
723
724
2173
2176
722
723
723
724
731
2178
2174
2175
2181
2182
728
729
730
2173
2183
728
730
729
730
735
2185
2533
2174
2188
737
2189
2197
736
1205
736
737
2202
736
2162
736
737
2163
2204
2164
2207
2208
742
743
744
1213
2228
2232
743
744
1214
742
743
2229
742
744
2233
2235
765
1218
2231
790
1219
2237
749
750
751
2256
2260
2264
749
750
2257
749
751
761
2261
750
751
762
2265
752
2259
2269
763
2263
2270
759
2283
758
1228
758
759
2271
759
2257
758
2166
758
759
2167
2258
2273
2168
2276
2259
2277
763
766
2294
763
767
763
2295
772
2299
765
766
1230
770
1234
770
771
772
2285
771
772
2261
770
771
2229
770
772
2230
2262
2287
2231
2290
2263
2291
795
2302
2553
775
776
777
778
784
2321
781
787
783
2326
789
2327
781
782
783
2304
2307
781
783
782
783
792
2309
2546
2305
2312
794
2313
787
788
789
2304
2314
787
788
788
789
795
2316
2553
2305
2306
2319
2554
2320
793
1250
793
2233
793
794
2234
2330
2237
2333
2334
2341
811
3888
3889
841
3890
3891
1299
1302
2893
1298
2350
8241
8242
2349
2352
2894
2895
1263
2348
2358
2899
2900
1264
2357
2360
2902
2903
1307
2356
8244
8245
1306
1309
8247
3892
3893
3894
3899
3900
3914
3915
3916
3923
3924
1317
2922
2927
2928
1316
1319
2930
2931
3940
3941
1323
3014
3019
3020
1026
1322
1325
3022
3023
3961
3962
817
3968
3969
3970
1328
3097
3102
3103
4007
4008
4009
4014
4015
1072
1329
3147
3148
1331
3143
3150
3151
3152
1073
1330
1333
3155
3156
823
827
849
4024
4025
4026
828
851
4039
4040
4041
1273
1332
2364
3193
3195
2366
3199
3200
3201
2365
2368
3205
3207
828
853
4078
4079
4080
4089
4090
4091
2367
2371
3245
3247
2374
3251
3252
3253
2372
2375
3257
3259
4146
4147
837
4153
4154
4155
1130
1336
2373
3305
3306
1338
3302
3309
3310
3311
1131
1337
1340
3315
3316
4164
4165
4166
4177
4178
1160
1339
3368
1161
1342
3361
3370
3371
4194
4195
1343
3363
3390
3392
3393
1345
3385
3397
3398
3399
1181
1344
1346
3402
3403
4204
1348
3386
3408
3409
3410
1350
3405
3413
3415
3416
1207
1349
1351
3419
3420
851
853
4206
4207
4208
852
854
2733
4212
4213
4214
4219
4220
4221
855
2734
4225
4226
4227
4232
4233
4234
855
2735
4238
4239
4240
4245
4246
4247
858
859
861
919
859
920
864
923
1353
863
864
865
1354
864
865
929
863
865
930
1355
1358
933
1360
870
871
872
1362
1366
871
872
874
935
870
871
875
1363
870
872
936
1367
1364
1370
879
1365
937
1372
877
878
879
1375
1381
877
879
1253
878
879
1376
877
878
1254
1382
1255
1385
1378
1386
1379
884
885
886
1395
1402
1409
884
886
888
1396
2762
885
886
889
1403
884
885
1410
2763
1399
1413
2764
1406
1414
893
1401
1408
891
892
893
1430
1437
1444
891
893
1431
2767
892
893
1438
891
892
1445
2768
1434
1448
2769
1441
1449
1435
1442
898
899
900
1465
1471
898
900
902
1265
899
900
903
1466
898
899
1266
1472
1267
1475
1468
1476
906
1470
905
906
907
1485
1489
906
907
946
905
906
1486
905
907
947
1490
1487
1493
1488
948
1495
911
912
913
1498
912
913
914
954
911
913
955
1499
1502
916
958
1504
916
917
965
917
966
969
1506
922
923
924
1513
1520
923
924
929
922
923
1514
922
924
931
1521
1517
1524
1518
934
1526
927
2379
2736
2778
927
2381
2779
2380
2382
2780
932
933
934
1537
1544
933
934
932
933
1538
932
934
1545
1541
1547
1542
1548
937
940
1253
2388
937
941
2391
938
2390
2394
940
941
2396
940
941
1256
2398
2397
2400
1300
3429
3430
945
1302
3432
3433
1261
1303
8264
1305
3435
3436
948
952
1265
2407
948
951
2410
949
2409
2413
951
952
2415
951
952
1268
2417
2416
2419
957
958
959
1559
1566
958
959
965
957
958
1560
957
959
967
1567
1563
1569
1564
970
1570
1270
1307
8265
963
1309
3437
3438
1310
3439
3440
1312
3442
3443
968
969
970
1581
1588
969
970
968
969
1582
968
970
1589
1585
1592
1586
1593
972
1605
1610
1616
975
2427
2738
2803
975
2429
2804
2428
2431
2805
977
980
983
2440
978
986
2444
980
2445
980
2447
2806
2845
2446
2449
985
986
987
1631
1634
1641
986
987
985
986
1635
985
987
995
1642
1638
1645
1632
1639
1647
991
992
993
1655
992
993
994
999
991
993
1000
1656
1659
1003
1661
1009
997
2462
997
2468
2846
8226
2467
2470
8227
1002
1003
1004
1666
1673
1003
1004
1009
1002
1003
1667
1002
1004
1010
1674
1670
1677
1671
1013
1679
1007
1319
3445
3446
3447
3448
3449
1321
3454
3455
1011
1012
1013
1694
1696
1012
1013
1011
1013
1697
1695
1700
1701
1017
1711
1718
1017
1712
2740
1017
1719
2743
1715
1722
1021
1022
1023
1740
1741
1022
1023
1024
1028
1021
1023
1029
1742
1745
1032
1747
1039
3457
3458
3459
1034
3464
3465
1031
1032
1033
1754
1761
1032
1033
1039
1031
1032
1755
1031
1033
1040
1762
1758
1765
1759
1043
1767
1325
3467
3468
1037
1046
2475
1037
2481
2773
8231
2480
2483
8232
1041
1042
1043
1780
1781
1042
1043
1041
1043
1782
1785
1786
1048
1049
1050
1792
1795
1802
1049
1050
1048
1049
1796
1048
1050
1052
1803
1799
1806
1800
1055
1794
1808
1054
1055
1824
1054
1055
1825
1054
1831
2660
2772
1828
1833
1829
1057
1058
1841
1848
1845
1851
1846
1272
1328
3469
3470
1072
1329
3472
3473
3475
3476
3477
1066
1067
1068
1867
1874
1067
1068
1069
1075
1066
1067
1070
1868
1066
1068
1076
1875
1871
1878
1071
1873
1079
1880
1071
1091
1071
1891
3480
3481
1082
3483
3484
1078
1079
1080
1892
1897
1079
1080
1091
1078
1079
1893
1078
1080
1092
1898
1895
1901
1896
1094
1903
1273
1332
8266
1333
3486
3487
1085
1088
1096
1274
2488
1085
1089
1097
2490
1086
1100
2489
2494
1088
1089
2495
1088
1089
1277
2497
2496
2499
1093
1094
1915
1093
1094
1094
1916
1920
1099
1100
1101
1923
1930
1100
1101
1103
1099
1100
1924
1099
1101
1104
1931
1927
1933
1928
1108
1934
1106
1107
1108
1938
1944
1106
1108
1274
1107
1108
1939
1106
1107
1275
1945
1276
1948
1941
1949
1942
1113
1114
1115
1957
1963
1970
1113
1115
1117
1279
1958
1113
1114
1280
1964
1114
1115
1118
1971
1281
1960
1967
1968
1974
1122
1962
1976
1120
1121
1122
1984
1990
1997
1120
1122
1284
1985
1121
1122
1991
1120
1121
1285
1998
1286
1987
2001
1994
2002
1989
1995
1127
1128
1129
2011
2018
1127
1129
1149
1290
1127
1128
1291
2012
1128
1129
1150
2019
1292
2015
2016
2021
1153
2023
1289
8267
1140
3488
3489
1134
1137
1149
1290
2506
1134
1138
1151
2511
1135
1154
2507
2515
1137
1138
2516
1137
1138
1293
2508
2510
2517
1160
1339
3490
3491
1340
3493
3494
1145
1146
1147
2030
2037
1146
1147
1156
1164
1145
1146
1157
2031
1145
1147
1165
2038
2034
2040
1158
2036
1168
2041
1152
1153
1154
2053
2058
1153
1154
1152
1153
2054
1152
1154
2059
2056
2062
2057
2063
1158
1159
2068
1158
1159
1178
1158
2069
2073
3496
3497
1295
3499
3500
3502
3503
3504
1167
1168
1169
2082
2089
1168
1169
1178
1167
1168
2083
1167
1169
1179
2090
2086
2093
2087
1180
2095
1173
1174
2112
1173
2109
2775
2838
1173
1174
1196
2113
2111
2116
1199
2118
1176
1177
2126
2132
2129
2136
2138
1180
1180
2146
1186
3507
3508
1184
1197
2527
1184
2524
2776
8233
2526
2532
8234
3512
3513
3514
1346
3516
3517
1191
1192
1193
2147
2154
1192
1193
1202
1225
1191
1192
1203
2148
1191
1193
1226
2155
2151
2158
1205
2153
1228
2160
1198
1199
1200
2173
2176
2183
1199
1200
1198
1199
2177
1198
1200
2184
2180
2187
2175
2181
2188
1204
1205
1206
2202
2209
1205
1206
1236
1204
1205
2203
2206
2207
1209
3519
3520
3524
3525
3526
1349
3528
3529
1212
1241
2540
1212
2537
2848
8235
2539
2545
8236
1217
1218
1219
2214
2221
1218
1219
1231
1247
1217
1218
1232
2215
1217
1219
1248
2222
2218
2225
1234
2220
1250
2227
1223
2242
2249
1223
2243
2756
1223
2250
2759
2246
2253
1227
1228
1229
2271
2278
1228
1229
1236
1227
1228
2272
2275
2276
1233
1234
1235
2285
2292
1234
1235
1252
1233
1234
2286
2289
2293
2290
1238
1242
2550
1245
2552
1243
1244
1245
2304
2307
2314
1244
1245
1243
1244
2308
1243
1245
2315
2311
2318
2312
2306
2319
1249
1250
1251
2328
1250
1251
1252
1249
1250
2329
2332
2333
1255
2555
1255
1257
2556
2558
1257
2561
2560
2563
3531
3532
3534
1263
2348
3536
3537
2349
3539
3540
2350
3542
3543
3544
3546
3548
3549
3551
3552
1267
2567
1267
1269
2568
2570
1269
2573
2572
2575
2361
3554
1272
3097
3556
3100
3558
1276
2579
1276
1278
2584
2580
2586
1278
2581
2583
2588
1281
1284
1281
1283
2592
2594
1283
1287
2597
8237
2596
2599
8238
1286
1286
1288
2603
2605
1288
2608
8239
2607
2610
8240
2373
3559
1292
2614
1292
1294
2616
2615
2618
1294
2621
2620
2623
1296
3361
3365
3560
1300
3563
1303
8275
8276
1305
8278
3565
3566
1304
2629
3568
3569
3570
1305
3573
3574
2350
3576
3577
2905
3580
3581
3582
3586
3587
1312
3589
2361
3590
3591
1311
2630
3594
3595
3596
1312
3600
3601
1313
3603
3604
2917
3606
3607
3608
3611
3612
3614
1315
2631
8279
8280
2921
3616
3617
1321
2925
3618
3620
3621
1320
2648
3625
3626
3627
1321
3630
3631
3013
3634
3635
3637
3638
1327
3017
3641
3642
3643
1326
2658
3646
3648
3649
1327
3652
3653
3096
3655
3656
3658
3659
3100
3661
3662
3664
1335
3667
3146
3669
3670
3671
1334
3675
3676
1335
3678
3679
2364
8283
8284
8286
2376
8287
8288
1341
8290
3304
3681
3682
3683
3686
3687
1341
3689
3690
3692
3365
3693
3694
3366
3695
3696
1347
3698
3699
3387
3701
3702
1347
3705
3706
3388
3708
3709
1352
3712
3713
3406
3715
3716
1352
3718
3719
1518
1358
1359
1360
1358
1360
1538
1359
1360
1368
1539
1358
1359
1369
1361
1371
1542
1374
1364
1365
1373
1364
1365
1376
1379
1370
1371
1372
1373
1370
1372
2391
1371
1372
2392
1370
1371
1374
2394
1374
1378
1379
1380
1388
1378
1379
1379
1380
1392
1393
1385
1386
1387
1388
1385
1386
2556
1385
1387
1411
2557
1386
1387
1391
1412
2558
1392
1394
1415
1392
1393
1394
1393
1394
1424
1392
1393
1392
1394
1426
1429
1399
1400
1401
1416
1399
1401
1431
1400
1401
1432
1399
1400
1418
1420
1421
1435
1406
1407
1408
1423
1406
1408
1438
1407
1408
1439
1406
1407
1425
1427
1428
1442
1413
1414
1415
1416
1423
1413
1414
3531
1413
1415
1419
3532
1414
1415
1426
1420
3533
1427
1422
1429
1420
1421
1422
1421
1422
1420
1421
1420
1422
1427
1428
1429
1428
1429
1427
1428
1427
1429
1434
1435
1436
1451
1434
1435
1435
1436
1434
1436
1453
1455
1456
1441
1442
1443
1458
1441
1442
1442
1443
1441
1443
1460
1462
1463
1448
1449
1450
1451
1458
1448
1449
3543
1448
1450
1454
1473
3544
1449
1450
1461
1474
1455
3545
1462
1457
1464
1477
1455
1456
1457
1456
1457
1455
1456
1455
1457
1462
1463
1464
1463
1464
1479
1462
1463
1462
1464
1481
1484
1468
1469
1470
1478
1468
1470
1486
1469
1470
1482
1483
1488
1475
1476
1477
1478
1475
1476
2568
1475
1477
2569
1476
1477
1481
2570
1482
1484
1482
1483
1484
1483
1484
1482
1483
1482
1484
1487
1488
1496
1487
1488
1493
1494
1495
1496
1493
1495
2410
1494
1495
1500
2411
1493
1494
1501
1497
1503
2413
1497
1505
1502
1503
1504
1502
1504
1560
1503
1504
1561
1502
1503
1505
1564
1586
1509
1515
1509
1511
1516
1512
1519
1512
1531
1512
1532
1535
1517
1518
1519
1530
1517
1518
1518
1519
1517
1519
1532
1534
1535
1524
1525
1526
1527
1530
1524
1526
1545
1525
1526
1524
1525
1533
2378
1534
1536
1529
1548
1528
1529
1534
1535
1536
1535
1536
2383
1534
1535
1534
1536
2384
2385
1541
1542
1543
1549
1554
1541
1542
1542
1543
1551
2392
1541
1543
1555
2393
1557
1552
1553
1558
2395
1547
1548
1554
1547
1548
1547
1556
3429
1557
1552
1553
1552
1552
1553
2402
1557
1558
1557
1558
2404
1557
2893
3432
1563
1564
1565
1571
1576
1563
1564
1564
1565
1573
2411
1563
1565
1577
2412
1579
1574
1575
1580
2414
1569
1570
1576
1569
1570
1589
1569
1578
3439
1579
1593
1574
1575
1574
1574
1575
2421
1579
1580
1579
1580
2423
1579
3442
3589
1585
1586
1587
1598
1585
1586
1586
1587
1606
1585
1587
1600
1607
1602
1603
1609
1592
1593
1594
1595
1598
1592
1593
1593
1594
1592
1594
1601
2426
1602
1597
1604
1596
1597
1602
1603
1604
1603
1604
1618
2432
1602
1603
1619
1602
1604
2433
1622
2434
1608
1609
1617
1609
1608
1609
1619
1621
1622
1614
1615
1616
1617
1614
1616
1625
1615
1616
1626
2441
1614
1615
1620
2442
1621
1623
2443
1628
1621
1622
1623
1622
1623
2455
1621
1622
1621
1623
2456
2457
1628
1629
1628
1628
1629
1636
1629
1637
1630
1640
1653
1632
1633
1638
1639
1640
1648
1638
1639
2440
1639
1640
2441
1638
1640
1650
1652
2444
1653
1645
1646
1647
1648
1645
1647
2462
1646
1647
1657
2463
1645
1646
1651
1658
1652
1654
1660
2465
1652
1653
1654
1653
1654
1663
1652
1653
1652
1654
1664
1665
1659
1660
1661
1662
1659
1661
1667
1660
1661
1668
1659
1660
1664
1665
1671
1665
1665
1665
1670
1671
1672
1680
1690
1670
1671
1671
1672
1682
2463
1670
1672
1691
2464
1693
1683
1685
2466
1677
1678
1679
1686
1690
1677
1679
1697
1678
1679
1688
1698
3448
1677
1678
1692
3449
1693
1689
1701
1683
1684
1685
1683
1684
1683
1685
2471
1689
1689
1689
1693
1693
2472
1693
3454
1695
1703
1707
1700
1701
1702
1703
1700
1701
1701
1702
1713
1700
1702
1706
1714
1707
1709
1717
1707
1708
1709
1708
1709
1710
1734
1707
1708
1707
1709
1735
1738
1749
1715
1716
1717
1725
1733
1715
1716
3447
1716
1717
1727
3448
1715
1717
1735
1737
1728
1738
1722
1723
1724
1729
1733
1722
1724
3457
1723
1724
1731
1743
3458
1722
1723
1736
1744
1737
1732
1739
1746
1728
1728
1728
1732
1732
1732
1737
1738
1739
1738
1739
1749
1737
1738
1737
1739
1750
1753
1748
1745
1746
1747
1748
1745
1747
1755
1746
1747
1756
1745
1746
1750
1751
1753
1759
1751
1752
1753
1752
1753
1751
1753
1758
1759
1760
1768
1776
1758
1759
1759
1760
1770
3458
1758
1760
1777
3459
1779
1771
1765
1766
1767
1772
1776
1765
1767
1782
1766
1767
1774
1783
2476
1765
1766
1778
2477
1779
2478
1775
1786
1771
1771
1771
1775
1775
1775
2484
1779
1779
3464
1779
2485
1788
1785
1786
1787
1788
1785
1786
1786
1787
1797
1785
1787
1790
1798
1791
1801
1791
1791
1810
1791
1811
1814
1793
1794
1799
1800
1801
1809
1799
1800
2475
1800
1801
2476
1799
1801
1811
1813
2479
1814
1806
1807
1808
1809
1806
1808
1825
1807
1808
1816
1826
1806
1807
1812
1817
1813
1815
1818
1829
1813
1814
1815
1814
1815
1813
1814
1813
1815
1820
1818
1819
1843
1818
1820
1846
1823
1823
1835
1839
1828
1829
1830
1834
1828
1829
1829
1830
1843
1828
1830
1836
1844
1838
1839
1847
1833
3102
3556
1833
1837
3103
3469
1838
1838
1839
1840
1839
1840
1855
3475
1838
1839
1856
1838
1840
3476
1859
1845
1846
1847
1854
1845
1846
1846
1847
1845
1847
1856
1858
1859
1851
1852
1853
1854
1852
1853
1869
1851
1852
1857
1870
1858
1860
1872
1858
1859
1860
1859
1860
1885
1858
1859
1858
1860
1886
1889
1864
1865
1866
1881
1884
1864
1865
1865
1866
1885
1882
1889
1890
1871
1872
1873
1884
1871
1873
1872
1873
1871
1872
1886
1888
1889
1891
1878
1879
1880
1881
1884
1878
1880
1893
1879
1880
1878
1879
1887
3472
1888
1890
1883
1896
1882
1883
1904
1888
1889
1890
1889
1890
3475
1888
1889
1888
1890
3477
3478
1895
1896
1910
1895
1896
1895
1911
3480
1913
1904
1901
1902
1903
1905
1910
1901
1903
1916
1902
1903
1907
1917
2491
1901
1902
1912
2492
1913
1908
1914
2493
1909
1920
1908
1909
1909
1908
1909
2501
1913
1914
1913
3483
3667
1913
1914
2503
1919
1920
1921
1919
1920
1920
1921
1925
1919
1921
1926
1922
1929
1937
1927
1928
1929
1935
1927
1928
2490
1928
1929
2491
1927
1929
1936
2494
1937
1933
1934
1935
1933
1934
1939
1934
1940
1936
1942
1936
1937
1941
1942
1943
1951
1941
1942
1942
1943
1954
1955
1948
1949
1950
1951
1948
1949
2584
1948
1950
1965
2585
1949
1950
1953
1966
2586
1954
1956
1969
1954
1955
1956
1955
1956
1978
1954
1956
1979
1982
1960
1961
1962
1960
1962
1985
1961
1962
1986
1989
1967
1968
1969
1977
1967
1968
2592
1967
1969
2593
1968
1969
1979
2594
1981
1982
1974
1975
1976
1977
1974
1976
1991
1975
1976
1992
1974
1975
1980
1981
1983
1995
1981
1982
1983
1982
1983
1981
1982
1981
1983
1987
1988
1989
1987
1989
1988
1989
1994
1995
1996
2004
1994
1995
1995
1996
1994
1996
2006
2008
2009
2001
2002
2003
2004
2001
2002
2603
2001
2003
2013
2604
2002
2003
2007
2014
2605
2008
2010
2017
2008
2009
2010
2009
2010
2025
2008
2009
2008
2010
2026
2028
2015
2016
2017
2024
2015
2016
2616
2015
2017
2617
2016
2017
2026
2618
2027
2028
2021
2022
2023
2024
2021
2023
2054
2022
2023
2055
2027
2029
2057
2027
2028
2029
2028
2029
2027
2028
2034
2035
2036
2042
2048
2034
2036
2069
2035
2036
2044
2070
2512
2034
2035
2049
2513
2051
2045
2052
2514
2046
2073
2040
2041
2048
2040
2041
2083
2040
2050
3490
2051
2047
2087
2045
2046
2046
2045
2046
2519
2097
2051
2052
2051
2052
2521
2051
3493
3692
2056
2057
2065
2056
2057
2057
2066
2062
2063
2064
2065
2062
2063
2511
2063
2064
2070
2512
2062
2064
2071
2066
2515
2067
2074
2066
2067
2075
2072
2073
2074
2072
2073
2073
2074
2072
2074
2075
2079
2080
2081
2096
2099
2079
2081
2080
2081
2100
2098
2104
2105
2086
2087
2088
2096
2099
2086
2087
2087
2088
2086
2088
2101
3496
2103
2097
2104
2093
2094
2095
2099
2093
2095
2094
2095
2127
2093
2094
2102
2128
2103
2105
2130
2146
2097
2098
2103
2104
2105
2104
2105
2140
3502
2103
2104
3503
2103
2105
2141
3505
2144
2108
2108
2120
2125
2111
3560
3693
2111
2121
3499
3694
2123
2116
2117
2118
2119
2116
2118
2177
2117
2118
2134
2178
2116
2117
2122
2135
2123
2125
2137
2181
2123
2124
2125
2124
2125
2140
3502
2123
2124
3504
2123
2125
2142
2145
2129
2130
2131
2139
2130
2131
2129
2130
2141
2143
2144
2136
2137
2138
2139
2136
2138
2137
2138
2197
2136
2137
2142
2143
2145
2199
2143
2144
2145
2144
2145
2143
2144
2143
2145
2151
2152
2153
2161
2169
2151
2153
2203
2152
2153
2163
2204
2528
2151
2152
2170
2529
2172
2530
2164
2207
2158
2159
2160
2165
2169
2158
2160
2272
2159
2160
2167
2273
3513
2158
2159
2171
3514
2172
2168
2276
2164
2164
2164
2533
2168
2168
2168
2172
2172
2534
2172
3516
2174
2175
2180
2181
2182
2190
2180
2181
2181
2182
2197
2180
2182
2192
2198
2194
2195
2200
2187
2188
2189
2190
2187
2188
2527
2188
2189
2204
2528
2187
2189
2193
2205
2194
2531
2196
2208
2194
2195
2196
2195
2196
2211
2194
2195
2194
2196
2212
2201
2213
2199
2200
2200
2201
2206
2207
2208
2210
2206
2207
2207
2208
2206
2208
2212
2213
2210
2213
2213
2213
2218
2219
2220
2228
2238
2218
2220
2286
2219
2220
2230
2287
3525
2218
2219
2239
3526
2241
2231
2290
2225
2226
2227
2232
2238
2225
2227
2329
2226
2227
2234
2330
2541
2225
2226
2240
2542
2241
2236
2543
2237
2333
2231
2231
2231
2235
2236
2237
2235
2237
2236
2237
2546
2241
2241
3528
2241
2547
2246
2247
2248
2256
2264
2246
2247
3512
2247
2248
2258
2273
3513
2246
2248
2266
2274
2268
2259
2269
2277
2253
2254
2255
2260
2264
2253
2254
3524
2254
2255
2262
2287
3525
2253
2255
2267
2288
2268
2263
2270
2291
2259
2259
2259
2263
2263
2263
2268
2269
2270
2269
2270
2280
2295
2268
2269
2281
2268
2270
2296
2283
2299
2275
2276
2277
2279
2275
2276
2276
2277
2275
2277
2281
2282
2283
2279
2282
2283
2284
2283
2284
2301
2282
2283
2289
2290
2291
2294
2289
2290
2290
2291
2289
2291
2296
2298
2299
2293
2294
2298
2298
2299
2300
2299
2300
2301
2298
2299
2298
2300
2303
2341
2551
2343
2305
2306
2311
2312
2313
2321
2311
2312
2540
2312
2313
2330
2541
2311
2313
2323
2331
2325
2544
2326
2334
2318
2319
2320
2321
2318
2319
2550
2319
2320
2341
2551
2318
2320
2324
2342
2325
2552
2327
2344
2325
2326
2327
2326
2327
2336
2325
2326
2337
2325
2327
2338
2345
2332
2333
2334
2335
2332
2333
2333
2334
2332
2334
2337
2338
2338
2338
2338
2343
2344
2343
2343
2344
2344
2345
2347
2631
2921
3721
2353
3727
3728
2355
3730
3731
3733
3735
2354
3739
3740
3741
2355
3745
3747
2358
3751
3752
3756
3757
3758
3763
3764
2361
8291
8292
2363
3767
3768
3771
3772
2362
3776
3777
3778
2363
3783
3784
3787
3789
3793
3794
3795
3799
3801
8294
8295
2370
8297
8298
3805
3806
3807
2369
3811
3813
2370
3816
3818
2371
8302
8303
8305
8306
8310
8311
2377
8313
8314
2376
3821
3823
3827
3828
3829
2377
3833
3835
8316
8317
8319
8320
2380
2384
2380
3430
3563
2387
3564
2382
8272
2387
8273
2385
2385
2387
2387
8274
2390
2555
2390
2401
2403
2394
2397
2394
2395
2402
2395
2397
2404
2396
2403
2396
2397
2406
2400
2561
8275
2400
2405
8264
8276
2406
8277
2403
2403
2406
2406
3435
8278
2409
2567
2409
2420
2422
2413
2416
2413
2414
2421
2414
2416
2423
2415
2422
2415
2416
2425
2419
2573
8244
2419
2424
8245
8265
2425
8246
2422
2422
2425
2425
3437
8247
2428
2433
2428
3440
3614
2436
3615
2431
8279
2431
2435
2448
8280
2436
8281
2434
2455
2434
2436
2436
2459
8282
2439
2450
2439
2455
2452
2457
2444
2446
2443
2444
2451
2443
2446
2456
2445
2452
2457
2445
2453
2446
2454
2458
2461
2449
3616
3721
2449
2459
3617
2461
2452
2452
2453
2454
2454
2457
2460
2457
2461
2458
2460
2461
2460
2461
2465
2467
2465
2466
2471
2466
2467
2472
2474
2470
2927
3723
2470
2473
2928
2474
2929
2474
2930
2474
2931
3445
2932
2479
2480
2478
2479
2484
2478
2480
2485
2487
2483
3555
3655
2483
2486
3656
2487
3657
2487
3658
2487
3467
3659
3660
2489
2579
2502
2494
2496
2493
2494
2501
2493
2496
2503
2495
2495
2502
2496
2505
2499
2581
8283
2499
2504
8266
8284
2505
8285
2502
2502
2505
2505
3486
8286
2507
2614
2520
2510
2621
8287
2510
2522
8267
8288
2523
8289
2515
2517
2514
2515
2519
2514
2517
2521
2516
2516
2520
2517
2523
2520
2520
2523
2523
3488
8290
2526
3562
3695
2526
2535
3696
2536
3697
2531
2532
2530
2531
2533
2530
2532
2534
2536
2536
3698
2536
3507
3699
3700
2539
3715
3724
2539
2548
3716
2549
3717
2544
2545
2543
2544
2546
2543
2545
2547
2549
2549
3718
2549
3519
3719
3720
2552
2552
2553
2554
2554
2558
2560
2558
3532
2560
2564
3534
2566
2563
8241
2563
2565
3542
8242
2566
8243
2566
2894
3539
2566
2895
8268
2896
2570
2572
2570
3544
2572
2576
3546
2578
2575
8291
2575
2577
3554
8292
2578
8293
2578
3551
3767
2578
3768
8269
3769
2580
2583
8294
2583
2589
3558
8295
2591
8296
2586
2588
2586
2593
2588
2590
2595
2591
2591
8270
8297
2591
2600
8298
8299
2594
2596
2594
2596
2600
8300
2602
8301
2599
2608
8302
2599
2601
8303
2602
8304
2602
8305
2602
8306
8307
2605
2607
2605
2617
2607
2611
2619
8308
2613
8309
2610
8310
2610
2612
8311
2613
8312
2613
2624
8313
2613
8314
8315
2615
2618
2620
2618
2620
2624
2626
2623
8316
2623
2625
3559
8317
2626
8318
2626
8319
2626
8271
8320
8321
2628
2770
2849
2899
2771
2898
2901
2905
4251
4252
4255
2917
4301
4302
2921
4322
4323
2923
2924
4334
4335
4338
2906
2935
4343
4344
4345
2945
2949
2953
4348
4349
2909
2934
4351
4352
4353
2910
2947
4356
4357
2936
2950
2954
4360
4361
2965
2969
2973
4363
4364
2913
2946
4366
4367
2914
2967
4369
4370
2948
2970
2974
4372
4373
2985
2989
4375
4376
2918
2966
4379
4380
4381
2919
2987
4385
4386
4387
2968
2990
2996
4391
4392
3004
3005
4397
4398
4399
2988
3007
4414
4415
4416
3013
4420
4421
4424
2651
2743
2651
2744
3019
3941
2745
3018
3021
3067
3071
3075
4441
4442
3006
3050
3076
4444
4445
3008
3069
3077
4447
4448
3088
3089
4454
4455
4456
3016
3068
4461
4462
4463
3070
3091
4473
4474
4475
3096
4479
4480
4481
3098
3099
4490
4493
3102
3961
3124
3128
3135
4499
4500
3090
3107
3136
4502
4503
3092
3126
4505
4506
3108
3129
3137
4508
4509
3127
3145
4532
4533
2669
2749
2825
3148
2668
2669
3150
4007
3153
4010
2750
3149
3154
3169
3173
3179
8342
8343
3130
3171
3181
4536
4537
3144
3170
4546
4547
4548
3172
3192
4559
4560
4561
2678
2679
2680
3194
3198
2679
2680
2829
3195
2678
2679
3199
2678
2680
2830
4069
3202
4070
3196
3203
2832
3197
3221
3225
3231
8346
8347
3174
3223
3233
8349
3191
3222
4572
4573
4574
3224
3244
4585
4586
4587
2689
2690
2691
3246
3250
2690
2691
2881
3247
2689
2690
3251
2689
2691
2882
4127
3254
4128
3248
3255
2884
3249
3282
3286
3294
4591
4592
3226
3284
3296
4596
4597
3288
3297
4599
4600
3243
3283
4609
4610
4611
3285
3303
4620
4621
2701
2702
2703
3308
2702
2703
2887
3306
2701
2702
3309
4146
2701
2703
2889
4147
3312
4148
3307
3313
2891
3331
3334
3341
4625
4626
3354
3356
4628
4629
4630
3287
3332
3360
4634
4635
3289
3355
4637
4638
4639
3333
3358
4642
4643
3362
3364
4655
2712
2753
2835
3368
2712
2754
3371
4164
2755
3369
3372
3378
3381
4670
4671
4672
3335
3374
3384
4676
4677
3336
3380
4679
4680
3375
3382
4683
4684
4685
3357
3379
4699
4700
4701
2722
2723
2724
3391
3396
2722
2724
3392
4171
2723
2724
3397
4184
2722
2723
4172
4185
3394
4173
3400
4186
3395
3401
2729
2730
2731
3407
3414
2729
2731
3408
4189
2730
2731
3415
4198
2729
2730
4190
4199
3411
4191
3417
4200
3412
3418
3424
3426
3428
4726
4727
4728
2734
2735
8354
8355
8357
8358
8360
8361
2737
2781
3430
2784
3431
2739
2799
3440
2802
3441
2742
2814
3447
2742
2815
3451
3888
2816
3450
3453
2745
3457
2745
3461
3889
3460
3463
2748
2824
3470
2748
2749
2825
3473
2826
3471
3474
2750
3481
3482
2752
2753
2835
3491
2837
3492
2755
3497
2755
3500
3498
3501
2758
2839
3512
2758
2840
3509
3890
2841
3511
3515
2761
2842
3524
2761
2843
3521
3891
2844
3523
3527
2764
2767
2764
2766
3531
3533
2766
2770
2849
3536
2850
3535
3538
2769
2769
2771
3543
3545
2771
3548
3547
3550
2774
3556
3961
2774
3555
3962
3557
3963
2777
3560
4177
2777
3562
4178
3561
4179
2780
2781
3563
2780
3892
8272
3564
8273
2784
3566
2783
2784
3568
3838
3571
3841
3567
3572
2789
2790
2791
3579
2790
2791
2852
3577
2789
2790
3580
3899
2789
2791
2854
3900
3583
3901
3578
3584
2857
2796
2797
2798
3593
2797
2798
2873
3591
2796
2797
3594
3853
2796
2798
2875
3854
3597
3855
3592
3598
2878
2802
2803
3604
2801
2802
3606
3914
3609
3917
3605
3610
2805
3614
2805
3858
8279
3615
8281
3616
3923
2811
2812
2813
3619
3624
2811
2813
3620
3930
2812
2813
3625
3865
2811
2812
3866
3931
3622
3932
3628
3867
3623
3629
2816
2816
3634
3940
3633
3636
2821
2822
2823
3640
3647
2821
2823
3641
3944
2822
2823
3648
3870
2821
2822
3871
3945
3644
3946
3650
3873
3645
3651
2826
3662
3968
2826
3664
3663
3665
2831
2832
2833
3668
2831
2833
3669
4014
2832
2833
3676
2831
2832
4015
3672
4016
3674
3677
2836
2837
3681
4153
2837
3687
3684
4156
3685
3688
3693
4177
2841
2841
3701
4194
3703
3704
2844
2844
3708
4195
3710
3711
2847
3721
3923
2847
3723
3924
3722
3925
3724
4204
2850
3727
3726
3729
2855
2856
2857
3734
3738
2856
2857
3735
2855
2856
3739
2855
2857
3845
3742
3846
3736
3743
3737
2862
2863
2864
3750
3755
2863
2864
2866
3751
2862
2863
3756
2862
2864
2868
3906
3759
3907
3753
3760
2871
3754
2869
2870
2871
3770
3775
2870
2871
3771
2869
2870
3776
2869
2871
3849
3779
3850
3773
3780
3774
2876
2877
2878
3788
3792
2877
2878
3789
2876
2877
3793
2876
2878
3910
3796
3911
3790
3797
3791
2883
2884
2885
3804
3812
2883
2885
3805
2884
2885
3813
2883
2884
4073
3808
4074
3814
3810
3815
2890
2891
2892
3822
3826
2891
2892
3823
2890
2892
3827
2890
2891
4131
3830
4132
3824
3825
3832
3573
2896
3730
2896
3745
8242
8243
2898
2902
3546
2904
3547
2901
3548
3727
2901
2903
3549
3772
2904
3550
2904
3551
3767
2904
3552
3783
3553
4739
4740
2908
4781
4782
2909
2934
4792
4793
4794
2935
4803
4804
4827
4828
4829
2912
4840
4841
4842
2913
2946
4853
4854
4855
2947
4866
4867
4868
4899
4900
4901
2916
4912
4913
4914
2918
2966
4925
4926
4927
2967
4938
4939
4940
4944
4945
4948
4969
4970
4971
2920
4980
4981
2987
5006
5007
5010
5011
2925
5013
5014
2926
5017
5018
5020
2926
5032
5046
5047
5048
5057
5060
2929
5013
8226
2929
2931
3618
2932
8227
2932
2932
3630
2937
5066
5067
5070
5071
5072
5076
5077
5078
2938
2940
5082
5083
2941
5085
5086
2943
2950
5090
5091
2944
5093
5094
2943
2954
5097
5098
5099
5100
2958
3025
5102
5103
2959
5105
5106
5108
5109
2951
2955
5111
5112
5114
5115
5117
5118
2952
2956
5120
5121
2951
2957
8389
8390
2959
5123
5124
2961
8393
8394
2963
2970
8396
2955
2957
5126
5127
2959
5129
5130
2961
5132
5133
2963
2974
5135
5136
2961
5138
5139
3029
5141
5142
5144
5145
2964
3030
5147
5148
5149
5152
5153
2978
3033
5155
5156
5157
2979
5160
5161
3034
5163
5164
5165
2971
2975
5168
5169
5171
5172
5173
5176
5177
2972
2976
5180
5181
2971
2977
8401
8402
2979
8404
2981
8405
8406
2983
2990
5183
5184
2975
2977
5186
5187
2979
5189
5190
2981
5192
5193
2983
2996
5195
5196
2981
5198
5199
3040
5201
5202
5203
5206
5207
2984
3041
5209
5210
5211
5214
5215
2998
3044
5217
5218
2999
5220
5221
3045
5223
5224
5225
2992
5229
5230
5234
5235
5236
5241
5242
5243
2994
5248
5249
5250
2992
2997
5254
5255
2999
5259
5260
2995
3000
5262
5263
3001
5265
5266
3002
3006
3050
5268
5269
3007
5271
5272
3003
3051
5274
5275
2999
5278
5279
3001
5280
5281
3053
5283
5284
5286
5287
3003
3054
5289
5290
5292
5293
3012
3057
5295
5296
3058
5300
5301
3009
5312
3009
5327
5328
5329
3012
5333
5334
5336
5337
5338
3011
5341
5342
5346
5347
5348
3016
3068
5353
5354
5355
3069
5365
5366
5367
3076
5371
5372
5373
5374
5377
3017
5380
5381
5384
5388
5389
5390
5405
5406
5407
5422
5423
5426
3024
3460
3021
3461
5380
3021
3023
3462
3642
3024
3463
3024
3464
3024
3465
3653
3466
3029
5448
5449
5450
3027
3031
5457
5458
5459
3037
5472
5473
5474
3032
3036
5481
5482
5483
5488
5489
5490
3034
5495
5496
5497
3037
5502
5503
5504
3038
5509
5510
5511
3040
5516
5517
5518
5523
5524
5525
3042
5530
5531
5532
3038
5537
5538
5546
5547
5548
5556
3043
3047
5576
5577
5578
5583
5584
5585
3045
5590
5591
5592
5597
5598
5599
3048
5604
5605
5606
3053
5611
5612
5613
5618
5619
5620
3049
3055
5625
5626
5627
3048
5632
5652
5653
3061
5661
5662
5663
3057
5670
5671
3058
5673
3056
3060
5675
5676
5677
5682
5683
5684
3058
5688
5689
3061
5692
5693
5694
3063
5698
5699
5700
3076
5704
5705
5707
5708
3065
3078
5710
5711
3063
5715
5716
5717
5727
5728
5729
3066
5734
5735
5740
5741
5742
3081
3104
5747
5748
5749
3082
5754
5755
5756
3105
5761
5762
5763
3072
3079
5767
5768
5770
5771
5772
5776
5777
3074
5779
5780
3072
3080
5782
5783
3084
5784
5785
3085
3090
3107
5787
5788
3086
3091
5790
5791
3079
3080
5796
5797
5799
5800
5802
5803
3082
5805
5806
3084
5808
5809
3084
5811
5812
3110
5815
5816
5817
5821
5822
3087
3111
5825
5826
5829
5830
3095
3114
5832
5833
5835
5836
3115
5838
5839
3093
5850
3093
5865
5866
5867
3095
5871
5872
5874
5875
3094
5878
5879
5880
5886
5887
5888
3126
5903
5904
5905
3136
5909
5910
5911
5912
3100
5915
5916
3101
5918
5919
5921
3101
5933
5947
5948
5959
5960
5963
5915
3661
3110
6188
6189
6190
6195
6196
3112
6201
6202
3114
6254
6255
3116
6257
3113
3117
6259
6260
6261
6266
6267
6268
3115
6273
6274
6275
3118
6280
6281
6282
3120
6286
6287
6288
3136
6292
6293
6295
6296
3122
3137
6299
6300
3120
6303
6304
6305
6315
6316
3123
3159
6321
6322
6323
6328
6329
6330
3139
3161
6335
6336
6337
3140
6341
6342
3162
6345
6346
6347
3131
6352
6353
6357
6358
6359
6364
6365
6366
3133
6371
6372
6373
3131
3138
6377
6378
3140
6382
6383
3134
3141
6385
6386
6388
6389
3144
3170
6392
6393
6394
3145
6398
6399
6400
3142
3171
6404
6405
3138
6407
6408
6410
6411
3140
6415
6416
6418
6419
3180
6421
6422
6424
6425
3142
3181
6427
6428
3184
6431
6432
3146
6433
6434
6437
6458
6459
6460
6465
6466
6474
6475
3149
3155
3480
3149
3481
3664
3157
3482
3153
3154
6433
3154
3156
3670
3153
3671
6434
6435
3157
3157
3483
3667
3157
3484
3679
3485
3160
3164
6680
6681
3162
6689
6690
6691
3165
6699
6700
6701
3180
6706
6707
6708
6713
6714
6715
3167
3182
6720
6721
6722
3165
6727
6747
6748
6749
3186
3212
6754
6755
6756
3187
6761
6762
6763
3213
6768
6769
6770
3175
3183
6774
6775
6777
6778
6779
3184
6782
6783
3177
6785
6786
3175
3185
8475
8476
3178
3188
8478
3189
6789
6790
3191
3222
6792
6793
3192
6795
6796
3190
3223
6798
6799
3183
3185
6801
6802
6804
6805
3184
6807
6808
3187
6810
6811
6812
3189
6815
6816
6818
6819
3189
6821
6822
3232
6824
6825
6826
6829
6830
6831
3190
3233
6834
6835
6837
6838
3236
6840
6841
6870
6871
6872
6877
6878
6879
3196
3205
3558
8295
3196
3197
3206
3196
3197
3676
3208
3202
3203
3204
3206
3202
3203
3203
3204
3207
3806
3202
3204
3807
6843
6844
3208
3209
3809
3208
8270
8297
3208
3209
3208
3209
3818
3819
3211
3215
7080
3217
7100
7101
7102
3232
7107
7108
7109
7114
7115
7116
3219
3234
7121
7122
7123
3217
7128
7129
3220
3268
7141
7142
7143
7147
7148
7149
3238
3271
7154
7155
7156
3239
7161
7162
7163
3272
7168
7169
7170
3227
3235
7174
7175
7177
7178
3236
7180
7181
3229
7183
7184
3227
3237
8517
8518
3230
3240
7186
7187
3241
7189
7190
3243
3283
7192
7193
7194
3244
7197
7198
3242
3284
7201
7202
3235
3237
7204
7205
7207
7208
7209
3236
7212
7213
3239
7215
7216
7217
3241
7220
7221
7223
7224
3241
7226
7227
3295
7229
7230
7232
7233
7234
3242
3296
7237
7238
7240
7241
3298
7243
7244
7265
7266
7267
7272
7273
7274
3248
3257
8311
3248
3249
3258
3248
3249
3813
3260
3814
3254
3255
3256
3258
3254
3255
3255
3256
3259
3828
3254
3256
3829
7246
7247
3260
3261
3831
3260
8314
3260
3261
3260
3261
3835
3836
3275
3323
7389
7390
7391
3276
7396
7397
3324
7402
7403
3279
3287
3332
7407
7408
3280
3288
7410
3270
3274
7412
7413
7414
3272
7424
7425
7426
3276
7431
7432
3278
7437
7438
7439
3295
7444
7445
7446
7450
7451
7452
3280
3297
7457
7458
3278
7461
7462
7463
3342
7468
7469
7470
7475
7476
7477
3281
3343
7482
7483
7484
7488
7489
7490
3300
3346
7494
7495
3301
7497
7498
3347
7500
7501
3290
7504
7505
7508
7509
7510
3298
7513
7514
3292
7517
7518
7519
3290
3299
7523
7524
3300
7526
7527
3301
7529
7530
3293
7532
7533
7536
7537
7541
7542
7543
3303
7548
7549
7550
3355
7555
7556
7557
3299
7561
7562
7564
7565
3298
7567
7568
3301
7570
7571
7574
7575
7576
7577
3360
7579
7580
7582
7583
3304
7587
7588
7625
7626
7633
7634
7637
3307
3315
8267
8288
3307
3823
3317
3312
3313
3314
3312
3313
7587
3313
3314
3316
3682
3312
3314
3683
7588
7589
3317
3317
3488
8290
3317
3489
3690
3328
3335
3374
7651
7652
3330
7654
3322
3326
7656
7657
7658
3324
7666
7667
3327
7674
7675
7676
3342
7681
7682
7683
7688
7689
7690
3329
3344
7695
7696
7697
3327
7701
7702
7704
7705
7706
3350
3377
7710
7711
3351
7713
7714
7717
7718
3337
3345
7720
7721
3346
7723
7724
3339
3348
7729
7730
3337
3349
7732
7733
3350
7735
7736
3340
3352
7741
7742
3353
7744
7745
3357
3379
7747
7748
7749
3358
7753
7754
3380
7756
7757
3345
3349
7759
7760
7763
7764
7765
3347
7769
7770
3351
7773
7774
3353
7777
7778
3360
7780
7781
7783
7784
7786
7787
3353
7789
7790
3384
7792
7793
7795
7796
7798
7799
7801
7802
3359
7807
7808
7809
7820
7821
7822
3359
7831
7832
7833
7838
7839
7840
7845
7846
7847
7865
7879
7880
3365
7881
7882
3367
7893
7894
7897
3366
7900
7901
7902
3367
7911
7914
7920
7921
7923
7924
7927
7928
7930
3369
3497
3687
3373
3498
3372
3499
3694
3372
3500
7881
3373
3501
3506
3377
7933
7934
3376
7938
7939
3382
7941
7942
3384
7944
7945
3383
7952
7953
7954
7959
7960
7961
7966
7967
7968
3383
7980
7981
7982
7991
7992
7993
8010
8024
8025
3387
8026
8027
8030
3388
8047
8048
8051
8068
8069
8072
8075
8076
8079
8083
8084
8085
3395
3402
3696
3394
3395
3394
3395
7900
3394
7902
7903
3404
3400
3401
3400
3401
8026
3401
3403
3702
3400
8027
8028
3404
3404
3507
3699
3404
3508
3706
3406
8089
8090
8091
8108
8109
3411
3412
3411
3412
8047
3412
3420
3709
3411
8048
8049
3421
3418
3419
3716
3417
3418
3417
3418
8089
3417
8090
8092
3421
3421
3519
3719
3421
3520
3713
3423
3424
3426
8114
8115
8116
3425
3427
8121
8122
8123
3425
8140
8141
8142
3428
8147
8148
8149
3427
8166
8167
8168
3428
8173
8174
8175
8192
8193
8194
3431
3432
3565
3431
3566
3434
3567
3434
3573
3434
3436
3574
3575
3586
8264
3587
3600
8265
3443
3601
3441
3442
3603
3441
3604
3444
3605
3444
3611
3444
3612
3613
3630
3455
3631
3450
3450
3454
3456
3633
3453
3634
3453
3455
3635
3456
3636
3456
3637
3456
3638
3639
3460
3460
3464
3466
3463
3463
3465
3466
3466
3466
3468
3652
3653
3471
3476
3661
3471
3662
3479
3663
3474
3477
3474
3481
3664
3479
3665
3478
3479
3478
3479
3666
3482
3483
3482
3485
3485
3485
3487
3678
8266
3679
8267
3494
3492
3493
3686
3492
3497
3687
3495
3688
3495
3689
3495
3690
3691
3498
3503
3498
3506
3501
3504
3501
3506
3505
3505
3506
3506
3517
3511
3701
3511
3517
3702
3518
3703
3515
3515
3516
3518
3704
3518
3705
3518
3706
3707
3529
3523
3708
3523
3529
3709
3530
3710
3527
3527
3528
3530
3711
3530
3712
3530
3713
3714
3533
3535
3533
3535
3539
3725
3541
3726
3538
3548
3727
3538
3540
3728
3541
3729
3541
3730
3541
3731
3732
3733
8268
3545
3547
3545
3547
3551
3553
3550
3550
3552
3553
3553
3553
3787
8269
5911
3557
5915
5917
8270
3821
8271
3561
7920
7922
7923
3564
3566
8274
3567
3573
3567
3575
3571
3572
4251
3572
3574
3581
3571
3582
4252
4253
3575
3575
3575
3587
3578
3586
8264
8276
3578
3735
3588
3583
3584
3585
3583
3584
4739
3584
3585
3587
3583
3585
4740
4741
3588
3588
8278
3588
3611
3592
3600
8245
8265
3592
3789
3602
3597
3598
3599
3597
3598
4301
3598
3599
3601
3607
3597
3599
3608
4302
4303
3602
3602
8247
3602
3612
3605
3611
3605
3614
3613
3609
3610
4944
3610
3612
3609
4945
4946
3613
3613
3613
3615
8282
5010
8280
3623
3630
3622
3623
3622
3623
5046
3622
5047
5049
3632
3628
3629
3628
3629
4420
3629
3631
3635
3628
4421
4422
3632
3632
3632
3638
3639
3636
5373
3636
3638
3639
3639
3639
3644
3645
3644
3645
5422
3645
3653
3644
5423
5424
3654
3651
3652
3656
3650
3651
3650
3651
4479
3650
4481
4483
3654
3654
3659
3654
3657
5911
8231
3657
3659
3660
8232
3660
3660
3663
3663
5947
3666
3665
3666
3672
3673
3674
3672
3674
6474
3673
3674
3679
3672
3673
6475
6476
3680
3677
3678
8266
8284
3677
3680
3680
8286
3680
3684
3685
7633
3685
3690
3684
7634
7635
3691
3688
3689
3688
3691
3691
3692
3691
7920
3697
7923
8233
3697
3699
3700
8234
3700
3700
3703
8068
3703
3706
3707
3707
3707
3707
3710
8075
3710
3713
3714
3714
3714
3714
3717
8108
8235
3717
3719
3720
8236
3720
3720
3722
5010
5012
5013
8108
3726
3730
3732
3729
3729
3731
3752
3732
3732
3732
3763
3736
3745
8242
3736
3737
3746
3736
3737
3748
3742
3743
3744
3746
3742
3743
3743
3744
3747
3757
3742
3744
3758
4269
4270
3748
3749
3761
3748
8268
3748
3749
3748
3749
3764
3766
3753
3754
3762
3753
3754
3771
3753
3763
3765
3774
3759
3760
3761
3762
3759
3760
3760
3761
3764
3759
3761
4808
4809
3765
3766
3765
3766
3765
3765
3766
3769
3769
3799
8292
8293
3773
3774
3782
3773
3774
3773
3783
3785
3779
3780
3781
3782
3779
3780
3780
3781
3784
3794
3779
3781
3795
4289
4290
3785
3786
3798
3785
3786
3785
3785
3786
3801
3803
3790
3799
8292
3790
3791
3800
3790
3791
3802
3796
3797
3798
3800
3796
3797
3797
3798
3801
3796
3798
4872
4873
3802
3803
3802
8269
3802
3803
3802
3803
3808
3809
3810
3817
3808
3810
3809
3810
3818
3808
3809
6889
6890
3819
3820
3815
3816
8303
3814
3815
3817
3814
3815
3820
3820
8306
3819
3820
3819
3820
3825
3833
8317
3824
3825
3834
3824
3825
3837
3830
3831
3832
3834
3830
3832
3831
3832
3835
3830
3831
7284
7285
3836
3837
3837
8271
8320
3836
3837
3836
3837
3841
3843
4251
3841
3844
3893
3843
3844
3894
4258
3842
4253
3843
3844
4254
4259
4256
3898
4261
3846
3848
3900
3847
4270
3848
4271
4277
8323
3903
4279
8324
3850
3852
3906
8327
3851
4290
3852
4291
8328
8332
3909
8329
8334
3855
4301
3855
3857
3910
3856
4303
3857
4304
4310
3913
4312
8340
3861
3862
4322
3861
3864
3915
3862
3864
3916
4327
3863
3863
4324
4329
3864
4325
4330
3919
4332
3867
4420
3867
3869
3936
3868
4422
3869
4423
4428
3938
4430
8341
3872
3873
4479
3873
3875
3957
3874
4482
3874
4483
3875
4484
4486
3959
4488
3877
4511
4519
3966
4513
4521
3880
3881
4646
4650
4658
3880
3881
4659
4152
4648
4660
4652
4661
3886
3887
4725
3886
4090
4220
3887
4091
4233
3886
3887
4221
4234
4726
4222
4729
4235
4730
3940
3941
4194
4195
3895
3896
3895
3898
3896
3898
4732
3897
3897
3898
4734
3901
4739
3901
3903
3902
4741
3903
4742
4748
4750
8363
3905
4760
4768
4763
4771
3907
3909
8367
3908
4809
3909
4810
8368
8372
8369
8374
3911
3913
3912
4873
3913
4874
4880
8380
4882
8381
3917
3920
4944
3917
3919
3919
3920
4951
3918
4946
3919
3920
4947
4952
4954
4950
3922
4985
4993
3929
4988
4995
3925
5010
3925
5013
8226
5012
5015
3928
3929
5023
5027
5035
3928
3929
5036
5029
5037
5026
5038
3932
3933
5046
3932
3935
3936
3934
5049
3934
5050
3935
5051
5053
3939
5056
3938
3939
5303
3938
3939
5304
5307
5315
5305
5317
5306
5310
3943
5373
3943
5380
3943
5376
5383
5379
5385
3946
5422
3946
3948
3957
3947
5424
3948
5425
5430
3960
5433
8415
3951
3952
5559
5563
3951
3952
3954
3980
5560
3955
5561
3981
5562
5566
3955
3956
5635
5639
3955
3956
3988
5636
5637
3989
5638
5642
3959
3960
5845
3959
3960
5841
5846
5853
5843
5847
5848
5855
3963
5915
3963
5911
8231
5913
5917
3966
3967
5924
5928
5936
3966
3967
5937
5930
5938
5927
5939
3971
3972
5947
3971
3974
4008
5952
3972
3974
4009
3973
5949
5954
3973
3974
5950
5955
4013
5958
3977
3978
5976
5980
5984
3977
3978
5977
8250
5978
5982
8248
5979
5986
8251
3981
3982
6004
6008
6012
3981
3982
3988
6005
6006
6010
3990
6007
6015
3985
3986
6047
6051
8428
3985
3986
3996
4020
3997
6050
8429
4021
6054
3989
3990
6067
6071
6075
3989
3990
6068
6069
6073
6070
6077
3993
3994
6095
6099
6103
3993
3994
6096
8253
6097
6101
8249
6098
6106
8254
3997
3998
6123
6127
8433
3997
3998
4031
6125
8434
4032
6130
4001
4002
6143
6147
6151
4001
4002
4004
4035
6144
4005
6145
6150
4036
6146
6154
4005
4006
6210
6214
6218
4005
4006
4050
6211
6212
6216
4051
6213
6221
4010
4012
6433
4012
4013
6440
4010
4013
4011
6435
4012
4013
6436
6441
6438
6444
4016
6474
4016
4018
4069
4017
6476
4018
6477
6483
4072
6486
8457
4021
4022
6499
6503
4021
4022
4031
6501
4033
6506
4027
4028
4029
6515
6520
4027
4028
4039
4078
4027
4029
4040
4206
6516
4028
4029
4079
4207
6521
4042
6519
4081
6524
4032
4033
6529
6533
4032
4033
6531
6535
4036
4037
6541
6545
8458
4036
4037
4050
8459
6543
8460
4052
6548
8461
4042
4043
4044
6553
6558
4042
4043
4089
4042
4044
4219
6554
4043
4044
4090
4220
6559
6556
4093
6562
4047
4048
6567
6571
4047
4048
4058
4096
4059
6570
4097
6574
4051
4052
6583
6587
6591
4051
4052
6584
6585
6589
6586
6593
4055
4056
6607
6611
6615
4055
4056
6608
8256
6609
6613
8257
6610
6618
8258
4059
4060
6635
6639
8468
4059
4060
4108
6637
4109
6642
8469
4063
4064
6655
6659
6663
4063
4064
4066
4112
6656
4067
6657
6662
4113
6658
6666
4067
4068
6730
6734
4067
4068
4124
6731
6732
6736
4125
6733
4070
4072
4071
6844
4072
6845
6851
8483
6854
8484
4074
4076
4127
8487
4075
6890
4076
6891
8488
8492
4130
8489
8495
4081
4082
4083
6905
6910
4081
4082
4089
4081
4083
4232
6906
4082
4083
4091
4233
6911
6908
4094
6914
4086
4087
6920
6924
4086
4087
4100
4135
4101
6923
4092
4093
4094
6929
6934
4093
4094
4092
4093
6930
4092
4094
6935
6932
6937
4097
4098
6943
6947
4097
4098
4108
6945
4110
6950
4101
4102
6955
6959
4101
4102
4136
6957
4137
6962
4105
4106
6967
6971
8500
4105
4106
4116
4139
8501
4117
6970
8502
4140
6974
8503
4109
4110
6983
6987
8506
4109
4110
6985
8507
6989
4113
4114
7003
7007
7011
4113
4114
4124
7004
7005
7009
4126
7006
7014
4117
4118
7031
7035
7039
4117
4118
4143
7032
7033
7037
4144
7034
7042
4121
4122
7055
7059
7063
4121
4122
7056
8261
7057
7062
8259
7058
7066
8262
4125
4126
7083
7087
4125
4126
7084
7085
7086
7089
4128
4130
8525
4129
7247
4130
7248
8526
8530
8527
8533
4132
4134
4147
4133
7285
4134
7286
7292
8538
4150
7295
8539
4136
4137
7306
4140
4141
7308
7312
4140
4141
4143
7309
7310
7314
4145
7311
7316
4144
4145
7322
7326
7330
4144
4145
7323
7324
7328
7325
7332
4148
7587
4148
4150
4149
7589
4150
7590
7596
7599
8559
4152
7608
7616
7610
7618
4156
4158
7633
4158
4159
4165
7640
4156
4159
4166
4157
7635
4158
4159
7636
7641
7638
4170
7644
4162
4163
4172
4185
7860
4162
4163
7856
7861
7868
4176
7859
7862
4188
7863
7870
4167
4168
7881
4168
4170
7886
4167
4170
4169
4169
7883
7888
4170
7884
7889
7892
4173
4174
7900
4173
4176
4175
7903
4175
7904
4176
7905
7907
7910
4179
7920
4179
7923
8233
7922
7925
4182
4183
4190
4199
8001
4182
4183
8002
8005
8013
4193
8003
8015
4203
8004
8008
4186
8026
4186
4188
4187
8028
4188
8029
8034
8037
8567
4191
8047
4191
4193
4192
8049
4193
8050
8055
8058
8568
4197
8068
4197
8075
4197
8071
8078
8073
8080
4200
4201
8089
4200
4203
4202
8092
4202
8093
4203
8094
8096
8099
8108
8235
4209
4210
8113
4209
4219
4210
4232
4209
4210
4221
4234
8114
4223
8118
4236
8119
4215
4216
4217
8120
8127
8131
4216
4217
4225
4238
8121
4215
4216
4226
8128
8354
4215
4217
4239
8132
8355
8129
8133
8356
4229
8125
8130
4242
8126
8134
4222
4223
8139
4223
4222
4222
4223
8140
8143
8144
4228
4229
4230
8146
8153
8157
4229
4230
4245
8147
4228
4229
8154
8357
4228
4230
4246
8158
8358
8155
8159
8359
8150
8156
4249
8152
8160
4235
4236
8165
4236
4235
4235
4236
8166
8169
8170
4241
4242
4243
8172
8179
8183
4242
4243
4245
8173
4241
4242
8180
8360
4241
4243
4247
8184
8361
8181
8185
8362
8176
8182
4250
8178
8186
4248
4249
4250
8191
8198
8202
4249
4250
8192
4248
4249
8199
8228
4248
4250
8203
8229
8200
8204
8230
8196
8201
8197
8205
4253
4256
4253
4257
4740
4254
4256
4257
4265
4256
4257
4267
4743
4261
4732
4261
4262
4265
4261
4262
4733
4761
4734
4268
4762
8322
4264
4266
4745
4765
4268
4766
8322
4267
4268
4267
4268
4753
4773
4754
4774
4270
4272
4808
4271
4272
4281
8325
4283
4811
8326
4275
4276
4281
4285
8325
4275
4276
4282
4813
4821
4283
4814
8326
4284
4288
4823
4279
4280
4281
4285
4279
4280
4286
4749
4287
4750
4284
4288
4283
4284
4283
4284
8377
8378
4287
4288
8323
4287
4288
4757
4834
4758
8324
4836
4290
4292
4872
4291
4292
8330
8336
4875
8331
8338
4295
4296
4297
8330
8336
4295
4296
4877
4893
8337
4878
8331
8338
4300
4895
8339
4299
4300
8328
8332
4299
4300
4817
4906
8333
4818
8329
8334
4908
8335
4303
4303
4305
4945
4304
4305
4314
4316
4949
4308
4309
4314
4318
4308
4309
4315
4956
4963
4316
4317
4321
4964
4312
4313
4314
4318
4312
4313
4319
4881
4966
4320
4882
4317
4321
4967
4316
4317
4316
4317
4959
8385
4960
8386
4320
4321
4320
4321
4889
4976
4890
8340
4977
4324
8279
4324
4326
4334
5011
4325
4336
4326
4337
4339
4329
4332
4951
4329
4333
4335
4330
4336
4332
4333
4337
4332
4333
4953
5024
4954
4340
5025
4336
4339
5017
4336
4340
4337
4339
4340
4339
4340
5020
5032
5021
5033
4342
4343
5066
4347
4347
5076
4346
4347
4781
5077
4346
4782
4783
5079
4350
4356
5111
5126
4350
4360
5127
8389
4359
4362
5128
4354
4827
5070
4354
4355
4357
4829
4355
4361
5072
4358
4830
4359
4362
4359
5117
4358
4359
4842
4843
4362
5123
5129
4362
5083
5130
5131
4365
4369
5168
5186
4365
4372
5187
8401
4371
4374
5188
4368
4370
4901
4368
4373
5115
8409
4371
4374
8410
4371
5176
8411
4371
4914
8412
4374
5189
8404
4374
5121
5190
5191
4377
4385
5229
4377
4391
5254
5277
4390
4393
4382
4383
4384
4382
4969
5171
4382
4383
4387
4971
4383
4392
5173
4388
4972
4390
4393
4388
4389
4390
4389
4390
5241
4388
4389
4980
5242
4388
4390
4981
4982
5244
4393
5259
5278
4393
5181
5279
4395
4410
5028
5308
4411
5029
4400
4401
4402
4409
4413
4400
4401
5312
5327
4400
4402
4401
4402
4414
5328
4412
5313
4418
5330
4419
4406
4407
4408
4409
4413
4406
4407
5036
5234
4407
4408
4416
5236
4411
5037
4417
5237
4419
4411
4412
4411
4412
5043
5319
5044
5320
4417
4418
4419
4418
4419
5336
4417
4418
5249
5337
4417
4419
5250
5251
5339
4422
4425
4422
4426
5374
4423
4425
4426
4432
4425
4426
4433
5377
4435
5378
4436
4440
5396
4430
4431
4432
4437
4430
4431
4438
5316
5399
4439
5317
4436
4440
5400
4435
4436
4435
5388
4435
4436
5390
5411
5391
5412
4439
4440
4439
4440
5323
5415
5324
8341
5416
4443
4447
5767
5796
4443
4450
5782
5797
4449
4452
5798
4446
4448
5334
5799
4446
4451
5671
5800
4449
4452
5801
4449
5776
5802
4449
5342
5803
5804
4452
5805
4452
5806
5807
4457
4458
4459
4467
4472
4457
4458
5850
5865
4457
4459
4458
4459
4473
5866
4470
5851
4477
5868
4471
4478
4464
4465
4466
4467
4472
4464
4465
5405
5770
4464
4466
5407
4465
4466
4475
5772
4469
5408
4476
5773
4471
4478
4469
4470
4471
4469
4470
5419
5857
5420
5858
4476
4477
4478
4477
4478
5874
4476
4477
4476
4478
5780
5876
4482
4483
4482
4485
4490
5912
4483
4485
4484
4491
4484
4485
4492
4494
5914
4488
4489
4492
4488
4489
4496
5842
5925
4497
5843
4495
4498
5926
4491
4494
5918
4492
4494
4495
4494
4495
5921
5933
5922
5934
4497
4498
5861
5941
5862
5942
4501
4505
6352
6407
4501
4508
6377
6408
4507
4510
6409
4504
4506
5872
6410
4504
4509
6255
6411
4507
4510
6412
4507
6364
4507
5880
6413
6414
4510
6382
6415
4510
6257
6416
6417
4513
4514
4523
4527
4513
4514
4528
5929
6442
4529
5930
4525
4530
6443
4517
4518
4523
4527
4531
4517
4518
4524
6445
6452
4525
4530
6446
4526
4535
6453
4521
4522
4527
4531
4521
4522
5937
6357
4529
5938
4534
6360
4525
4526
4525
4526
6448
8454
6449
8455
4529
4530
4529
4530
5945
5946
8453
4534
4535
4534
4535
6372
6465
4534
6373
6374
6467
4538
6782
6807
8342
4538
6386
6808
8345
6809
8344
4542
4543
4544
4552
4558
4542
4543
6848
6864
4543
4544
4559
6865
4556
6849
4563
6866
4557
4564
4549
4550
4551
4552
4558
4549
4550
6458
6777
4549
4551
4554
6460
4550
4551
4561
6779
4555
6461
4562
6780
4557
4564
4555
4556
4557
4555
4556
6471
6860
4555
4557
6472
6861
4562
4563
4564
4563
4564
6877
4562
4563
6878
4562
4564
6786
6787
6880
4568
4569
4570
4578
4584
4568
4569
7251
7259
4569
4570
4585
7260
4582
7252
4589
7261
4583
4590
4575
4576
4577
4578
4584
4575
4576
6870
4575
4577
4580
6872
4576
4577
4587
7178
4581
6873
4588
4583
4590
4581
4582
4583
4581
4582
6884
7255
4581
4583
6885
6886
7256
4588
4589
4590
4589
4590
7272
4588
4589
7273
4588
4590
7184
7275
4593
4596
7504
7561
4593
4599
7523
7562
4598
4601
7563
4595
4597
7564
8520
4598
4601
7566
4598
7513
7567
4598
7187
7568
7569
4601
7529
7570
4601
7571
7572
4604
4605
4615
4619
4604
4605
7593
7613
8350
4618
7594
8351
4623
7614
8352
4607
4616
7597
4618
7598
8351
4612
4613
4614
4615
4619
4612
4613
7265
7508
4612
4614
7267
4613
4614
4621
7510
4617
7268
4622
7511
4624
4617
4618
4617
4618
7279
7605
7281
7606
4622
4623
4624
4622
4623
7518
7625
4622
4624
7519
7520
7627
7720
7759
7732
7760
4631
4632
4633
4631
4632
7807
7831
4631
4633
4637
7808
4632
4633
4642
7832
4640
7810
4644
7834
4641
4645
4636
4639
7527
7879
4636
4643
7724
7880
4641
4645
4640
4641
7820
4640
7821
4641
7533
7823
4644
4645
7845
4645
7730
8564
7848
4648
4649
4654
4662
4648
4649
4663
7609
7890
4664
7610
4656
7891
4652
4653
4654
4665
4652
4653
4666
7804
7908
4667
7805
4657
4668
7909
4656
4657
8353
4656
4657
7897
7914
7898
7915
4660
4661
4662
4665
4660
4661
7617
7814
4664
7618
4667
7816
4664
8353
4664
7630
7631
4667
4668
8353
4667
4668
7827
7917
7828
7918
4673
4674
4675
4673
4674
7952
7980
4673
4675
4679
7953
4674
4675
4683
7981
4681
7955
4686
7983
4682
4687
4678
4680
7736
8024
4678
4685
7934
8025
4682
4687
4681
4682
7966
4682
7742
8566
7969
4686
4687
7991
4686
7992
4687
7939
7994
4690
4691
4704
4708
4712
4690
4691
4705
4706
4711
8033
4707
4715
8054
4694
4704
4708
4694
4709
8035
4706
4711
8036
4697
4704
4712
4697
4713
8056
4707
4715
8057
4702
4703
4708
4712
4702
4703
7838
7959
4702
7840
4703
7961
4710
7841
4714
7962
4706
4707
4706
4707
8040
8061
8041
8062
4710
4711
4710
4711
7852
8044
7853
8045
4714
4715
4714
4715
7973
8065
7974
8066
4718
4719
4721
4718
4719
4722
7977
8097
4723
7978
4720
4724
8098
8103
4723
4724
4723
4724
7998
8105
7999
8106
4729
4730
4731
4729
4730
8140
8166
4729
4731
8142
8193
4730
4731
8168
8194
8143
8169
8195
4734
4734
4735
4736
4737
4761
4738
4763
4738
4777
4779
4741
4741
4743
4742
4743
4752
4754
4746
4747
4752
4756
4746
4747
4753
4786
4754
4755
4759
4787
4750
4751
4752
4756
4750
4751
4757
4789
4758
4755
4759
4790
4754
4755
4754
4755
8364
8365
4758
4759
4758
4759
4799
8363
4800
4762
4763
4772
4776
4762
4763
4777
4774
4778
4779
4766
4767
4772
4776
4780
4766
4767
4773
4786
4774
4778
4775
4784
4788
4770
4771
4776
4780
4770
4771
4783
4779
4774
4775
4774
4775
8364
8366
4778
4779
4778
4779
8322
4783
4784
4783
4784
4803
4783
4805
4787
4788
4798
4802
4787
4788
8364
4800
8365
4805
8366
4790
4799
4800
8365
4795
4796
4797
4798
4802
4796
4797
4827
5070
4795
4796
4828
4795
4797
4804
5071
4806
4801
4831
4807
5073
4800
4801
4800
4801
4834
4837
4805
4806
4807
4805
4807
5077
4806
4807
5078
5080
4809
4811
4810
4811
8370
8376
8371
8378
4814
4815
4816
8370
8376
4814
4815
4847
8377
8371
8378
4819
4849
8379
4818
4819
8368
8372
4818
4819
4860
8373
8369
8374
4862
8375
4823
4824
4825
4833
4839
4823
4824
4847
4824
4825
4840
4848
4836
4844
4850
4838
4845
4830
4831
4832
4833
4839
4830
4831
4831
4832
4835
4830
4832
4842
4843
4837
4838
4845
4836
4837
4838
4836
4837
4837
4838
4843
4844
4845
4844
4845
4866
4843
4844
4867
4843
4845
4869
4849
4850
4851
4859
4865
4849
4850
4850
4851
4866
4862
4869
4863
4870
4856
4857
4858
4859
4865
4857
4858
4899
4856
4857
4861
4900
4856
4858
4868
5114
4863
4870
4864
4903
4871
4862
4863
4864
4862
4864
4906
4863
4864
4907
4909
4869
4870
4871
4869
4870
4869
4871
4870
4871
5118
4873
4875
4874
4875
4884
8382
4886
8383
4878
4879
4884
4888
8382
4878
4879
4885
4919
4886
8383
4887
4891
4921
4882
4883
4884
4888
4882
4883
4889
4890
4887
4891
4886
4887
4886
4887
8337
8338
4890
4891
8380
4890
4891
4932
8381
4934
4895
4896
4897
4905
4911
4895
4896
4919
4896
4897
4912
4920
4908
4916
4922
4910
4917
4902
4903
4904
4905
4911
4902
4903
4903
4904
4907
4902
4904
4914
4915
4909
4910
4917
4908
4909
4910
4908
4909
4909
4910
4915
4916
4917
4916
4917
4938
4915
4916
4939
4915
4917
4941
4921
4922
4923
4931
4937
4921
4922
4922
4923
4938
4934
4941
4935
4942
4928
4929
4930
4931
4937
4929
4930
4969
5171
4928
4929
4933
4970
4928
4930
4940
5172
4935
4942
4936
4973
4943
5174
4934
4935
4936
4934
4936
4976
4935
4936
4978
4941
4942
4943
4941
4942
4941
4943
4942
4943
5177
5178
4946
4950
4946
4949
4947
4949
4950
4958
4949
4950
4960
4954
4954
4955
4958
4954
4955
4986
4961
4987
8384
4957
4959
4990
4961
4991
8384
4960
4961
4960
4961
4998
4999
4964
4965
4975
4979
4964
4965
4990
8385
4977
8386
4983
4992
8387
4967
4976
4977
8386
4972
4973
4974
4975
4979
4972
4973
4973
4974
4972
4974
4981
4982
4978
4984
4977
4978
4977
4978
4982
4983
4984
4982
4983
5006
4982
4984
5008
4987
4988
4997
5001
4987
4988
5002
5024
4999
5003
5004
5026
4991
4992
4997
5001
5005
4991
4992
4998
4999
5003
5000
5008
4995
4996
5001
5005
4995
4996
5036
5234
5004
5038
5009
5238
4999
5000
4999
5000
8385
8387
5003
5004
5003
5004
5040
8384
5041
5008
5009
5008
5009
5242
5009
5243
5245
5012
5012
5017
5019
5015
5015
5016
5018
5048
5019
5022
5052
5019
5021
5019
5022
5057
5021
5022
5060
5061
5025
5026
5031
5039
5025
5026
5040
5033
5041
5029
5030
5031
5042
5029
5030
5043
5054
5044
5034
5045
5055
5033
5034
8388
5033
5034
5060
5062
5037
5038
5039
5042
5037
5038
5044
5041
5041
8388
5041
5044
5045
8388
5044
5045
5063
5064
5049
5050
5049
5052
5050
5052
5057
5051
5051
5058
5052
5059
5061
5055
5056
5059
5055
5056
5063
5308
5062
5064
5065
5310
5058
5061
5059
5061
5062
5061
5062
5064
5065
5319
5321
5068
5076
5068
5082
5085
5096
5081
5084
5073
5074
5075
5073
5073
5074
5078
5074
5083
5080
5081
5084
5079
5080
5081
5079
5081
5079
5080
5080
5081
5084
5090
5097
5084
5098
5087
5090
5099
5087
5093
5100
5092
5095
5101
5089
5091
5102
8392
5092
5095
5104
5092
5105
5092
5106
5124
5107
5095
5108
5095
5109
5110
5097
5099
5105
5130
5101
5105
5101
5108
5107
5110
5104
5106
5141
5104
5109
5449
5107
5110
5107
5107
5145
5110
5110
5454
5113
5117
5132
5113
5120
5133
8393
5119
5122
5134
5116
5118
5116
5121
8397
5119
5122
8398
5119
8399
5119
8400
5122
5135
8396
5122
5136
5137
5125
5144
8389
5125
5145
8392
5146
8391
5128
5132
5128
5129
5138
5131
5131
5144
5131
5134
8399
5134
5135
5152
5137
8400
5137
5160
5137
5190
8397
8398
5140
5144
8389
5140
5147
5153
8390
5146
5150
8391
5143
5145
8392
5143
5148
5489
5146
5150
5146
5146
5150
5163
5150
5151
5496
5151
5165
5497
5499
5154
5160
8393
5154
5163
8394
5162
5166
8395
5159
5201
5516
5158
5161
5202
5158
5159
5164
5517
5162
5166
5167
5519
5162
8396
5162
5207
5166
5166
5167
5524
5167
5525
5526
5170
5176
5192
5170
5180
5193
8405
5179
5182
5194
5174
5174
5175
5177
5175
5181
5178
5179
5182
5179
5178
5179
5182
5183
5195
5182
5196
5197
5185
5220
8405
5185
5221
5260
8408
5222
8407
5188
5192
8411
5188
5189
5198
5191
8412
5191
5206
5191
8409
8410
5194
5194
5195
5214
5197
5197
5220
5197
5279
5200
5206
8401
5200
5209
5215
8402
5208
5212
8403
5205
5583
5204
5207
5204
5205
5210
5584
5208
5212
5213
5587
5208
8404
5208
5212
5223
5212
5213
5591
5213
5225
5592
5594
5216
5220
8405
5216
5223
8406
5222
5226
8407
5219
5221
5283
8408
5219
5224
5612
5222
5226
5222
5222
5287
5226
5226
5227
5619
5227
5620
5621
5231
5232
5240
5247
5231
5232
5241
5232
5248
5265
5244
5246
5253
5237
5238
5239
5240
5247
5237
5238
5238
5239
5243
5237
5239
5250
5251
5245
5246
5253
5244
5245
5246
5244
5246
5244
5245
5245
5246
5251
5252
5253
5252
5253
5271
5251
5252
5251
5253
5256
5259
5280
5256
5262
5266
5281
5261
5264
5282
5258
5260
5283
8408
5261
5264
5285
5261
5286
5261
5287
5288
5264
5274
5289
5264
5290
5291
5267
5271
5292
5267
5274
5293
5273
5276
5294
5270
5272
5295
5333
5270
5275
5296
5670
5273
5276
5297
5273
5273
5298
5338
5299
5276
5300
5276
5301
5673
5302
5278
5280
5286
5282
5286
5282
5289
5293
5288
5291
5285
5287
5285
5290
5683
5288
5291
5288
5288
5291
5300
5291
5689
5294
5294
5300
5299
5302
5297
5298
5371
5297
5301
5704
5299
5302
5299
5302
5302
5708
5305
5306
5305
5306
5318
5322
5324
8341
5321
5309
5310
5318
8413
5309
5310
5319
5320
5321
5313
5314
5318
5322
8413
5313
5314
5346
5320
5325
5349
5317
5322
8413
5317
5323
5324
5320
5321
5320
5321
5324
5325
5324
5325
5360
5361
5330
5331
5332
5330
5331
5346
5330
5332
5336
5331
5332
5341
5348
5339
5343
5350
5340
5344
5335
5338
5371
5335
5342
5372
5340
5344
5339
5340
5339
5340
5343
5344
5365
5344
8414
5368
5349
5350
5351
5359
5364
5349
5350
5349
5351
5350
5351
5365
5361
5368
5362
5369
5356
5357
5358
5359
5364
5357
5358
5405
5770
5356
5357
5406
5356
5358
5367
5771
5362
5369
5363
5409
5370
5774
5361
5362
5363
5361
5363
5415
5417
5368
5369
5370
5368
5369
5368
5370
5369
5370
5777
5799
8414
5375
5379
5375
5378
5376
5378
5379
5387
5378
5379
5388
5391
5392
5382
5385
5382
5386
5423
5383
5385
5386
5387
5385
5386
5389
5426
5392
5393
5428
5391
5392
5393
5391
5392
5392
5393
5435
5391
5393
5436
5437
5396
5397
5410
5414
5418
5396
5397
5411
5412
5416
5413
5421
5429
5400
5410
5414
5400
5415
5412
5416
5403
5410
5418
5403
5419
5431
5413
5421
5432
5408
5409
5414
5418
5408
5409
5409
5408
5420
5417
5412
5413
5412
5413
5436
5438
5416
5417
5416
5417
5420
5421
5420
5421
5440
5441
5424
5427
5424
5428
5425
5427
5428
5434
5427
5428
5435
5437
5438
5441
5432
5433
5434
5439
5432
5433
5440
5854
5438
5441
5442
5855
5437
5438
5437
5437
5438
5441
5442
5441
5442
5857
5859
8415
5445
5446
5453
5456
5445
5446
5457
5464
5455
5460
5461
5466
5451
5452
5453
5456
5452
5488
5451
5454
5451
5452
5458
5490
5455
5460
5462
5493
5455
5455
5460
5461
5462
5460
5461
5472
5460
5462
5503
5461
5462
5474
5504
5476
5506
5465
5466
5471
5478
5465
5466
5472
5475
5479
5476
5469
5470
5471
5478
5470
5542
5966
5475
5479
5477
5543
5475
5476
5477
5475
5476
5475
5477
5547
5476
5477
5548
5549
5479
5484
5485
5486
5494
5501
5484
5485
5495
5509
5484
5486
5502
5537
5485
5486
5511
5538
5498
5505
5500
5513
5507
5539
5491
5492
5493
5494
5501
5492
5493
5491
5492
5496
5491
5493
5503
5498
5505
5499
5506
5498
5499
5500
5498
5500
5523
5498
5499
5499
5500
5525
5528
5505
5506
5507
5505
5507
5546
5505
5506
5506
5507
5548
5550
5512
5513
5514
5522
5529
5512
5513
5523
5512
5514
5530
5513
5514
5556
5527
5533
5528
5534
5557
5519
5520
5521
5522
5529
5519
5521
5583
5519
5520
5524
5520
5521
5531
5585
5526
5527
5533
5535
5588
5526
5527
5528
5527
5528
5526
5527
5526
5528
5533
5534
5535
5533
5534
5533
5535
5598
5534
5535
5568
5599
5569
5601
5539
5540
5545
5551
5539
5546
5539
5540
5556
5550
5553
5558
5543
5544
5545
5551
5543
5544
5977
5549
5554
5978
8248
5549
5550
5550
5549
5549
5550
5553
5554
5553
5554
5572
5989
8416
5573
5990
8417
5557
5558
5567
5571
5557
5558
5569
5573
5561
5562
5567
5571
5561
5562
5636
6005
5570
5637
5574
6006
5565
5566
5571
5565
5566
5572
6009
8416
5573
5574
6010
5569
5570
5569
5570
5644
5645
5573
5574
5573
5574
6017
6018
5579
5580
5581
5589
5596
5579
5580
5590
5604
5579
5581
5597
5580
5581
5606
5632
5593
5600
5595
5608
5602
5633
5586
5587
5588
5589
5596
5587
5588
5586
5587
5591
5586
5588
5598
5593
5600
5594
5601
5593
5594
5595
5593
5595
5618
5593
5594
5594
5595
5620
5623
5600
5601
5602
5600
5602
5600
5601
5601
5602
5644
5646
5607
5608
5609
5617
5624
5607
5608
5618
5607
5609
5625
5652
5608
5609
5653
5622
5628
5623
5629
5654
5614
5615
5616
5617
5624
5614
5616
5682
5614
5615
5619
5615
5616
5626
5684
5621
5622
5628
5630
5686
5621
5622
5623
5622
5623
5621
5622
5621
5623
5628
5629
5630
5628
5629
5661
5628
5630
5693
5629
5630
5663
5694
5664
5696
5633
5634
5643
5647
5633
5634
5653
5646
5649
5655
5637
5638
5643
5647
5637
5638
6068
5645
5650
6069
5641
5642
5647
5641
5642
5648
6072
8418
5649
5650
6073
5645
5646
5645
5646
5649
5650
5649
5650
5667
6080
5668
6081
5654
5655
5660
5666
5654
5661
5654
5655
5664
5668
5658
5659
5660
5666
5658
5659
5722
6096
5665
5723
5669
6097
8249
5664
5665
5664
5665
5728
5664
5665
5729
5730
5668
5669
5668
5669
6108
8418
6109
8419
5672
5673
5704
5672
5705
5706
5708
5678
5679
5680
5687
5691
5678
5679
5688
5698
5678
5680
5692
5715
5679
5680
5700
5717
5690
5695
5702
5697
5719
5685
5686
5687
5691
5686
5685
5689
5685
5686
5693
5690
5695
5696
5690
5690
5707
5690
5695
5696
5697
5695
5697
5727
5695
5696
5696
5697
5729
5732
5701
5702
5707
5701
5703
5710
5740
5702
5703
5742
5709
5712
5713
5744
5706
5708
5706
5711
5800
5709
5712
5709
5709
5712
5713
5754
5712
5806
5758
5718
5719
5720
5726
5733
5718
5719
5727
5718
5720
5734
5741
5719
5720
5742
5731
5736
5732
5737
5745
5723
5724
5725
5726
5733
5723
5725
6168
5730
5731
5736
5738
6169
5730
5731
5732
5731
5732
5730
5731
5730
5732
5736
5737
5738
5736
5737
5761
5737
5738
5763
6176
5765
6177
5743
5744
5745
5753
5760
5743
5744
5754
5743
5745
5761
5744
5745
5757
5764
5758
5765
5750
5751
5752
5753
5760
5751
5752
5815
6188
5750
5751
5755
5816
5750
5752
5762
6189
5757
5764
5759
5818
5766
6191
5757
5758
5759
5757
5758
5757
5759
5822
5758
5759
5823
5764
5765
5766
5764
5765
5764
5766
6195
5765
5766
6196
6197
5769
5776
5808
5769
5779
5784
5809
5778
5781
5810
5773
5774
5774
5775
5777
5773
5775
5780
5778
5781
5778
8420
5778
5781
5790
8421
5781
5811
5785
5812
5786
5790
5829
5786
5793
5830
5792
5795
5831
5789
5791
5832
5871
5789
5794
5833
6254
5792
5795
5834
5792
5835
5792
5836
5875
5837
5795
5838
5795
5839
5840
5798
5802
5808
5798
5805
5811
5804
5807
5801
5803
5801
5806
5804
5807
5804
8420
5804
8414
5807
5821
5807
5810
8420
5810
5829
8421
5813
5821
5813
5825
5830
5824
5827
5818
5819
5820
5818
5820
6266
5818
5819
5822
5819
5820
5826
6267
5823
5824
5827
5828
6270
5824
5823
5824
5827
5838
5827
5828
6274
6277
5831
5835
5831
5838
5837
5840
5834
5836
5909
5834
5839
6292
5837
5840
5837
8421
5837
8423
5840
5840
6296
5843
5844
5860
8422
5843
5844
5861
5883
5862
5863
5847
5848
5847
5848
5856
5860
5862
5859
8415
5851
5852
5856
5860
8422
5851
5852
5886
5858
5863
5889
5855
5856
8422
5855
5857
5859
5858
5859
5858
5859
5862
5863
5862
5863
5899
5900
5868
5869
5870
5868
5869
5886
5868
5870
5874
5869
5870
5878
5888
5876
5881
5890
5877
5882
5873
5875
5909
5873
5880
5910
5877
5882
5876
5877
5877
8423
5881
5882
5903
5881
5904
5882
5906
5884
5899
5925
5901
5927
5889
5890
5891
5898
5902
5889
5890
5889
5891
5890
5891
5903
5900
5906
5907
5895
5896
5897
5898
5902
5896
5897
5937
6357
5895
5897
5905
6358
5907
5901
5939
5908
6361
5900
5901
5900
5901
5941
5943
5906
5907
5908
5906
5907
5906
5908
6365
5907
5908
6366
6368
8423
6410
5913
5913
5914
5918
5920
5922
5917
5917
5919
5948
5920
5920
5922
5920
5923
5959
5922
5923
5963
5964
5926
5927
5932
5940
5926
5927
5941
5934
5942
5943
5930
5931
5932
5944
5930
5931
5945
5956
5946
5935
5957
5934
5935
8424
5934
5935
5963
5965
5938
5939
5940
5944
5938
5939
5946
5943
5942
5943
8424
5942
5943
5946
8424
5946
5949
5949
5951
5959
5950
5961
5951
5962
5964
5954
5958
6440
5954
5957
5960
5955
5961
5957
5958
5962
5957
5958
6442
5965
6444
5961
5964
5961
5965
5962
5964
5965
5964
5965
5967
5977
8250
5971
5979
8251
5969
5970
5985
5971
5986
8251
5971
5993
5994
5974
5975
5988
5992
5996
5974
5975
5997
6001
6029
5991
5998
6002
5995
5999
6030
5978
5979
5988
5992
5978
5979
5990
5994
5982
5983
5988
5996
5982
5983
5989
6009
8416
5990
8417
5991
5998
6011
5986
5987
5992
5996
5986
5987
5993
6032
5994
5995
5999
6033
5990
5991
5990
5991
6017
6019
5994
5995
5994
5995
6037
6038
5998
5999
5998
5999
6025
6040
6026
6041
6002
6003
6016
6020
6024
6002
6003
6025
6044
6019
6026
6022
6027
6045
6006
6007
6016
6020
6006
6007
6068
6018
6023
6070
6010
6011
6016
6024
6010
6011
6017
6018
6019
6026
6014
6015
6020
6024
6014
6015
6021
6048
6076
6022
6027
6049
6023
6077
6018
6019
6018
6019
6022
6023
6022
6023
6056
6084
6057
6085
6026
6027
6026
6027
6060
6061
6030
6031
6039
8425
6030
6031
6040
6044
6038
6041
6042
6046
8427
6033
6037
6038
6041
6036
6039
8425
6036
6052
6495
8426
6042
6053
8427
6038
6041
6042
6041
6042
6060
6062
6045
6046
6055
6059
8430
6045
6046
6060
6057
6061
6062
8432
6049
6050
6055
6059
6049
6050
6056
6124
6057
6061
6058
6125
6053
6054
6059
8430
6053
6054
6500
8431
6062
8432
6501
6057
6058
8428
6057
6058
6132
6133
8429
6061
6062
6061
6062
6065
6066
6079
6083
6087
6065
6066
6088
6092
6120
6082
6089
6093
6086
6090
6121
6069
6070
6079
6083
6069
6070
6081
6085
6073
6074
6079
6087
6073
6074
6080
6100
6081
6082
6089
6102
6077
6078
6083
6087
6077
6078
6084
6124
6085
6086
6090
6126
6081
6082
6081
6082
6108
6110
6085
6086
6085
6086
6132
6134
6089
6090
6089
6090
6116
6136
6117
6137
6093
6094
6107
6111
6115
6093
6094
6116
6140
6110
6117
6113
6118
6141
6097
6098
6107
6111
6097
6098
6168
6109
6114
6170
6101
6102
6107
6115
6101
6102
6108
8418
6109
8419
6110
6117
6105
6106
6111
6115
6105
6106
6112
6148
6172
6113
6118
6149
6114
6173
6109
6110
6109
6110
6113
6114
6113
6114
6156
6180
6157
6181
6117
6118
6117
6118
6160
6161
6121
6122
6131
6135
8435
6121
6122
6136
6140
6134
6137
6138
6142
8437
6125
6126
6131
6135
6125
6126
6132
6133
6134
6137
6129
6130
6135
8435
6129
6130
6152
6530
8436
6138
6153
8437
6531
6133
6134
8433
6133
6134
8434
6137
6138
6137
6138
6160
6162
6141
6142
6155
6159
8438
6141
6142
6160
6157
6161
6162
8440
6145
6146
6155
8438
6145
6146
6211
8459
6158
6212
8441
8460
6149
6150
6155
6159
6149
6150
6156
6215
6157
6161
6158
6216
6153
6154
6159
8438
6153
6154
6542
8439
6162
8440
6543
8441
6157
6158
6157
6158
6223
6224
6161
6162
6161
6162
6165
6166
6175
6179
8443
6165
6166
6184
6207
8444
6178
6185
8445
6182
6208
8446
6169
6170
6175
6179
8252
6169
6170
8253
6177
6181
8254
6173
6174
6179
8252
8443
6173
6174
6180
6215
6181
8254
6182
6217
8446
6177
6178
8442
6177
6178
6196
6199
6181
6182
6181
6182
6223
6225
6185
6186
6194
6200
6185
6186
6235
8447
6199
6204
6236
6191
6192
6193
6194
6200
6191
6193
6266
6191
6192
6195
6192
6193
6201
6268
6197
6198
6203
6205
6271
6197
6198
6199
6197
6198
6197
6199
6203
6204
6205
6203
6205
6281
6204
6205
6247
6282
6248
6284
6208
6209
6222
6226
6230
6208
6209
6231
6235
6225
6232
6228
6233
6237
6212
6213
6222
6226
6212
6213
6584
6224
6229
6585
6216
6217
6222
6230
6216
6217
6223
6224
6225
6232
6220
6221
6226
6230
6220
6221
6227
6243
6588
6228
6233
6244
6229
6589
6224
6225
6224
6225
6228
6229
6228
6229
6251
6596
6252
6597
6232
6233
6232
6233
8444
8450
8446
8452
6236
6237
6246
6250
8449
6236
6237
8450
6248
8451
6252
8452
6240
6241
6246
6250
8255
6240
6241
6310
6608
8256
6249
6311
6253
6609
8257
6244
6245
6250
8255
8449
6244
6245
6251
6612
6252
8452
6253
6613
8257
6248
6249
8448
6248
6249
6316
6317
6252
6253
6252
6253
6620
6621
6256
6292
6256
6257
6293
6294
6300
6262
6263
6264
6272
6279
6262
6263
6273
6286
6262
6264
6280
6303
6263
6264
6288
6305
6276
6283
6278
6290
6285
6307
6269
6270
6271
6272
6279
6270
6271
6269
6270
6274
6269
6271
6281
6276
6283
6277
6284
6276
6277
6278
6276
6278
6295
6276
6277
6277
6278
6298
6283
6284
6285
6283
6285
6315
6283
6284
6284
6285
6316
6319
6289
6290
6295
6289
6291
6299
6328
6290
6291
6330
6297
6301
6298
6332
6294
6296
6294
6300
6411
6297
6301
6297
6298
6297
6301
6341
6301
6416
6306
6307
6308
6314
6320
6306
6307
6315
6306
6308
6321
6329
6307
6308
6330
6318
6324
6319
6325
6333
6311
6312
6313
6314
6320
6311
6313
6685
6317
6318
6324
6326
6686
6317
6318
6319
6318
6319
6317
6319
6324
6325
6326
6324
6325
6345
6324
6326
6690
6325
6326
6347
6691
6349
6692
6331
6332
6333
6340
6344
6331
6332
6341
6331
6333
6345
6332
6333
6343
6348
6349
6338
6339
6340
6344
6339
6706
6338
6342
6421
6338
6339
6346
6707
6343
6348
6350
6709
6343
6343
6343
6425
6348
6349
6350
6348
6349
6348
6350
6714
6349
6350
6715
6716
6354
6355
6363
6370
6355
6364
6354
6355
6371
6388
6375
6369
6376
6360
6361
6362
6363
6370
6360
6361
6361
6362
6366
6360
6362
6373
6374
6368
6369
6376
6367
6368
6369
6367
6369
6367
6368
6368
6369
6374
6375
6376
6375
6376
6398
6374
6375
6399
6374
6376
6401
6379
6382
6418
6379
6385
6389
6419
6384
6387
6420
6381
6386
6422
8345
6384
6387
6423
6384
6424
6384
6425
6426
6387
6404
6427
6387
6428
6429
6390
6398
6390
6404
6430
6402
6406
6395
6396
6397
6396
6458
6777
6395
6396
6400
6459
6395
6405
6778
6402
6406
6403
6462
6401
6402
6403
6401
6402
6401
6403
6465
6402
6403
6466
6468
6406
6431
6406
6432
6783
6409
6409
6415
6418
6414
6417
6412
6413
6412
6416
6414
6417
6414
6417
6424
6417
6420
6424
6420
6427
6430
6426
6429
6423
6425
6423
6428
6804
6426
6429
6426
6426
6429
6431
6429
6808
6431
6819
6435
6438
6435
6439
6475
6436
6438
6439
6447
6438
6439
6450
6478
6444
6443
6444
6447
6443
6444
6449
8453
6446
6448
6480
6449
8453
6449
6450
6449
6450
6488
6489
6453
6454
6464
6470
6453
6454
6480
8454
6467
8455
6473
6482
8456
6456
6471
6484
6473
6485
8456
6461
6462
6463
6464
6470
6461
6462
6462
6463
6466
6461
6463
6472
6468
6469
6467
6468
6469
6467
6468
6468
6469
6472
6473
6472
6473
6492
6493
6476
6476
6478
6477
6478
6487
6489
6481
6482
6487
6491
6481
6482
6488
6489
6490
6493
6485
6486
6487
6491
6485
6486
6492
6852
6490
6493
6494
6854
6489
6490
6489
6490
8454
8456
6493
6494
6493
6494
6860
6862
8457
6496
6500
6498
6502
6498
6508
6513
6509
6501
6502
6507
6501
6502
6509
6505
6506
6507
6505
6506
6517
6534
6510
6518
6535
6509
6510
6509
6510
6526
6527
6512
6522
6901
6514
6523
6514
6526
6528
6518
6519
6525
6519
6554
6518
6519
6555
6527
6556
6523
6524
6525
6524
6906
6523
6524
6907
6528
6908
6527
6528
6527
6528
6531
6532
6537
6531
6532
6542
6539
6544
6535
6536
6537
6535
6536
6555
6540
6557
6539
6540
6539
6540
6550
6564
6551
6565
6543
6544
6549
6543
6544
8462
6551
6547
6548
6549
6547
6548
6568
6592
6552
6569
6593
8463
6551
6552
6551
6552
6576
6577
6556
6557
6563
6556
6556
6557
6565
6561
6562
6563
6562
6930
6561
6562
6572
6931
6566
6573
6932
6565
6566
6565
6566
6576
6578
6569
6570
6575
6569
6570
6636
6577
6637
6573
6574
6575
6573
6574
6944
6578
6945
6577
6578
6577
6578
6581
6582
6595
6599
8464
6581
6582
6600
6604
6632
6598
6601
6605
6602
6633
8467
6585
6586
6595
8464
6585
6586
8459
6597
8461
8466
6589
6590
6595
6599
6589
6590
6596
6612
6597
6598
6601
6614
6593
6594
6599
8464
6593
6594
6636
8465
8466
6602
6638
8467
6597
6598
6597
6598
6620
6622
6601
6602
6601
6602
6628
6648
6629
6649
6605
6606
6619
6623
6627
6605
6606
6628
6652
6622
6629
6625
6630
6653
6609
6610
6619
6623
6609
6610
6685
6621
6626
6687
6613
6614
6619
6627
6613
6614
6620
6621
6622
6629
6617
6618
6623
6627
6617
6618
6624
6660
8473
6625
6630
6661
6626
8474
6621
6622
6621
6622
6625
6626
6625
6626
6668
6695
6669
6696
6629
6630
6629
6630
6676
6677
6633
6634
6643
6647
8470
6633
6634
6648
6652
6649
8472
6645
6650
6654
6637
6638
6647
8470
6637
6638
8471
6649
8472
6641
6642
6643
6647
6641
6642
6644
6664
6984
6645
6650
6665
6646
6985
6645
6646
8468
6645
6646
6672
6992
6673
6993
8469
6649
6650
6649
6650
6676
6678
6653
6654
6667
6671
6675
6653
6654
6676
6669
6677
6673
6678
6657
6658
6667
6671
6657
6658
6731
7004
6670
6732
6674
7005
6661
6662
6667
6675
6661
6662
6668
6735
6669
6677
6670
6736
6665
6666
6671
6675
6665
6666
6672
7008
6673
6678
6674
7009
6669
6670
6669
6670
6739
6740
6673
6674
6673
6674
7016
7017
6677
6678
6677
6678
6682
6683
6688
6694
6682
6689
6699
6682
6683
6701
6727
6693
6703
6697
6728
6686
6687
6688
6694
6686
6687
6692
6696
8258
6692
6693
6693
6713
6692
6692
6693
6715
6718
6696
6697
6696
6697
6739
8473
8474
6741
6702
6703
6704
6712
6719
6702
6703
6713
6702
6704
6720
6747
6703
6704
6749
6717
6723
6718
6724
6751
6709
6710
6711
6712
6719
6709
6711
6709
6710
6714
6710
6711
6721
6805
6716
6717
6723
6725
6716
6717
6718
6717
6718
6716
6717
6716
6718
6723
6724
6725
6723
6724
6761
6723
6725
6811
6724
6725
6763
6812
6765
6814
6728
6729
6738
6742
6728
6729
6749
6741
6744
6752
6732
6733
6738
6742
6732
6733
7084
6740
6745
7085
6736
6737
6738
6736
6737
6739
8473
6740
6741
6740
6741
6740
6741
6744
6745
6744
6745
6770
7092
6772
7093
6750
6751
6752
6760
6767
6750
6751
6761
6750
6752
6768
6751
6752
6764
6771
6765
6772
6757
6758
6759
6760
6767
6758
6759
6824
7107
6757
6758
6762
6825
6757
6759
6769
7108
6764
6771
6766
6827
6773
7110
6764
6765
6766
6764
6765
6764
6766
6830
6765
6766
6831
6832
6771
6772
6773
6771
6772
6771
6773
7115
6772
6773
7116
7117
6776
6782
6815
8342
6776
6785
6789
6816
6784
6788
6817
6780
6781
6783
6780
6781
6786
6787
6784
6788
6784
6818
6784
6819
6820
6788
6795
6787
6788
6791
6795
6837
6791
6798
6838
8476
6797
6800
6839
6794
6796
6871
6794
6799
7177
8479
6797
6800
8480
6797
8481
6797
6879
8482
6800
6840
8478
6800
6841
7181
6842
6803
6807
6815
8342
6803
6810
6821
8343
6809
6813
8344
6806
6808
8345
6806
6811
6809
6813
6809
6818
6809
6813
6829
6813
6814
6814
6831
6817
6818
6817
6837
6820
6820
6820
6823
6829
8475
6823
6834
6838
8476
6833
6836
8477
6827
7207
6827
6828
6830
6828
6835
7208
6832
6833
6836
6833
6832
6833
6832
6836
6840
8478
6836
7213
6839
8481
6839
6840
6842
8482
6842
6842
7224
8479
8480
6844
6846
6889
6845
6846
6855
8485
6858
6892
8486
6849
6850
6855
6859
8485
6849
6850
6856
6894
6857
6861
6858
6895
8486
6853
6854
6855
6859
6853
6854
6860
6857
6861
6862
6857
6858
6857
6858
8497
8498
6861
6862
8483
6861
6862
8484
6866
6867
6868
6876
6883
6866
6867
6894
6866
6868
6877
6880
6887
6896
6882
6888
6873
6874
6875
6876
6883
6873
6874
6874
6875
6879
6873
6875
6885
6886
6881
6882
6888
6880
6881
6882
6880
6882
6880
6881
6881
6882
6886
6887
6888
6886
6887
6898
6886
6888
6899
6890
6892
6891
6892
8490
8496
8491
8498
6895
6896
6897
8490
8496
6895
6896
8497
8491
8498
6899
8499
6899
6900
8488
8492
6899
6900
7255
8493
8494
7257
8489
8495
6902
6907
6904
6909
6904
6916
6919
6917
6908
6909
6915
6908
6908
6909
6917
6913
6914
6915
6914
6935
6913
6914
6921
6936
6918
6922
6937
6917
6918
6917
6918
6926
6927
6926
6922
6923
6925
6922
6923
6956
6927
6957
6925
6927
6928
6927
6928
6932
6933
6939
6932
6932
6933
6944
6941
6946
6937
6938
6939
6937
6937
6938
6956
6942
6958
6941
6942
6941
6942
6952
6964
6953
6965
6945
6946
6951
6945
6946
6953
6949
6950
6951
6949
6950
6968
6988
6954
6969
6989
6953
6954
6953
6954
6976
6977
6957
6958
6963
6957
6958
6965
6961
6962
6963
6961
6962
6972
7305
6966
6973
7306
6965
6966
6965
6966
6976
6978
6969
6970
6975
6969
6970
7036
6977
7037
8504
6973
6974
6975
6973
6974
7313
6978
7314
8505
6977
6978
6977
6978
6981
6982
6991
6995
8508
6981
6982
6996
7000
7028
6994
6997
7001
6998
7029
8510
6985
6986
6991
6995
6985
6986
6992
7008
6993
6994
6997
7010
6989
6990
6995
8508
6989
6990
7036
8509
6998
7038
8510
6993
6994
8506
6993
6994
7016
8507
7018
6997
6998
6997
6998
7024
7048
7025
7049
7001
7002
7015
7019
7023
7001
7002
7024
7052
7018
7025
7021
7026
7053
7005
7006
7015
7019
7005
7006
7084
7017
7022
7086
7009
7010
7015
7023
7009
7010
7016
7017
7018
7025
7013
7014
7019
7023
7013
7014
7020
7060
7088
7021
7026
7061
7022
7089
7017
7018
7017
7018
7021
7022
7021
7022
7068
7096
7069
7097
7025
7026
7025
7026
7076
7077
7029
7030
7043
7047
8511
7029
7030
7048
7052
7049
8514
7045
7050
7054
7033
7034
7043
8511
7033
7034
7323
8501
8502
8513
7046
7324
7037
7038
7047
8511
7037
7038
8512
8513
7049
8514
7041
7042
7043
7047
7041
7042
7044
7064
7327
7045
7050
7065
7046
7328
7045
7046
7045
7046
7072
7335
7073
7336
7049
7050
7049
7050
7076
7078
7053
7054
7067
7071
7075
7053
7054
7076
7069
7077
7073
7078
7057
7058
7067
7071
7057
7058
7133
7351
7070
7134
7074
7352
7061
7062
7067
7075
7061
7062
7068
8515
7069
7077
7070
8516
7065
7066
7071
7075
7065
7066
7072
7355
7073
7078
7074
7356
7069
7070
7069
7070
7137
7138
7073
7074
7073
7074
7359
7360
7077
7078
7077
7078
7081
7082
7091
7095
7081
7082
7102
7129
7094
7104
7098
7130
7085
7086
7091
7095
7085
7086
7093
7097
7089
7090
7095
7089
7090
7096
8515
7097
7098
7093
7094
7093
7094
7116
7119
7097
7098
7097
7098
7137
7139
7103
7104
7105
7113
7120
7103
7104
7114
7103
7105
7121
7147
7104
7105
7149
7118
7124
7119
7125
7151
7110
7111
7112
7113
7120
7110
7112
7207
7110
7111
7115
7111
7112
7122
7209
7117
7118
7124
7126
7211
7117
7118
7119
7118
7119
7117
7118
7117
7119
7124
7125
7126
7124
7125
7161
7124
7126
7216
7125
7126
7163
7217
7165
7219
7130
7131
7136
7140
7131
7141
7148
7130
7131
7149
7139
7144
7152
7134
7135
7136
7140
7134
7135
7419
7138
8259
7145
7421
7138
7139
7138
7139
8515
8516
7144
7145
7144
7168
7145
7425
7144
7145
7170
7426
7172
7428
7150
7151
7152
7160
7167
7150
7151
7161
7150
7152
7168
7151
7152
7164
7171
7165
7172
7157
7158
7159
7160
7167
7158
7159
7444
7157
7158
7162
7229
7157
7159
7169
7445
7164
7171
7166
7173
7447
7164
7165
7166
7164
7165
7164
7166
7233
7165
7166
7234
7235
7171
7172
7173
7171
7172
7171
7173
7451
7172
7173
7452
7453
7176
7180
7220
8346
7176
7183
7189
7221
7182
7185
7222
7179
7181
8521
7179
7184
7182
7185
8522
7182
7223
8349
7182
7224
7225
7185
7197
8523
7185
8524
7188
7201
7237
8518
7188
7238
8520
7239
8519
7191
7197
7240
7191
7201
7241
8518
7199
7203
7242
7196
7265
7508
7195
7196
7198
7266
7195
7202
7509
7199
7203
7200
7269
7199
7199
7200
7274
7276
7203
7243
7203
7244
7514
7245
7206
7212
7220
8346
7206
7215
7226
8347
7214
7218
8348
7211
7210
7213
7210
7211
7216
7214
7218
7219
7214
7223
8349
7214
7218
7232
7218
7219
7219
7234
7222
7223
7222
7240
8523
7225
8524
7225
7225
8521
8522
7228
7232
8517
7228
7237
7241
8518
7236
7239
8519
7231
7233
7231
7238
7564
8520
7236
7239
7236
7235
7236
7235
7239
7243
7239
7568
7242
7242
7243
7245
7245
7245
7575
7247
7249
7284
7248
7249
8528
8534
7287
8529
8537
7252
7253
7254
8528
8534
7252
7253
7289
8535
7256
8536
7290
8529
8537
7256
7257
8526
8530
7256
7257
8531
8532
8527
8533
7261
7262
7263
7271
7278
7261
7262
7289
7261
7263
7272
7275
7282
7291
7277
7283
7268
7269
7270
7271
7278
7268
7269
7269
7270
7274
7268
7270
7280
7281
7276
7277
7283
7275
7276
7277
7275
7277
7275
7276
7276
7277
7281
7282
7283
7281
7282
7301
7281
7283
7302
7285
7287
7286
7287
7296
8540
7298
8541
7290
7291
7296
7300
8540
7290
7291
7297
7298
8541
7299
7302
7294
7295
7296
7300
7294
7295
7301
7597
7299
7302
7303
7599
7298
7299
7298
7299
8535
8537
7302
7303
8538
7302
7303
7605
7607
8539
7306
7307
7306
7307
7313
8542
7315
8543
7310
7311
8544
7310
7311
7323
8501
8503
8546
7317
7325
7314
7315
8544
7314
7315
8545
8546
8547
7317
7332
7340
7320
7321
7334
7338
7342
7320
7321
7343
7347
7367
7337
7344
7348
7341
7345
7368
7324
7325
7334
7338
7324
7325
7336
7340
7328
7329
7334
7342
7328
7329
7335
7355
7336
7337
7344
7357
7332
7333
7338
7342
7332
7333
7339
7373
7340
7341
7345
7375
7336
7337
7336
7337
7359
7361
7340
7341
7340
7341
7377
7379
7344
7345
7344
7345
8550
8555
8551
8556
7348
7349
7358
7362
8549
7348
7349
7385
8550
7361
8551
7364
7386
8552
7352
7353
7358
7362
8260
7352
7353
7419
8261
7360
8262
7365
7422
7356
7357
7358
8260
8549
7356
7357
7359
7360
8262
7361
8551
7360
7361
7360
7361
7364
7365
8548
7364
7365
7397
7432
7399
7434
7368
7369
7376
7380
8554
7368
7369
7385
8555
7379
8556
7382
7387
8557
7371
7376
7380
8263
7383
7664
7374
7375
7376
8263
8554
7374
7375
7377
7378
7379
8556
7378
7379
7378
7379
7382
7383
8553
7382
7383
7403
7667
7405
7669
7386
7387
7395
7401
7386
7387
8558
7399
7405
7392
7393
7394
7395
7401
7393
7394
7468
7681
7392
7393
7396
7469
7392
7394
7402
7682
7398
7404
7400
7471
7406
7684
7398
7399
7400
7398
7400
7476
7399
7400
7477
7478
7404
7405
7406
7404
7406
7689
7405
7406
7690
7691
7409
7410
7494
7526
7409
7495
7723
7496
7498
7530
7415
7416
7417
7423
7430
7415
7416
7424
7437
7415
7417
7431
7461
7416
7417
7439
7463
7427
7433
7429
7441
7435
7465
7420
7421
7422
7423
7430
7421
7422
7427
7433
7428
7434
7427
7428
7429
7427
7429
7450
7427
7428
7428
7429
7452
7455
7433
7434
7435
7433
7435
7475
7434
7435
7477
7480
7440
7441
7442
7449
7456
7440
7441
7450
7440
7442
7457
7488
7441
7442
7490
7454
7459
7455
7492
7447
7448
7449
7456
7447
7447
7448
7451
7448
7458
7565
7453
7454
7459
7453
7454
7455
7454
7455
7453
7454
7453
7455
7459
7459
7497
7459
7571
7464
7465
7466
7474
7481
7464
7465
7475
7464
7466
7482
7489
7465
7466
7490
7479
7485
7480
7486
7493
7471
7472
7473
7474
7481
7471
7473
7763
7471
7472
7476
7472
7473
7483
7764
7478
7479
7485
7487
7767
7478
7479
7480
7479
7480
7478
7479
7478
7480
7485
7486
7487
7485
7486
7500
7485
7487
7770
7486
7487
7503
7772
7491
7492
7497
7491
7493
7500
7492
7493
7499
7502
7503
7496
7498
7579
7496
7501
7780
7499
7502
7499
7499
7583
7502
7503
7502
7784
7506
7513
7573
7506
7517
7536
7515
7522
7511
7512
7516
7511
7512
7514
7511
7512
7519
7520
7515
7522
7515
7574
7515
7575
7520
7521
7522
7521
7522
7548
7520
7521
7549
7520
7522
7551
7525
7529
7576
7525
7532
7537
7577
7531
7534
7578
7528
7530
7579
7528
7533
7580
7531
7534
7581
7531
7582
7531
7583
7584
7534
7555
7534
7585
7586
7538
7539
7547
7554
7538
7539
7548
7539
7555
7551
7552
7559
7544
7545
7546
7547
7554
7545
7546
7617
7814
7544
7545
7550
7544
7546
7557
7815
7552
7559
7553
7619
7560
7817
7551
7552
7553
7551
7552
7551
7553
7625
7552
7553
7626
7628
7558
7559
7560
7558
7559
7558
7560
7821
7559
7560
7822
7824
7563
7567
7573
7563
7570
7576
7569
7572
7566
7568
7566
7571
7569
7572
7569
7574
7569
7572
7582
7572
7574
7578
7582
7578
7584
7586
7581
7583
7581
7585
7879
7584
7586
7584
7584
7586
7589
7589
7591
7634
7590
7591
7600
7603
7639
7594
7595
7600
7604
7594
7595
7601
7645
7602
7606
7603
7598
7599
7600
7604
7598
7599
7605
7602
7606
7607
7602
7603
7602
7603
7648
8350
8351
7649
7606
7607
7606
7607
8559
7610
7611
7620
7629
7610
7611
7630
7642
7631
7623
7632
7643
7614
7615
7620
7624
7629
7614
7615
7621
7645
7622
7627
7623
7632
7646
7618
7619
7624
7629
7618
7619
7631
7628
7622
7623
7622
7623
7648
8350
8352
7650
7627
7628
7627
7628
7628
7631
7632
7631
7632
8560
7635
7638
7635
7639
7636
7638
7639
7647
7638
7639
7649
7644
7886
7643
7644
7647
7643
7644
7890
7650
8560
7892
7646
7648
7650
8560
7649
7650
7649
7650
7653
7710
7735
7653
7654
7711
7933
7712
7718
7936
7659
7660
7661
7665
7671
7659
7660
7666
7674
7659
7661
7660
7661
7676
7702
7668
7672
7670
7678
7663
7664
7665
7671
7668
7672
7669
7668
7669
7670
7668
7670
7688
7669
7670
7690
7693
7672
7677
7678
7679
7687
7694
7677
7678
7688
7677
7679
7695
7704
7678
7679
7706
7692
7698
7693
7699
7708
7684
7685
7686
7687
7694
7684
7686
7763
7684
7685
7689
7685
7686
7696
7765
7691
7692
7698
7700
7768
7691
7692
7693
7692
7693
7691
7692
7691
7693
7698
7699
7700
7698
7699
7713
7698
7700
7774
7699
7700
7716
7776
7703
7705
7703
7706
7709
7707
7708
7713
7707
7709
7717
7708
7709
7715
7719
7716
7712
7714
7792
7712
7718
7944
7715
7719
7715
7716
7715
7796
7719
7719
7947
7722
7726
7777
7722
7729
7744
7778
7728
7731
7779
7725
7727
7780
7725
7730
7781
7728
7731
7782
7728
7783
7728
7784
7785
7731
7753
7786
7731
7787
7788
7734
7738
7789
7734
7741
7745
7790
7740
7743
7791
7737
7739
7792
7737
7742
7793
7740
7743
7794
7740
7795
7740
7796
7797
7743
7756
7798
7743
7799
7800
7746
7753
7801
7746
7756
7802
7755
7758
7803
7751
7752
7838
7959
7750
7751
7754
7839
7750
7752
7757
7960
7755
7758
7842
7963
7755
8561
7755
7847
7758
8562
7758
7968
7761
7769
7777
7761
7773
7789
7771
7775
7766
7767
7768
7767
7768
7766
7767
7770
7766
7768
7774
7771
7775
7772
7776
7771
7783
7771
7772
7775
7795
7775
7776
7779
7783
7779
7786
7801
7785
7788
7782
7784
7782
7787
7880
7785
7788
7785
7785
7788
8561
7788
8564
7791
7795
7791
7798
7802
7797
7800
7794
7796
7794
7799
8024
7797
7800
7797
7797
7800
8562
7800
8566
7803
8561
7803
8562
7805
7827
7857
7828
7810
7811
7812
7819
7826
7810
7811
7865
7810
7812
7820
7811
7812
7823
7829
7866
7825
7816
7817
7818
7819
7826
7816
7817
7817
7818
7822
7828
7824
7825
7823
7824
7825
7823
7825
7823
7824
7824
7825
7828
7829
7828
7829
7872
7873
7834
7835
7836
7844
7851
7834
7835
7865
7834
7836
7845
7835
7836
7848
7854
7867
7850
7855
7841
7842
7843
7844
7851
7841
7842
7842
7843
7847
7841
7843
7853
7849
7850
7855
7848
7849
7850
7848
7850
7848
7849
7849
7850
7853
7854
7855
7853
7854
7876
7877
7858
7859
7871
8563
7858
7859
7872
7908
7873
7874
7910
7862
7863
7862
7863
7871
7875
7874
7878
8567
7866
7867
7871
7875
8563
7866
7867
7873
7877
7870
7875
8563
7870
7876
8035
7878
8037
7873
7874
7873
7874
7917
7919
7877
7878
7877
7878
8044
8046
8564
7883
7883
7885
7893
7921
7884
7895
7885
7896
7899
7888
7892
7888
7891
7894
7889
7895
7891
7892
7896
7891
7892
7898
7895
7899
7927
7895
7898
7896
7898
7899
7898
7899
7930
7931
7903
7904
7904
7906
7911
7924
7903
7906
7905
7905
7912
7906
7913
7916
7926
7909
7910
7913
7909
7910
7917
7915
7918
7919
7912
7916
7928
7913
7915
7916
7915
7916
7930
7932
7918
7919
7922
7922
7927
7929
7925
7925
7926
7928
7929
7932
7929
7931
7929
7932
7931
7932
7935
7936
7944
7935
7939
7945
7937
7940
7946
7937
7947
7948
7940
7940
7949
7950
7943
7992
7943
7993
7995
7946
7947
7946
7949
8025
7948
7950
7948
7950
7955
7956
7957
7965
7972
7955
7956
8010
7955
7957
7966
7956
7957
7969
7975
8011
7971
7976
7962
7963
7964
7965
7972
7962
7963
7963
7964
7968
7962
7964
7974
7970
7971
7976
7969
7970
7971
7969
7971
7969
7970
7970
7971
7974
7975
7976
7974
7975
8017
8018
7978
7998
8006
7999
7983
7984
7985
7990
7997
7983
7984
8010
7983
7985
7991
7984
7985
7994
8000
8012
7996
7988
7989
7990
7997
7988
7989
7993
7995
7996
7994
7995
7996
7994
7996
7994
7995
7995
7996
7999
8000
7999
8000
8021
8022
8003
8004
8003
8004
8016
8020
8019
8568
8023
8007
8008
8020
8565
8007
8008
8021
8097
8022
8023
8099
8011
8012
8016
8020
8565
8011
8012
8018
8022
8015
8016
8565
8015
8017
8056
8019
8058
8018
8019
8018
8019
8065
8067
8022
8023
8022
8023
8105
8107
8566
8028
8031
8028
8032
8069
8029
8031
8032
8038
8031
8032
8039
8072
8042
8074
8041
8045
8036
8037
8038
8043
8036
8037
8044
8041
8045
8046
8041
8042
8042
8083
8041
8042
8085
8087
8045
8046
8045
8046
8567
8049
8052
8049
8053
8076
8050
8052
8053
8059
8052
8053
8060
8079
8063
8081
8062
8066
8057
8058
8059
8064
8057
8058
8065
8062
8066
8067
8062
8063
8063
8084
8062
8063
8085
8088
8066
8067
8066
8067
8568
8070
8073
8070
8074
8071
8073
8074
8082
8073
8074
8083
8086
8087
8077
8080
8077
8081
8078
8080
8081
8082
8080
8081
8084
8086
8088
8086
8087
8088
8086
8087
8086
8088
8087
8088
8092
8093
8092
8095
8093
8095
8100
8109
8094
8094
8101
8095
8102
8104
8110
8098
8099
8102
8098
8099
8105
8103
8106
8107
8101
8104
8111
8102
8103
8104
8112
8106
8107
8110
8111
8112
8112
8117
8118
8119
8118
8119
8140
8166
8117
8118
8122
8141
8117
8119
8123
8167
8124
8144
8170
8124
8125
8126
8125
8126
8147
8173
8124
8125
8135
8148
8124
8126
8137
8174
8136
8150
8138
8176
8129
8130
8129
8130
8154
8214
8215
8136
8156
8133
8134
8133
8134
8180
8216
8217
8138
8182
8136
8161
8162
8138
8187
8188
8143
8144
8145
8143
8144
8144
8145
8148
8143
8145
8149
8151
8150
8151
8152
8150
8152
8192
8150
8151
8161
8151
8152
8163
8193
8162
8164
8196
8155
8156
8155
8156
8218
8219
8162
8159
8160
8159
8160
8199
8220
8221
8164
8201
8162
8164
8206
8207
8169
8170
8171
8169
8170
8170
8171
8174
8169
8171
8175
8177
8176
8177
8178
8176
8178
8192
8176
8177
8187
8177
8178
8189
8194
8188
8190
8197
8181
8182
8181
8182
8222
8223
8188
8185
8186
8185
8186
8203
8224
8225
8190
8205
8188
8190
8208
8209
8195
8196
8197
8196
8197
8195
8196
8206
8195
8197
8208
8207
8209
8200
8201
8200
8201
8210
8211
8207
8204
8205
8204
8205
8212
8213
8209
8207
8209
8211
8220
8228
8230
8213
8224
8229
8230
8215
8218
8354
8356
8217
8222
8355
8356
8219
8357
8359
8221
8358
8359
8223
8360
8362
8225
8361
8362
8227
8230
8358
8230
8361
8232
8234
8236
8238
8239
8302
8301
8304
8240
8310
8309
8312
8243
8275
8243
8246
8291
8246
8247
8417
8419
8251
8254
8442
8254
8257
8448
8257
8474
8516
8262
8548
8262
8553
8273
8274
8277
8277
8278
8281
8281
8282
8285
8294
8285
8286
8289
8316
8289
8290
8293
8293
8296
8296
8297
8299
8299
8299
8305
8301
8305
8307
8304
8310
8304
8306
8307
8307
8307
8309
8313
8315
8312
8312
8314
8315
8315
8319
8315
8318
8318
8320
8321
8321
8321
8324
8325
8363
8326
8371
8329
8367
8329
8330
8369
8331
8383
8334
8335
8336
8334
8335
8373
8374
8339
8338
8339
8338
8339
8381
8344
8344
8475
8348
8349
8348
8517
8351
8352
8356
8357
8356
8360
8359
8359
8362
8362
8365
8366
8369
8369
8370
8371
8374
8375
8376
8374
8375
8379
8378
8379
8378
8379
8381
8382
8383
8386
8387
8391
8391
8394
8395
8396
8395
8398
8409
8400
8400
8403
8404
8403
8406
8407
8407
8410
8412
8412
8417
8419
8427
8427
8431
8432
8429
8430
8434
8432
8432
8434
8435
8437
8437
8439
8440
8440
8441
8440
8441
8462
8443
8445
8446
8445
8446
8447
8450
8449
8451
8452
8451
8452
8455
8456
8484
8460
8461
8460
8461
8462
8463
8466
8466
8467
8466
8467
8471
8472
8469
8470
8507
8472
8472
8474
8477
8477
8478
8480
8521
8482
8482
8484
8485
8486
8491
8489
8525
8489
8490
8527
8491
8494
8495
8496
8494
8495
8531
8499
8533
8498
8499
8498
8499
8502
8503
8502
8503
8504
8505
8513
8546
8507
8508
8510
8510
8512
8514
8513
8514
8513
8514
8516
8519
8519
8522
8524
8524
8527
8527
8528
8529
8541
8532
8533
8534
8532
8533
8536
8536
8537
8536
8537
8539
8540
8559
8541
8543
8545
8547
8546
8547
8546
8547
8549
8551
8552
8551
8552
8558
8554
8556
8557
8556
8557
8558
)


// ************************************************************************* //
