/*--------------------------------*- C++ -*----------------------------------*\
| =========                 |                                                 |
| \\      /  F ield         | OpenFOAM: The Open Source CFD Toolbox           |
|  \\    /   O peration     | Version:  v2012                                 |
|   \\  /    A nd           | Website:  www.openfoam.com                      |
|    \\/     M anipulation  |                                                 |
\*---------------------------------------------------------------------------*/
FoamFile
{
    version     2.0;
    format      ascii;
    class       surfaceScalarField;
    location    "800/bottomWater";
    object      phi;
}
// * * * * * * * * * * * * * * * * * * * * * * * * * * * * * * * * * * * * * //

dimensions      [1 0 -1 0 0 0 0];
oriented        oriented;


internalField   nonuniform List<scalar> 
3858
(
-0.00013727051
9.059727e-05
4.4915768e-05
-5.1137479e-05
-0.00015446088
6.6420552e-05
0.0001240659
-0.00018755746
1.0081089e-05
4.3571152e-05
0.00013935704
-5.616232e-05
-4.5097198e-05
8.7988536e-05
-1.2214362e-06
-0.00021764834
0.00014396961
3.0810735e-05
-0.0002875359
5.8116403e-05
1.3497249e-05
-0.00011215254
-0.00022685233
5.0916587e-05
0.00016531933
-0.00037070444
8.9418368e-05
0.00024364926
-0.00013842429
5.8959418e-05
0.00011983868
0.00013091249
-7.4756166e-06
-4.5149343e-05
0.00014563773
1.7718659e-05
-0.00018880875
0.00012845673
1.3493906e-05
-0.00029398504
0.00011435399
-9.7847177e-06
-0.00021643949
-7.8390181e-05
-1.0372543e-06
7.1683305e-07
-0.00025110975
3.2269551e-05
4.4918048e-05
-0.00012420056
8.2363782e-05
-3.8693369e-05
-3.9847651e-05
0.0001248839
5.6546391e-05
-0.00027149622
0.00017774952
0.0001647032
-0.00017954861
7.3353435e-05
6.7819191e-05
9.0554982e-05
9.5835923e-06
-1.7686297e-05
0.00011965634
-3.3160604e-05
-0.0001533535
0.00014493848
-7.55496e-06
-0.00027438504
0.00016530974
-4.321308e-05
-0.00038998296
0.00017021677
-5.2275309e-05
-0.00040193092
3.886973e-05
-2.5802228e-05
-0.00017137601
-0.00022967283
-4.7532552e-06
2.150761e-05
-0.00021210003
1.7743473e-05
9.2913431e-05
-9.6447305e-05
2.2607165e-05
9.9862417e-05
-8.823771e-06
-0.00033296022
0.00029450412
0.00012905337
-0.00018056912
-0.00044948427
0.00014263228
9.2175491e-05
-0.00049981487
3.9512811e-05
0.00027534649
7.4449144e-05
-0.0001182631
-0.00012433041
0.00057903217
-9.1366724e-05
-0.00039974441
0.000452767
-3.3383378e-05
-0.00028074794
-2.8689145e-05
-3.2190921e-05
-2.4564029e-05
-0.00053555774
5.2521503e-05
0.00017269256
-0.00071215918
0.00014419815
0.00033450316
-0.00039915617
9.8921273e-05
0.00025906784
0.0002255607
-1.9212886e-05
-0.00010334977
0.00064981776
-0.00014176242
-0.00045267307
0.00066137501
-0.00018359497
-0.00062836947
0.00047447931
-0.00018442892
-0.00041246001
-0.00019261298
-0.00010168665
-0.00010513901
-0.00054764534
-1.0785407e-05
-2.929756e-05
-0.00029225361
9.2211601e-05
-9.4587911e-05
-0.00016159522
0.00018703792
7.6899337e-06
-0.0005803276
0.00020655354
0.00027689151
-0.00049715191
4.8401721e-05
0.00036793155
3.8528191e-05
-3.901326e-05
0.00014120804
0.00041510124
-6.8721402e-05
2.5497384e-05
0.00014464495
0.00011600418
-0.00033563076
0.00046891687
5.7521011e-05
-0.00062874359
0.00050572797
-4.2398369e-05
-0.00049227139
-7.5495606e-05
-2.210687e-05
-0.0001698051
-0.00053766363
-1.4475489e-05
4.8350627e-05
-0.00047225538
4.1999632e-05
0.00020178889
-0.0003501449
0.00010025934
0.00016560684
0.00013604446
4.5039035e-05
0.00018024333
6.9221764e-05
-0.00019103747
-0.00015431635
-5.9091413e-05
-0.00038863303
-0.00037515845
7.293915e-05
-0.00017453606
-0.00017443413
3.4786309e-05
-7.0605147e-05
0.00046192681
1.3174446e-05
3.4650037e-05
0.00024344003
0.00010407178
0.00034320383
-0.00041917589
8.1932959e-05
0.00014636708
-0.00031511643
-2.360455e-05
-0.0002184129
-0.00010837551
-0.00023900368
-0.00032037289
-9.9388175e-05
-0.00019780799
-0.00017159517
0.00015662925
-7.9846264e-05
-0.00016802563
0.00061860249
2.7645727e-05
-0.00012913821
0.00065146643
-2.8978837e-05
8.1997557e-05
0.00036406513
-0.00010072159
9.3215571e-05
-0.00010132438
-0.00010250661
-0.00024284779
-0.00010493323
-0.00010664874
-0.00023415058
-0.00023778359
-6.3167226e-05
-7.2345151e-06
-0.00047466973
8.6158445e-05
-9.7238263e-05
-0.00048687036
-3.4534995e-06
-0.00029548224
-0.00027107474
-2.7833191e-05
-0.00020567763
-2.0191634e-05
-3.1084793e-05
-0.00015005582
0.0002451893
0.00011429012
-0.00016320134
3.792158e-05
0.00011986887
-0.00010856159
0.00035761564
5.6661465e-05
5.130932e-05
0.00041479303
-6.8935976e-05
0.0001881204
-0.00011095536
-0.00010135133
-0.00016981876
-0.00011079663
-6.8927824e-05
-0.00034507562
-0.00023439962
-6.2598904e-05
-0.00024364589
-0.00047238995
2.0815339e-05
-0.00010710077
2.9061727e-05
0.00011458135
8.3513673e-05
-1.7851691e-05
-7.279191e-05
-2.6326356e-05
5.9383283e-05
-0.00020193563
-0.00035910991
0.00011309518
-0.00027191017
-0.00022628284
0.00012182326
-6.5902422e-05
0.00019462402
6.1295047e-05
0.00010972003
-0.00010413065
0.00017194824
-1.8085571e-05
-0.00041644743
0.00012507715
-0.00012505911
-0.0002795719
7.1429012e-05
-0.00023817578
3.8479841e-05
-3.3738673e-05
-0.00030642308
6.8416766e-05
-9.9557634e-05
-0.00031486099
0.00015877256
6.2946011e-06
-0.00013677383
0.00033952714
0.0001009882
7.3098626e-05
0.000394859
4.6734975e-05
0.00025972178
0.00016976617
7.67581e-06
4.6181018e-05
0.00019673707
-8.4520687e-05
-0.00019492604
0.00017493044
-3.8756613e-05
-0.00020006082
-0.00017032981
-6.2319003e-05
-0.0002008114
-0.00047449361
5.744729e-07
-0.00018065029
-0.00050012548
-6.905992e-06
-0.00021060563
-0.00024640461
5.2851927e-06
-0.0003374095
6.4193975e-05
4.2418249e-05
-0.00018232561
-3.879482e-05
0.00012890022
-0.00028336335
0.00010336545
3.5593847e-05
-6.487793e-05
0.00011012617
2.9004034e-05
0.00024077321
0.00017802326
-6.888139e-05
0.00010820528
4.0741664e-05
-1.9129092e-05
-7.3705498e-05
7.2767438e-05
-1.6532923e-06
-5.0017546e-05
-0.00020683607
-5.1251487e-05
-5.0534541e-05
-0.00048086829
8.9953421e-06
-0.00012533178
-3.2303529e-05
0.00020891544
-0.00012540176
0.00032132756
-0.00013873847
8.8027459e-05
-0.0001258098
-0.00014253096
4.2755809e-06
-1.3765975e-05
6.5859042e-05
-7.4709467e-05
-4.3187155e-05
-0.00036773526
-0.00012342163
-0.00053112599
-0.00011618117
-0.00042375631
-6.8889832e-05
-0.00034418673
-1.115281e-05
-0.00029740853
0.00011199436
-0.00011473433
0.00015685295
0.00014713763
0.00013298705
0.00025510593
6.1797882e-05
0.0003256787
0.00012616431
0.00040907858
9.1530565e-05
0.00026808648
-2.9337711e-05
-0.00013160928
-7.4797853e-05
-0.00049254175
-0.00013919302
-0.00062308251
-0.00011586386
-0.00046240725
-9.6481292e-05
-0.00040093328
-0.0001002688
-0.00023032825
-6.7239592e-05
-3.4749884e-05
-8.5452208e-05
0.00020591555
-6.2642174e-05
0.00032802394
-8.1366737e-05
0.00047320679
-7.2415405e-05
0.00035636143
-8.9990706e-05
7.248734e-06
-0.00013175559
-0.00011808304
-0.00015662017
0.0001295556
6.9564623e-05
-0.0001839603
7.8975636e-06
8.4177235e-05
1.9721894e-05
-0.00025276062
5.4748997e-05
0.00011900544
-0.00013217247
-2.2989158e-05
0.00024343548
-0.00017489053
4.6311013e-05
0.00023236614
7.9751289e-05
-3.6374904e-05
0.00016922397
0.00014148789
-6.387458e-05
0.00010639402
0.0001398484
-2.5325541e-05
8.8888634e-05
6.7471142e-05
4.0199014e-05
3.1051058e-05
0.00012745082
-1.017736e-05
-2.8979115e-05
0.00016385656
-0.0001112933
-5.4879997e-05
0.00013177032
-8.7822548e-05
-8.9304169e-05
0.00012597358
-7.8419102e-05
-0.00012436585
7.9737263e-05
-5.5009639e-05
1.1463387e-05
-0.00017562532
3.845583e-05
0.00017064416
-0.00015243259
2.6446671e-05
0.00013085957
6.7458048e-05
5.7999747e-05
4.0404475e-06
0.00010874152
0.0001446636
-4.3212948e-05
5.9829506e-05
0.0001698445
7.2312328e-06
-0.00016940611
0.00019277592
-4.4967258e-05
6.8711562e-05
-1.8112128e-06
5.1807396e-05
-0.00012925445
-9.6554127e-07
-1.8578615e-05
0.00010765674
-4.278796e-05
-0.00014238208
0.00014842568
-6.8059062e-05
-0.00025025921
0.00016813312
-0.00011141723
-0.00028838103
9.2761615e-05
-7.9041395e-05
-1.0356117e-05
-0.00027382541
-1.3238758e-05
0.0001242374
-9.8168371e-05
-1.9828616e-05
7.8197425e-05
9.809685e-05
-3.1652153e-05
0.00014689675
-7.9387752e-05
-0.00046293319
0.00061544487
0.0001060973
-0.00040338523
-3.2980036e-05
0.00012396193
-8.8879982e-05
-0.00057790206
5.0149014e-05
4.0611092e-05
-0.00037021605
-9.7105949e-06
0.00024997565
-0.00047284411
-2.7777098e-06
0.00035458002
-6.6511296e-08
-5.8169939e-05
0.00032799677
0.00019109252
-5.5212298e-05
0.00018054674
0.00029569632
4.412362e-05
0.00020252686
-3.5799473e-05
0.00022548864
0.00011282497
0.00015774565
0.00015832834
-0.00012090109
0.00045335189
-7.498215e-05
-0.00015682991
0.00015338208
-0.00012744535
-0.00031420811
0.00037314338
-0.00027338656
-0.00028768148
4.9982627e-05
-0.00018120092
-7.0892631e-05
-0.00048147582
-1.2625e-05
0.00020204076
-0.00038902104
-4.7130343e-05
0.00019391043
0.00011703763
5.0762344e-05
-0.00010303105
0.00040939948
0.00018332145
-0.00014588978
2.6340123e-05
0.00028290165
3.0689921e-05
-0.00049169313
0.00019410903
5.9439312e-05
-1.301115e-05
1.3960056e-05
0.00028934061
-0.00041835778
-9.5193671e-06
0.00033216943
0.00012140931
5.9422776e-05
-0.00013833339
0.00067302274
3.426767e-06
-0.00050199193
0.0006231486
-0.00013375532
-0.00033988654
1.4670385e-05
-0.00010612103
6.5752766e-05
-0.00063384025
-6.0099954e-05
0.0003055016
-0.00031446188
1.8544304e-05
0.00031718949
0.00015347637
3.3191936e-05
0.00056397976
3.6150953e-05
0.00013579208
0.00053107191
1.7802647e-05
0.00024452108
-8.1108122e-05
-0.00011969233
-9.949862e-05
-0.00015476312
-6.1800863e-06
-0.00014808968
-0.00030699487
2.0156187e-05
-0.00015665315
-0.00046838856
1.7282381e-05
6.231598e-05
-0.00031526627
0.00020030242
0.0001516914
-1.3235751e-05
0.00019688582
5.1443021e-05
0.00017182564
0.00020051452
-0.00010998893
-0.00010621982
-7.1513756e-06
-4.3924514e-05
-9.0478265e-05
-1.5648495e-05
6.8897446e-05
0.00017855752
8.2126143e-05
2.2401858e-05
6.3901269e-05
0.00016362213
9.9963604e-05
0.00027556552
-8.9627221e-06
0.00015532598
-1.8888624e-05
-8.7212706e-05
-0.00010341979
-0.00015312587
-0.00017211079
-0.00013828264
-0.0003778162
-8.2990717e-05
0.00010624893
-0.00026934058
7.8679404e-05
0.00037646217
8.2409241e-05
0.00014293544
0.00035869612
-4.5552864e-05
8.6205539e-05
6.5484664e-05
-0.00019380857
-3.2506298e-05
2.2751044e-05
-9.2793269e-05
9.1430935e-05
-0.00024867275
-9.7142135e-05
6.4498248e-05
-0.00012464157
3.0007117e-05
8.723988e-05
-2.8585991e-05
0.00061255114
2.1077476e-05
0.00012037793
0.00056158782
-0.00015633912
0.00029955598
-6.4691011e-05
-0.00020116799
-0.00014281324
-0.00011432509
-0.00014607376
-0.00032129768
-0.00018847171
-1.0104627e-05
-8.442583e-05
-0.00020522604
0.0001426459
0.00046431284
4.430282e-05
0.00028451546
0.00026121333
-3.2508558e-05
0.00012633655
0.00022404477
-8.759069e-05
-5.5192745e-05
7.5408022e-05
6.4453339e-05
6.6034362e-06
-0.00026973376
2.2765977e-05
4.8885109e-05
-0.00045654951
7.1743315e-06
0.0001435211
-0.00033841358
0.00010045956
0.0001574901
-4.0685803e-05
0.00013855821
0.00012472751
0.00012116892
0.00015484832
-0.00015509944
0.00022456593
-8.4697473e-05
-8.4035612e-05
-0.00018726719
-7.3832536e-05
0.00016055748
-0.00020119296
0.00014145199
0.00010710705
0.00013889492
7.9444985e-05
0.00023350642
0.00018761548
8.2856411e-06
5.5836076e-06
0.00032465848
-0.00010794847
-0.0001042673
-2.5880504e-06
-0.0001252076
-7.0933428e-05
-0.00041497672
-3.4929957e-05
-7.5371309e-05
-0.00040817414
8.0952442e-05
0.00019171291
-0.00023785082
5.3750305e-05
0.00020014877
-3.6790109e-05
-2.4104606e-05
6.5376998e-05
-2.3705538e-05
-3.0046081e-05
-0.00019589593
0.0003215529
-0.00011065501
-0.00029206514
0.00014898273
-2.1055448e-05
-0.0003258849
0.00016556382
-6.6143119e-05
-1.5406237e-05
0.00030895849
2.2118004e-05
0.00032435969
0.00028135391
-0.00012841342
0.00021421717
0.00017797901
-0.0001516566
-3.4877618e-06
0.00020675836
-0.00010503181
-0.000126622
-7.9007668e-05
-3.7581279e-05
-0.00015367273
-0.00031607131
0.00014689136
0.00021183637
6.6500211e-05
0.00024032221
-0.00010451064
0.0004519318
-0.00012630329
0.00052441315
-0.00012288312
0.00037824113
-0.00011928615
4.6104048e-05
-5.855338e-05
-0.00024125071
-9.4245969e-05
-0.00028386263
-0.00012149551
-0.00017722559
-0.00010164927
5.6684662e-05
-7.8234147e-05
-5.2248343e-05
-8.9486991e-05
-0.00018171538
4.0268434e-05
-2.0618711e-05
0.0001346512
0.00014294154
0.00015704228
0.00037715903
0.00015223887
0.00040244344
9.8291847e-05
0.00017682452
-9.7827233e-05
-0.0001145899
-0.00014609742
-0.00032081474
-0.00010642384
-0.000427112
-6.9685867e-05
-0.00053348067
-3.3200738e-05
-0.00035657714
4.8168061e-05
-0.00032139898
1.3535749e-05
-0.00024678253
2.3707772e-05
-1.5289619e-05
-7.9866439e-06
0.0002350694
-3.1647285e-05
0.00035890987
-2.7228195e-05
0.00047132722
2.1925602e-05
0.00029605927
6.2695824e-06
-9.9733402e-05
-5.2034213e-05
-5.9800687e-06
-0.00014794608
0.00012798715
8.782853e-05
-0.00017162281
2.9206625e-05
7.8363678e-05
0.00010501016
-0.00029988781
7.3810731e-05
3.7774768e-05
0.00013533401
-8.7709902e-05
-2.9165148e-05
0.00012052283
-7.5094127e-06
7.8308009e-05
-8.1260196e-05
-6.064875e-05
0.000196387
-0.00015896288
-2.3521709e-05
0.00019897314
7.7631704e-06
-3.5697523e-05
0.00011228461
0.00015982942
-3.3168221e-05
9.2702026e-07
0.00014625079
-4.6557686e-05
-4.71831e-05
5.418749e-05
-0.00011859253
8.6225202e-05
-0.00018919201
-3.3220253e-05
0.00019721706
-8.7864655e-05
-0.00010155069
9.7609556e-05
0.0001250426
-7.9357153e-05
1.6469227e-08
8.8814235e-05
4.8492905e-05
0.0001481803
-0.0001788638
5.7146725e-05
0.00023065523
-0.00010781371
8.5302311e-05
0.00012694031
0.00011503575
0.00013692029
1.3789953e-05
0.00012199255
0.00016384973
-0.00010521172
0.0001452826
0.00017177218
-1.6453658e-05
-0.0001777426
8.9289024e-05
0.00010405776
-0.00016092773
3.9556893e-05
3.8960867e-05
8.0584918e-05
-5.7878123e-05
-4.7774461e-05
0.00012455237
-0.00010585234
-0.00016111425
0.00016145077
-0.00015914376
-0.00022638073
0.00012804507
-0.00014105411
-2.0864664e-05
-0.00015760329
-6.2432475e-05
0.0001659535
-0.00015514157
-5.3442938e-05
0.0001160031
9.8510077e-05
-8.1831451e-05
0.00014587045
-0.00011119661
-0.00043701287
0.00063131095
3.9786371e-05
-0.00039413448
5.5217606e-05
5.5072552e-05
6.1411993e-05
-0.00071024285
4.9575798e-06
0.00010413681
0.00012950689
-4.6608286e-05
-1.9435823e-05
0.00031832781
-7.7010056e-05
0.00016633413
-0.00031373968
-1.1460408e-05
0.00038159216
-0.00048086761
5.1434409e-05
0.00046779685
-0.00012189953
8.758163e-05
0.00015716776
0.00059042489
0.00010552227
-0.00026806398
0.00076292509
-3.3114223e-05
-0.00032243633
0.00016439233
-0.00013081464
-9.3608169e-05
-0.00054918376
3.7182297e-06
4.5946532e-05
-0.0003347662
-0.00016603971
-7.6104175e-05
0.00021251528
-0.00014662289
-0.00016268097
0.00019496808
-3.220205e-05
0.00012076508
-0.00047544187
-3.3998321e-05
0.00032392758
-0.00033747856
7.7264696e-05
9.5888584e-05
0.00040218252
0.00012421368
-0.00016453241
0.00040073549
0.00026457971
-4.969884e-05
3.611244e-06
0.00022094681
0.00019044056
-0.00052474087
0.00012081892
0.00044552822
-0.00044149986
1.5965088e-05
0.00041650912
0.0002558119
-8.6785106e-05
8.1194396e-06
0.00067678841
-0.00014041961
-0.00038252011
0.00063677942
-0.00021844442
-0.00028559485
0.00011031237
-0.00018531359
5.1961698e-05
-0.00046301712
-9.2242667e-05
0.00034605677
-0.00042919746
-1.494877e-06
0.00040345379
0.00011880229
-4.449729e-05
0.00064003652
-5.4561319e-05
0.00013979944
0.0005660591
-5.6744945e-05
0.00018302946
-1.9982725e-05
-8.772201e-05
-0.00030203199
-0.00012264329
-0.00010871819
-0.00015100522
-5.6131411e-05
5.4767715e-05
0.00026586437
-0.00014684277
6.5583382e-05
0.00032280005
-0.00029839147
0.00012801853
2.5397631e-05
-0.00014647435
0.00015989499
2.7303875e-05
-0.00012080433
0.00019751308
5.5136492e-05
0.00046000544
9.5435464e-05
5.9607517e-05
0.00072618567
1.6619899e-05
0.00014385229
3.8504363e-05
0.00012376934
-0.00013194609
-0.0002394933
0.00012973005
-0.00030370138
-0.00010112957
-7.0844061e-05
-0.00011970053
-1.3975949e-05
-4.4722328e-05
0.00019010388
-0.00022340595
-6.3541164e-05
5.1163767e-05
-0.00025723658
-0.00016225588
-5.1351344e-05
-0.0001035837
-5.2700342e-05
0.00011307589
0.00031483311
6.5857621e-05
0.00025806323
0.00019462571
0.00014732798
0.0004274514
-0.00026196048
6.3677258e-05
0.00014206098
-0.00020305543
5.5135905e-05
-0.00011427288
-0.00013110295
1.0435182e-05
1.2186785e-05
0.00015724311
5.9348987e-05
4.8481136e-05
0.00068173318
-2.0161655e-05
0.00015316929
0.00057292467
-0.00019717254
0.00028049719
1.5807172e-05
-0.0002339907
9.15877e-07
-0.00015702179
-0.00017248776
-0.00015001112
-0.0003543043
6.5929216e-05
-5.8939752e-05
-3.8811244e-05
0.00020918808
0.00061029119
1.5108396e-05
0.00029543014
0.00028218175
-4.4061338e-05
0.00013440083
0.00019303022
-0.00013957432
-8.9340396e-05
0.00016591585
-3.6457777e-07
-4.9677893e-05
-3.4917876e-05
-3.8110057e-05
0.0001490927
-0.0003681659
2.9726876e-05
0.00019440647
-0.00028386982
4.0624152e-05
6.365282e-06
8.7615606e-05
9.2509455e-05
-0.00016669311
0.00019878924
8.3131562e-06
5.7710497e-06
0.00020050698
2.3368293e-06
0.00021878085
0.00039335143
4.5991909e-05
0.00019042132
9.1524719e-05
0.00011679117
0.00013274354
-0.00018874423
8.6373703e-05
6.1741631e-05
1.9205659e-05
-4.1047672e-05
8.7890794e-05
-9.4003651e-05
-5.4069927e-05
0.00012102415
-0.00040868502
2.6938123e-05
-4.5662208e-05
-0.00017671932
5.1239145e-05
-0.00027972542
7.9882131e-05
0.00013154982
-6.2858657e-05
0.00012250115
2.9215501e-05
0.0001783102
-0.00012480416
5.4156407e-05
0.00019990525
-0.0003049044
-8.6972259e-06
5.0192127e-05
-4.7763304e-05
-0.00011623402
-0.00017714545
0.00018029643
-0.00010511727
-0.00019099647
0.00016005286
-5.5101877e-05
7.0579769e-05
0.00043056514
1.1709785e-05
0.00035658851
0.00030020796
-0.00014170547
0.00019358636
0.00023465898
-0.00020750625
3.7079056e-05
-7.4838157e-06
-9.8062475e-05
-6.6488742e-05
-0.00034347216
5.5154385e-05
-0.00024011013
0.00010393123
0.00017777028
0.00037197657
6.4704714e-05
0.00024201969
-6.4348574e-05
0.00037988164
-7.1135022e-05
0.00048340918
-6.0494796e-05
0.00040213399
-7.2928832e-05
1.0734551e-05
-3.5319842e-05
-0.00031239177
-5.4989459e-05
-0.00030315635
-4.3115317e-05
-0.0001787051
-2.7311269e-05
-4.5089029e-05
-1.1343242e-05
0.00023309591
2.5679495e-05
0.00034423357
2.0655499e-05
0.00022520397
6.4936573e-05
0.00026504455
0.00013640736
0.00021244192
0.00011083786
-6.2492742e-05
-3.5458512e-05
-0.00017007398
-0.00016696531
-9.7838121e-05
-0.00013845114
-9.2270047e-06
-7.2533806e-05
-0.00015314828
-5.0568753e-05
-0.00043365889
-5.7594531e-05
-0.00043208508
-1.1690617e-06
-0.00030053997
6.2287056e-05
-0.00023560144
0.00011882209
7.1331323e-05
0.00011564572
0.0002967244
4.3167591e-05
0.00042704634
7.7108843e-05
0.00028212225
0.00015936588
-0.00018749148
0.00013241116
-0.00025838507
0.00012279062
0.00010761143
-7.4030403e-05
0.00012479756
3.5746521e-05
-0.00016614394
0.00017449011
-4.4808129e-06
-0.00017057284
8.9898715e-05
-1.212025e-05
-7.1822484e-05
-0.00011223992
-7.5743258e-05
3.443462e-05
-9.7567468e-05
-1.7224041e-05
0.00013187199
-0.0001742808
1.6072776e-05
0.00030494206
-0.00027057114
7.1451009e-05
0.00032043369
-6.7827449e-05
1.5781986e-05
0.00017304216
0.00013180063
-1.8441816e-05
-7.2955415e-06
0.00013253898
-1.037187e-06
-7.3959195e-05
4.0250193e-05
-9.4273485e-05
6.615175e-05
-0.00022346994
4.7904882e-05
0.00021867392
-0.00025582138
1.349434e-06
0.00030829742
-0.00016735072
0.00025288725
0.00010815991
0.00017759717
0.00013703261
0.00014423505
0.00012262952
6.6823661e-05
0.0001572734
6.1421185e-05
-3.6612755e-05
0.00014741336
0.00012304013
-0.00017341096
0.00019739603
0.0001162517
-0.00010765288
-0.0001082624
0.00013549579
0.0001015297
-0.00027833663
0.00010895406
0.00016608327
-0.0001180848
-5.2513786e-06
0.00010258153
6.2896283e-05
-0.00010639428
-4.2602389e-05
0.00013410285
-0.00014873978
-0.00014083362
0.00012739688
-0.00017049244
-2.4311523e-05
-8.0300242e-05
-9.8489799e-05
0.0001840257
-0.00022552152
-3.8323749e-05
0.00014595956
3.9751245e-05
-8.4043458e-05
0.00015999819
-0.00012643518
-0.0003637526
0.00064242827
-0.00011409173
-0.00056367553
0.00057505419
-0.00014556858
-0.00041211185
5.7499403e-05
-0.00011420679
-0.00013934538
-0.00035245883
-7.9155836e-05
8.0459696e-07
-0.00027880337
-3.5924131e-05
0.00016281866
-0.0004023932
5.4637929e-05
0.00041518225
-0.000606034
0.00013453367
0.00054447087
-0.00027467234
0.00016513791
0.00018458217
0.00055374594
4.346566e-05
-0.00029311309
0.00065751619
-8.0396174e-05
-0.00031465956
6.8167911e-05
-0.00013718589
-1.8077382e-05
-0.00053894017
2.2606285e-05
5.1094121e-05
-0.00057859883
8.756624e-05
0.00019121082
-0.00045409031
0.00020356864
6.3600039e-05
0.00029836374
8.2391963e-06
0.00041510973
8.3148232e-05
0.00015246897
0.00055035373
-6.2259013e-06
-0.0001855442
0.00055023245
0.0001997738
-0.00010798726
0.00012351281
0.00021727309
0.00010010333
-0.00039394042
0.00019840634
0.00033147955
-0.00060088783
0.00010714006
0.00049019486
-0.0003072564
-5.6328826e-05
0.0002118206
0.00041490447
-0.00021405356
-0.00020500715
0.00062608854
-0.00029360236
-0.0002086349
0.00019427618
-0.00024856515
3.8763053e-05
-0.00032552907
-9.4411783e-05
0.00035128385
-0.00056793224
2.8395051e-05
0.00042566548
-8.4907599e-05
5.7799271e-06
0.00054588586
-1.4783502e-05
2.3549601e-06
0.00065239351
-6.9065142e-05
0.00010646859
0.00047735724
-9.4138692e-05
0.00020059799
-5.5784635e-05
-8.9563554e-05
4.5562705e-05
-0.00012078726
-2.1868566e-05
0.00017132605
-0.00042664645
8.7663127e-05
0.00017744724
-0.00034274031
6.2244452e-05
-0.00011316552
-0.00013486581
-2.0660435e-05
-5.675762e-05
-0.00015800792
2.4440774e-05
0.00010353036
0.00047379146
1.5101964e-05
0.00021772693
0.00057548952
-1.5550002e-05
0.00034464914
5.1288433e-06
5.9886199e-05
8.6889643e-05
-9.8680301e-05
-5.277032e-05
-6.6743398e-05
-0.00035990535
-0.0001359045
-7.7501572e-05
-0.00048805446
4.654124e-05
-0.00012398393
-1.2801847e-05
-9.4673596e-05
5.5304821e-05
-3.7658775e-05
0.00020023679
0.00049248258
-2.1203188e-05
0.0002955565
0.00047698911
0.0001252516
0.00037813577
5.2247014e-06
9.9386101e-05
0.00029699292
-0.00026877481
1.1113129e-05
1.2180886e-05
-0.00030352187
-2.1187586e-06
7.8088159e-07
-0.00028191885
4.5411432e-05
6.2908713e-05
0.00032023112
1.2383855e-05
0.00011224014
0.00051341195
-0.00013382739
0.00023991254
1.9271187e-05
-0.0001866581
0.00012068547
-0.00032409483
-5.4694932e-05
-8.7226624e-05
-0.00038553014
9.1439222e-05
-6.4534884e-05
-0.00010857752
0.00021016627
0.00047170232
2.4757057e-05
0.00023810068
0.00041077037
-4.0538876e-05
0.00041328946
0.00022916069
-6.6566548e-05
0.00022247599
0.00024102266
-0.00010635839
4.8341381e-05
0.00011870051
-0.00010346322
4.5204723e-05
-0.00041323778
1.9454863e-05
5.4808226e-05
-0.00032698284
1.5263188e-05
-5.8083532e-05
0.00011909878
-4.8563366e-05
-0.00016147957
8.6142241e-05
-0.00013244096
9.7240251e-05
0.0002422761
-2.486762e-05
0.00039478784
0.00027259375
5.1340097e-05
0.00030942903
0.0002426196
-3.5340766e-05
0.00019218191
0.00010450337
4.3715515e-07
0.00020916553
-0.00035200257
-6.5934067e-05
0.00023587034
-0.00056882919
0.00021027092
-7.1446382e-05
-0.00017275685
0.00033959332
-0.00037728196
0.00029841617
1.0885542e-05
0.00011035377
2.3176806e-05
0.00031223151
9.0142011e-05
0.00013965754
0.00029422346
-4.7016073e-05
6.1551594e-05
0.00021071168
-0.00030229033
7.9327333e-07
0.0001055883
-0.0003094132
5.8974261e-06
-5.7777081e-06
-0.00020514117
-2.051357e-05
0.00010685891
0.00016935655
4.9947709e-05
0.0003070224
0.00024784117
-7.6298183e-05
0.00021003363
0.00010397034
-0.00019521664
7.6224898e-05
-0.00030640576
1.8057191e-05
-5.3074408e-05
-0.00033018752
0.00012911108
-0.00022600428
0.00012306051
0.00011906214
0.00024656421
6.383855e-05
0.0003024135
4.4008301e-05
0.00041217807
4.8261093e-05
0.00053875264
5.3953291e-05
0.0005160538
6.8470527e-05
2.7365991e-05
4.0130193e-05
-0.00032209544
-3.2510863e-05
-0.00020637125
-3.9740716e-05
-0.00010041741
-4.7122862e-05
8.9186359e-05
4.1329089e-05
0.00028531223
0.00010214737
0.00046029055
8.8296785e-05
0.00052588489
0.0001038456
0.00025063424
5.9655431e-05
-0.00020735708
-0.00031426198
-0.00014163396
1.833106e-05
0.00017169024
-0.00011553921
0.00023374105
-2.2477557e-05
0.00022535949
-9.6229046e-05
6.2005503e-05
-0.00014010542
-0.00011438947
-7.0731191e-05
-0.0001862893
-1.4419267e-05
4.8659967e-05
5.0052996e-05
0.00029840893
4.1259789e-05
0.00038165451
9.7833598e-05
4.3207644e-05
0.00019140699
-0.00033733376
0.00018276505
-0.00024419085
0.00015270822
0.00010998479
-0.00011338932
0.00014138894
7.1061577e-06
-0.00017076799
0.00010610475
-5.3826962e-05
-0.00013577905
-1.8684751e-05
-2.9384579e-05
-3.1533617e-05
-0.0002161866
3.5340904e-05
0.00011531438
-0.00023834678
7.3607424e-05
0.00022426134
-0.0002319632
0.00013816934
0.00022682205
-9.5584076e-05
0.00016294697
0.00010439973
7.2363632e-05
6.3917665e-05
-9.7559279e-05
0.00014432397
3.7017868e-05
-0.00019076912
7.6450301e-05
1.583168e-05
3.2152433e-05
-0.00034278785
2.174758e-05
0.00014368791
-0.0001735405
0.00010885232
6.4808814e-05
8.0274072e-05
-2.6583308e-05
0.00015676462
-6.4897305e-05
-5.0328475e-05
0.00014852393
4.6520694e-07
-0.0001752293
0.00021077194
3.4436757e-05
-0.00026761024
0.00015524303
7.7815233e-05
-0.0001612468
-0.00012635243
0.00013077639
4.3652092e-05
-0.00031740854
0.00010549372
0.00010040794
-0.00015865203
-6.9577207e-06
-2.1164436e-05
2.1828024e-05
-5.1316101e-05
-0.0001131042
1.7700805e-05
-9.7647519e-05
4.3180463e-06
-0.00026578496
4.7524114e-05
0.00019154942
-0.00028519692
5.5082684e-05
0.00020427143
-0.00014661837
4.544615e-05
7.5914433e-05
-2.4399434e-06
-0.00032438731
0.00059006357
-0.00023837905
-0.00046431877
0.0003878942
-0.00028742658
-0.0003346307
-6.9076186e-05
-0.00019350343
-4.5450161e-05
-0.00052100559
-6.3517378e-05
0.00019684493
-0.00052967409
1.3108095e-05
0.00043537018
-0.00053289318
0.00011704266
0.00058251155
-0.00027045654
0.00016226476
0.00023336183
0.00050556659
8.108468e-05
-0.00026704322
0.00065546769
3.2726982e-05
-0.00029750733
1.4761536e-05
1.1756702e-05
-3.4844101e-05
-0.00072613247
-1.6504492e-05
0.00013284773
-0.00044794058
0.00012931453
7.7330808e-05
0.00020789197
6.8633555e-06
0.00033286774
-0.00018919237
-0.00018602383
0.0005712734
-3.0088474e-05
-0.00026111765
0.00035337213
0.00014976673
-0.00017720049
4.866377e-05
0.00022106843
9.5531655e-06
-0.00041007745
0.00020411141
0.00014621467
-0.00064424728
0.0001338484
0.00021898223
-0.00036338908
-8.2084084e-05
-6.5110116e-05
0.00024587193
-0.00023355393
-0.00014760747
5.0339307e-05
-0.00019870629
0.00011291008
-0.00062372399
3.0097019e-06
0.00030759335
-0.00057427703
0.00012279189
0.00044359899
-0.0004113302
0.00013448613
0.00038927786
0.00011545207
6.3017967e-05
0.00054725175
-8.9271287e-05
0.00018541329
0.00024968284
-7.832265e-05
0.00022033833
-0.00010933213
-8.4232652e-05
8.8817631e-05
-0.00030019824
-0.00011115522
0.00016772083
-0.00047327994
-4.763422e-05
7.1003407e-05
-0.00029935627
-7.4575025e-05
1.5098286e-05
-0.00012233871
-0.00011287314
0.00010440465
0.00044047085
2.3015693e-07
0.00023418537
0.00054711035
-6.3214178e-06
0.00038169939
-5.2860188e-05
-9.5442297e-05
-9.55202e-05
-0.00011258241
-7.6444269e-05
-0.00031543859
-0.00026842703
-1.2365478e-05
-0.00041991187
4.5899594e-05
0.00011345315
0.00014738073
5.0830676e-05
0.00022903395
0.00051097088
6.9973329e-05
0.00038501132
0.00025969781
3.708305e-05
0.0004807311
-3.1451263e-05
-4.4916238e-06
0.00024600037
-0.00010439101
-7.307448e-05
-7.5969051e-05
-0.00021503266
-6.1833787e-05
-0.00026053331
-0.00013049639
-3.5944585e-05
2.8662136e-05
-7.8116464e-05
-9.9034454e-05
0.00031189173
-0.00033715304
-8.2395346e-05
0.00019388068
-0.0005408653
-1.9542569e-05
3.2488571e-05
-0.00045592381
0.00013447811
-6.1357415e-05
-0.00014756396
4.0246028e-05
0.0002837642
6.891331e-05
0.00024864479
0.00029711263
-3.9044543e-05
0.00033846292
0.00013074939
-3.7451228e-05
0.00016235502
0.00011624147
-0.00015582408
7.5889431e-05
-0.00021327251
-0.00010392336
0.00011884667
-0.00046908157
-2.7700742e-05
5.4150332e-05
-0.00018136252
-3.8034213e-05
-0.0001212953
0.00014812214
-0.00014357858
7.3108952e-06
0.00023027827
-5.0854569e-05
0.00030380263
0.00020921963
1.6531369e-05
0.00025137503
9.9027468e-05
-4.8119953e-05
0.00010979873
8.3218545e-05
-8.9565425e-05
4.6176399e-05
-0.00023221823
2.785068e-05
-0.00046532574
2.56562e-05
7.8483207e-05
-0.00011624047
0.00020831481
0.00030791699
0.00025203296
0.00016916168
0.00043835062
9.8686249e-05
9.2129523e-05
0.00031180869
8.9389557e-05
6.4943699e-06
0.00022073052
1.3719853e-05
-2.1135284e-05
0.00017316077
-0.0001528441
-3.5132406e-05
0.00012030232
-9.8357405e-05
7.066716e-05
0.00024769688
-0.00022750404
-5.4305182e-05
0.00018221574
-0.00034156688
-0.00012532166
7.724616e-05
-0.00051995702
0.00010211851
-7.0083124e-06
-0.00044252624
0.000199968
-0.00016880278
-3.014077e-05
0.00016343343
0.00013265975
4.6140227e-05
0.00028053837
6.0582568e-05
0.00042235935
3.7189505e-05
0.00055829582
3.4258284e-05
0.00037030339
4.3190452e-05
-0.00011233986
5.3691879e-05
-0.00033817866
1.1965423e-05
-0.00020770584
-2.2091386e-05
-3.0243285e-05
5.6928584e-06
0.00015506455
6.5240888e-05
0.00032979005
2.6449335e-05
0.00049732551
3.9798762e-06
0.0003888585
-1.9905621e-05
-1.6811809e-05
-6.4515542e-05
-0.00016726413
0.00010872628
5.6313579e-05
0.00015187267
-4.0689181e-05
0.00020896201
-0.00010780522
0.00030435979
-0.00015240913
0.00032120325
-0.00018410684
0.0004130823
-0.00014018347
0.00037730592
-0.00015046788
0.00021732975
-8.3757113e-05
-0.00013073405
1.9513777e-05
-0.00039676846
6.2732278e-06
-0.0002726828
-1.5181939e-06
-3.003825e-05
-0.00017983543
0.00011859677
6.7761531e-05
-0.00015005849
-7.2450975e-05
-1.2471397e-05
-2.7821634e-05
-0.00020802321
5.4878032e-05
0.00011172401
-0.00025989737
0.00015455342
0.00021195726
-0.00021649874
0.0001886374
0.00016341603
-1.3571444e-05
0.00020054639
5.0125258e-05
0.00013805913
0.00013805419
-6.2478854e-06
0.00013274145
-1.4991218e-05
-0.00010305389
0.00015021369
-1.7779052e-05
-0.0001413061
0.00010047107
-4.5831028e-05
9.6617938e-05
-0.00024660662
2.7648211e-05
8.7506434e-05
0.00010020882
1.8596439e-05
0.0001412232
2.616042e-05
-5.3012535e-05
0.00014244373
-0.00015064917
-0.0001125337
0.00014543597
-8.2830175e-05
-0.00018881552
0.00016013619
-4.6466853e-05
-0.0002521728
0.00017692588
-3.2785938e-05
-0.0002896083
0.00014583958
2.5561421e-05
-0.00029897437
2.711494e-05
9.0445964e-05
-0.00018110449
-0.00024493504
0.00011871632
-7.6427314e-05
-0.00024433752
8.7314418e-05
2.1680259e-05
-0.0002974858
9.7560987e-05
3.7454667e-05
-0.00014561791
0.00017649646
0.00016689884
-0.00016735676
8.8387575e-05
0.00016969279
-4.8599331e-05
8.7518801e-05
0.00011626035
4.71129e-05
-0.00029244149
0.00037997061
-0.00020731141
-0.00021573822
-0.00023186762
-0.00020471319
-5.3959557e-05
-0.00050167967
-6.1625631e-05
0.00012917529
-0.00059719987
9.0650277e-05
0.00035936206
-0.00055779736
0.00012421996
0.00047652721
-0.00015289148
0.00013919755
0.00030713078
0.00049113822
-2.1417903e-05
-2.7483585e-05
0.00063091511
-8.2474605e-05
-0.00030231985
0.00053619485
-7.8417913e-05
-0.00022917951
1.7551142e-05
2.1536292e-05
0.00014211953
-0.00064677613
1.2365983e-05
0.00021573857
9.9272989e-05
5.6631319e-05
0.0005106676
5.4186144e-05
0.00015222849
2.8557033e-05
-0.00022753416
-1.969507e-05
0.0003988536
-0.00011158254
-0.00021315458
0.00045986618
4.3496255e-05
-0.00028318739
0.00039554648
7.2480641e-05
-0.00030006586
0.0002702062
9.6623246e-05
-0.00024652207
-7.4107322e-05
0.00018152686
-8.4897482e-05
-0.0006053876
0.00011674388
-2.2351982e-05
-0.00055830865
1.7871705e-05
5.199045e-05
-0.00063023306
5.969853e-05
0.00016192874
-0.00039419332
0.00014164683
0.00038678166
-0.0004035247
0.00013410692
0.00047694515
-0.00019167448
0.00018739779
0.00055089462
0.00015776296
0.00022984881
0.00015071112
-8.9860605e-05
0.00013446751
-9.2833863e-05
-0.00012197512
-5.3293423e-05
-0.00022995576
-0.00016819563
-3.5993613e-05
-0.00052820861
-0.00019744629
-6.472896e-05
-0.00039487071
-0.00018182553
-4.3178394e-05
-0.00015520449
-9.3812586e-05
-6.7613891e-06
0.00038868598
-4.683789e-05
-6.5963334e-05
0.00055466212
0.0001356851
0.00014583821
0.00028483644
3.3235453e-05
0.00027744409
-0.00010430989
-0.00010518714
-0.0002062293
-0.00011686263
-0.00012268438
-0.00018928181
-9.8475419e-05
0.00016843544
0.00011417823
0.00025310715
-4.7683688e-05
-8.6460425e-05
0.00021353183
-2.1457385e-06
0.00032745772
9.5831271e-05
4.8950536e-05
0.00039989288
4.5960067e-05
0.00014843903
0.00030659169
-1.5025342e-05
0.00026807165
0.00015874797
-8.1248888e-05
0.00027723349
-8.0683431e-05
-6.441954e-05
2.3835438e-05
-0.00014711217
-0.00024082198
-3.2975261e-05
-0.00044253477
-0.00015799765
-4.9545496e-05
-0.00055432786
-0.00014173031
4.43119e-05
-0.00043686502
-7.0728264e-05
-6.9224186e-05
-0.00026022818
0.00010471769
-6.3154017e-05
-0.00010764993
-4.9848676e-05
0.00046304446
9.3609462e-05
0.0002651459
-0.00015649809
3.0187569e-06
0.00011627624
4.4402971e-05
-2.5818396e-05
3.7874735e-07
-0.00016949507
-0.00010038728
-1.7842878e-05
-0.00051614068
-9.7769659e-05
-0.00010635461
-0.00028089405
-5.3165665e-05
-0.00025158427
6.5453075e-05
-0.0001134621
-0.00020532463
0.00017522083
2.3626941e-05
-2.653232e-05
0.00018781815
0.00013719709
0.00026117353
-0.00013170597
0.00014536793
0.00025863308
-7.5769462e-05
-7.4119929e-05
-3.7906735e-05
0.00016660367
-7.6491919e-05
-0.00021098389
-8.0884589e-05
0.000183337
-0.00028390127
0.00021275181
-0.00019405409
7.4449579e-05
0.00024145891
-2.7646924e-05
0.0001604809
0.00016973135
0.00011474864
0.00026397891
8.5647927e-05
0.00026599679
0.00018184772
-2.0009811e-05
0.00035763988
0.0001143094
-6.8339825e-05
0.0001306622
0.0001498692
-3.870738e-05
2.3261051e-05
2.3008722e-05
7.9474009e-06
5.9429205e-05
-0.00043816294
-9.484517e-05
-1.3486347e-05
-0.00051844519
-8.8288787e-05
2.3964259e-05
-0.00041678493
4.4587821e-05
-4.633052e-05
-0.00012722989
0.0001372645
-0.00025447406
0.00014169306
0.000122234
0.00021367316
4.1037477e-05
5.6451341e-05
-0.00015236686
0.00025387901
-0.00011583519
0.00023841433
-0.00011977211
-0.00012261562
-0.00011192027
-0.00034837857
-1.4392072e-06
-0.00029297663
2.2016558e-05
-0.00013640536
-3.441816e-06
3.1394515e-05
2.5711132e-05
-3.4509047e-05
-5.6151493e-07
2.966393e-05
-0.0001134931
0.00028354622
-8.3298736e-05
0.00026713869
-8.4382682e-05
-3.3574394e-05
-9.346811e-05
6.5356299e-07
-3.4675467e-05
0.00015800184
9.6851595e-05
9.1762663e-05
0.00017842097
-7.5268904e-06
0.00025804862
-0.00011772739
0.0003759841
-0.00015217314
0.00044132308
-0.00018251373
0.00013270823
-0.00028001598
-0.00029223667
-0.0001772574
-0.00053514335
-0.00015436447
-0.00052119753
-0.00013490247
-0.00028527575
-9.5746897e-05
-0.00010164084
-4.3698394e-05
9.982356e-05
1.3846602e-05
8.4676775e-05
-0.00014432022
5.0107749e-06
0.00014942731
-5.0654177e-05
4.4626161e-05
0.00011538627
8.896058e-05
0.00010452626
3.8370873e-05
0.00013440392
0.00013605484
-4.8112385e-05
0.00017122992
0.0001192872
-7.2374695e-05
0.00015452241
1.0193261e-05
-2.6597051e-06
1.1061844e-06
-8.4174207e-05
-5.9351055e-05
0.00012438406
-8.3117544e-05
-0.00015188774
0.00016658651
-0.00011883204
-0.00021399908
0.00016927527
-7.7953424e-05
-0.00026541096
0.00016406078
-9.2081783e-05
-0.00030105241
0.00011084
-4.6948924e-05
-0.00019042991
-0.00013071246
1.9725694e-05
2.2618227e-05
-0.00022858999
1.4251972e-05
0.00020255398
-0.0001914469
1.1249908e-05
0.00016381495
0.00011601709
-7.5320546e-05
2.5579049e-05
8.2286562e-05
-9.0665682e-05
9.685332e-05
-0.00014694776
-7.7001942e-06
4.1580878e-05
8.5480134e-05
-7.4151902e-05
-4.2889634e-05
0.00015847886
-0.00010572796
-6.8988956e-05
0.00016258051
-0.00010961362
-0.00013179471
0.00018694459
-3.1271424e-05
-0.00018844838
0.00013859198
4.1031304e-05
-0.00014917783
-1.0909666e-05
6.2871606e-05
-0.00018913366
4.6383723e-05
9.5541742e-05
-0.00022059703
0.00012295046
8.9324944e-05
5.5391858e-05
-0.00023979501
4.695311e-05
9.6464766e-05
5.7592823e-06
3.6589446e-05
0.00012892059
1.0097072e-05
-0.00014902309
0.00018605621
-0.00014452098
-2.6852901e-05
-0.00043411693
-3.7086674e-05
6.8551693e-05
-0.00027161055
6.3926151e-05
0.00017406401
-9.5719717e-05
0.00016981826
0.00026079193
-2.4753474e-05
0.00019664943
6.4558563e-05
0.00040051807
0.00010614276
6.0595692e-06
0.00025787541
-6.6271902e-05
0.00018939092
-0.00020069891
-6.4000861e-05
7.6941167e-05
0.00022410658
-6.5690678e-05
-0.00030089476
0.00056796679
-2.0080648e-06
-0.00047940578
0.00037131231
-1.1160026e-05
-0.00039602453
0.00015828884
-2.0977986e-05
-0.00032201396
8.7073917e-05
3.9416545e-06
-0.00019326869
-0.00039947156
0.00014001383
-5.0410076e-05
-0.0005562008
0.0001847522
0.00010065121
-0.00050091869
0.00015841051
0.00017478419
7.7581995e-05
-3.5697883e-05
0.00011128767
-3.2031431e-05
-4.9719649e-05
0.00027416411
-0.00050117149
7.9764753e-05
0.00032274319
9.2345157e-05
-1.1947844e-05
5.2672181e-05
0.00065428302
-0.00015325251
-0.0001780273
0.0006726151
-0.00018271187
-0.00031583415
0.00054768855
-4.1410262e-05
-0.00022910493
-3.7469077e-07
0.00016898133
-0.00013826137
-0.0002368428
0.00015296128
-0.00012825096
-6.9891979e-05
0.00016596382
2.5531064e-05
-4.3362367e-05
0.00015417764
0.00046238237
-0.0006127071
7.0167717e-05
0.00051307273
4.2071332e-05
0.00010039538
0.00071496587
8.479042e-05
9.93771e-05
6.1282413e-06
-9.3097369e-06
-0.00022574108
-9.8421252e-05
-0.00013255261
-0.00038987848
-0.00015192832
-0.00012374046
-0.00025416355
-0.00034392235
-8.4958582e-05
-1.6556603e-05
-0.0004171724
-2.7013544e-05
0.0001448293
6.1804407e-05
8.3515182e-05
5.1520062e-05
0.00018161299
0.00012273377
-0.00018295637
-5.6907769e-05
0.0002263704
-0.00015732921
0.00011888014
0.00011283474
-0.00019130197
0.00047090091
2.5851495e-05
-0.00017185608
0.00023903851
-9.856479e-06
-9.4517171e-05
9.2703884e-06
0.00024011498
1.437984e-05
-2.8918611e-05
0.00026020267
-4.3399631e-05
-0.00029631905
-4.5373043e-05
-8.441418e-05
-0.00050403367
-1.1152574e-05
-0.00010645926
-0.00037834417
-0.00010052943
3.671315e-05
-9.1617734e-05
2.6027319e-05
0.00012840234
-0.00010026508
0.0001900763
-0.00021405365
-8.7574681e-05
2.4690457e-05
-8.212081e-05
8.239721e-06
-1.8673398e-06
7.3946318e-05
0.00058461767
-0.00010142713
-2.5407918e-05
0.00064306993
4.7650506e-05
1.2470131e-05
0.00043958033
5.8106211e-06
-1.6055643e-05
-7.5031995e-05
-0.00013763891
-0.00013304299
-0.00016160729
-0.00011624583
0.00011054552
-0.00042074108
-3.4469715e-05
0.00023709621
-0.00018815826
-5.248306e-05
-0.00015050739
-0.00013747887
1.709307e-05
-8.6060533e-05
-4.0260557e-05
-3.1963634e-05
0.00067168962
5.0825183e-05
8.811456e-05
-4.8647133e-05
-3.0320431e-05
-0.00016864606
0.00022366686
-9.1145897e-05
-0.00028378279
9.3783472e-06
-0.00014655721
-0.00023719262
-0.0003432713
-0.00014501086
-0.00021817149
-0.00042087923
-6.8479967e-05
1.7702738e-07
-0.0002586062
-1.1400008e-05
4.0244927e-05
9.0303684e-05
7.4868351e-05
-0.00018955373
0.00018280872
0.00012727927
-0.0001734344
0.00012038251
0.00012774623
6.3076276e-06
0.00023950372
-2.2464762e-05
3.6201637e-05
0.00016672517
-3.4072588e-05
-0.00010261355
0.00017276072
0.00015866186
-0.00010531588
9.4249157e-05
9.2286376e-05
-4.6864372e-05
-0.0002608181
-9.395245e-05
4.8991916e-05
-0.00049801621
-0.00010187375
0.00016350727
-0.00039216624
-0.00010069328
7.4249969e-05
7.8214499e-05
-8.0574927e-05
-0.00030977026
0.00044767068
7.7543368e-05
-0.00036768135
2.8483102e-05
0.00011158466
-0.00029709251
1.950617e-05
3.7926396e-06
-2.4535634e-05
0.00028583206
6.2189091e-06
0.00012773064
0.00036096156
6.1502247e-05
0.00029234425
0.00015427273
8.1986584e-05
0.00015417769
0.00013775901
-6.6677057e-05
6.9499211e-05
-7.6076594e-05
-9.569739e-05
0.00012935321
-0.0004630824
-0.00010580147
0.00012524758
-5.4711583e-05
-8.4753219e-05
-9.0926012e-05
0.00019876171
1.7197524e-05
-0.00031517818
0.00026694469
3.9280931e-05
0.00035897857
3.8570359e-05
-1.7951112e-05
-0.00018306288
0.00018238211
-9.2501548e-05
0.00021727564
-0.0001452873
-7.788435e-05
-0.00016003158
-0.00040682291
-9.3379873e-05
-0.00055728426
-8.6128285e-05
-0.00043579782
-3.4624567e-05
-0.00023307039
5.7924193e-06
-0.00011611362
2.8642227e-06
7.624697e-05
-6.634997e-05
0.00020346794
-4.379454e-05
0.0002897695
2.0764756e-06
0.00036150198
-1.1057714e-05
0.00014461142
-4.3927539e-05
-0.00020358146
-0.00014982333
-0.00043762053
-0.00015812718
-0.00029309232
-6.6313699e-05
3.1159449e-05
0.00012407248
-2.5156629e-05
0.00024280102
-0.00015157342
0.00023768561
-2.224284e-05
0.00014897458
0.00018452036
3.6470957e-05
0.00022707571
-4.0455764e-05
0.00028865219
-0.00010633121
0.00012799376
-0.00019543415
-0.00036414756
-0.00014819849
-0.00050405035
-6.9173248e-05
-0.00042295463
-1.7236486e-05
-0.00025868042
6.9235993e-06
-1.3426854e-06
0.00011771556
-1.1331355e-05
-9.1423687e-05
4.6587256e-05
0.00014075918
-6.2686156e-05
-1.6702379e-05
0.00016233242
-5.2881556e-05
-9.1406563e-05
0.00015633802
2.4427834e-05
-0.00018268024
0.0001650086
6.3755437e-05
-0.00027054854
0.00015485102
5.3715841e-05
-0.00017354524
-6.6423784e-05
-2.0071842e-05
0.00013510968
-0.00039446437
-2.3361769e-06
0.00012886156
-0.00012433801
4.5772468e-05
-0.0001011435
8.6960132e-05
2.228462e-05
-0.00026445629
0.00010441874
-2.0261395e-05
-0.00022422485
-7.9885753e-05
-5.3899562e-05
-7.3324092e-05
-0.0001777129
-2.3608727e-05
-0.00011735157
8.3240133e-05
-2.2483737e-05
-0.00020524271
6.632908e-05
3.2484074e-05
-0.00020913708
6.4643023e-06
5.706941e-06
-4.2387467e-06
-0.00029378138
8.6072052e-06
0.00021753656
-0.00028859654
-2.5973078e-05
0.00020517932
6.9382608e-05
-6.3197952e-05
0.00010456305
0.00013904879
-0.00011013201
2.4685538e-05
0.00012157698
-0.00014476798
-3.3835235e-05
9.883439e-05
-0.00014713608
-7.2673252e-05
0.00010780645
-9.9615813e-05
-0.00013989363
0.00016226514
-5.3363704e-05
-0.0001876022
0.00015207736
-4.059248e-05
-0.00023857212
0.00015528875
-8.4371023e-06
-0.00027057523
0.00018003179
-5.422464e-05
6.1659981e-05
-0.00028349609
-7.7846993e-06
0.00010594966
-8.330251e-06
-3.9071801e-06
0.00010022411
1.0689797e-05
0.00020018363
-0.00016793822
-0.00018809774
0.00015848023
0.00028395776
-0.00013858186
4.8120391e-05
0.0004173509
-8.0732492e-05
-3.5955266e-05
0.00037849284
3.1739091e-05
-0.00018421728
0.00043499134
7.4928715e-05
-0.0002354174
0.00028171928
3.0474628e-05
-7.8769952e-05
-0.00025540045
-3.3942681e-05
0.00023435374
-0.00074945714
-2.213178e-05
0.00035858465
-0.00034952228
3.5262691e-05
-7.378374e-05
0.00050714858
1.0171871e-05
-0.00041672876
0.00048338988
-4.7186146e-05
-0.00019410278
-0.00031617206
-7.3176617e-06
0.00011961107
-0.00044978933
-3.769577e-05
-2.8192755e-05
0.00037528913
-4.2313349e-06
-0.00040545735
0.00053972341
8.8622462e-05
-0.00038619456
1.2523457e-06
0.00014435967
-0.00013703327
-0.00064394705
6.5306499e-05
0.00016416748
-0.00062495013
-1.4566822e-05
0.00032488012
5.1521133e-05
-6.3086409e-05
0.00015162963
0.00038141888
-8.1067445e-05
6.795303e-06
0.00030635007
-0.00019319128
9.6380641e-05
3.1399616e-06
-0.00017660279
0.0001191072
0.00014315697
-9.9487345e-05
-0.00017445065
0.0005774936
4.7310713e-05
-0.00034546705
0.00040807286
6.7982166e-05
-0.00033970093
0.00027222903
4.3257424e-05
-5.2532036e-05
5.0281218e-05
-3.240679e-06
0.00046735423
-0.00068759625
-4.5618387e-05
0.00050407982
0.00014320065
-8.7861108e-05
0.00076620062
-7.7106267e-05
-0.00010869332
-0.00013706782
6.8513183e-05
-4.8739551e-05
0.00012154893
-3.0097551e-05
-1.7303184e-05
0.00029807845
-3.5904378e-05
3.3308898e-05
0.00020408451
3.8837673e-05
0.00015698515
0.00018311097
0.00010119058
0.00033496316
0.00014612057
4.1135874e-05
0.00022042029
-6.6690961e-05
4.8567152e-05
-0.00016095094
-0.00012795645
-1.3759062e-05
-0.00019814028
-8.8545384e-05
-0.00011095281
-9.4709848e-05
0.00039326398
3.6305663e-05
-3.9102826e-05
0.00039042823
2.7498153e-05
-0.00013601061
-0.00013020788
0.00015105857
-0.00028365567
-8.1543131e-05
3.9601534e-05
-0.00015777495
0.00017939201
2.4643351e-05
8.3840507e-05
0.00024996196
3.6993426e-05
0.0002258964
-0.00014555935
-9.5773621e-05
-0.00011518136
-0.00017827081
-9.8571148e-05
-0.00035480078
-0.00028548456
9.0230157e-05
-3.6323133e-05
-0.00031179617
6.9530118e-05
0.00020084856
9.1507204e-05
5.0872645e-05
0.00016560252
0.00021510481
2.506415e-05
6.9303863e-05
-6.9844048e-05
0.00021693317
3.281762e-05
5.3188664e-06
0.00018013496
-9.2492029e-05
0.00049647741
6.8686918e-05
-7.8234233e-05
0.00027585141
1.7178178e-06
0.00021757567
-0.0001038047
4.5754101e-05
0.00032351473
-0.00012367953
1.5538635e-05
-0.00016068029
-0.00013595412
-5.0354034e-05
-9.9730391e-05
6.4295891e-05
-1.4008761e-05
0.00074871006
-3.1414638e-05
-0.00030835186
0.00023579503
-9.4831423e-05
-0.00038871361
0.00022318275
-0.00011241797
-0.00028677816
0.00015205168
-0.00010246588
-8.7150037e-05
-0.00010346553
-3.7088948e-05
0.00014920792
-0.00014934061
2.761367e-05
0.00018888608
4.9025921e-05
4.6016488e-05
-1.2474348e-05
0.00022837378
-1.883596e-05
-0.00017698269
0.00016614642
-2.3152579e-06
-0.00017621301
6.5197346e-05
-2.6766171e-05
-6.9981725e-06
0.00018137809
2.0206294e-05
6.9026096e-05
0.00021348912
6.6842246e-05
-0.00011669617
0.00012831153
8.586471e-05
-0.00023978298
0.00018384752
-5.0017461e-05
-5.7543465e-05
-6.090727e-05
-3.589268e-05
0.00025930694
-0.00017678618
8.0239864e-06
0.00017226069
-6.0787026e-05
-9.8419355e-05
-3.1965204e-06
-6.7644577e-05
-1.5743945e-05
-0.00011277982
-0.00021796018
0.0001196023
-3.6721105e-05
-0.00040523852
0.00012896828
0.00026289061
-0.00025107959
4.676771e-05
0.00039570912
7.0883834e-05
1.7621361e-05
8.8746515e-05
0.00028027218
1.8348616e-05
-0.00024717948
0.00032679401
9.6437417e-05
-7.9830545e-05
0.00024567766
1.6773742e-05
9.1035385e-05
4.9956427e-05
-4.0668342e-05
0.00022339389
-0.00032709228
-1.4872389e-05
9.6557753e-05
-1.6724804e-05
-6.4871804e-05
-0.00019378885
0.00020537952
-3.3789498e-05
-0.00031002566
0.00023393381
-1.4120166e-05
0.00044112251
3.6132264e-05
8.0922989e-08
5.2651223e-05
2.0192728e-05
0.00011056939
-4.6064772e-06
3.1563586e-05
-0.00021609004
-5.2013549e-05
-0.00039879848
-6.0012039e-05
-0.00039755042
-3.8350425e-05
-0.00023884768
3.5046473e-05
-0.00010895503
4.2046201e-05
-8.375998e-05
4.2866522e-05
1.2087635e-05
1.9180507e-05
0.00012602567
5.5756553e-05
0.00017636412
8.0049556e-05
0.00029113398
5.8019943e-05
0.00020235107
-1.6051896e-05
7.4591017e-05
-0.00019884945
9.4208322e-05
-0.0002385315
0.00016863773
-0.00020838768
0.00012097824
-4.622821e-05
-0.00010962157
6.8162311e-05
-0.00027966833
0.00015665279
-0.0002617108
0.00020190087
-0.00013892363
0.00019395596
2.6165283e-06
0.00014479807
0.00013403553
7.927441e-06
4.8877271e-05
-6.0319461e-05
-0.0003489403
-7.7473196e-05
-0.00048950937
5.4671022e-05
-0.00043258907
0.00013122274
-0.00031139491
0.00011966325
0.00012838491
0.00013294719
-0.0001017878
-0.00012111751
0.00010773603
0.00010330439
-0.00013819877
4.0136055e-05
0.00013722383
-0.00011998379
-3.7471655e-05
0.00015556522
-5.157263e-05
-0.00013623487
0.00017246518
-8.5176448e-06
-0.00025436731
0.00016924924
7.0930133e-06
-8.8010011e-05
-0.00025136971
6.5633133e-05
0.00016316173
-0.00035647026
9.9361993e-05
8.6690257e-05
1.7569399e-05
0.00010452921
-0.00012386291
0.00013289719
9.8678064e-05
-0.0002344584
6.7299688e-05
2.2755738e-05
-0.00010168876
-0.00016246468
-2.5995432e-05
6.7591479e-05
-0.00014781422
-4.7028051e-05
5.8934672e-05
9.2102061e-05
-0.00010634327
1.9602939e-05
0.00011061226
-4.0331556e-05
-3.5557711e-05
0.00013883379
-7.8428134e-05
-8.8195252e-05
0.00010709672
-4.6374992e-05
-0.00014383755
0.00011402179
-8.3370283e-05
-0.00016645252
5.7992694e-05
-9.7297073e-05
-6.7034821e-05
-0.00014808692
-6.1956188e-05
6.4583121e-05
-0.00015212117
-0.00012353521
0.00023787474
-0.00024336208
-7.8375258e-05
0.00021162071
8.1301862e-06
-8.0552484e-05
6.3878577e-05
0.00015877017
-6.3441685e-05
-6.833001e-05
0.00014535702
-5.4419996e-05
-0.00020877128
0.00018071411
-4.7817619e-05
-0.00022835299
7.2145125e-05
-0.00010398163
5.1681382e-05
-0.00024998789
-4.2130679e-05
9.6811897e-05
-1.2387876e-07
-5.2505147e-05
0.00013726934
-3.366466e-05
0.00023795907
-0.00035750231
-0.00017034231
0.00030299437
0.00011950018
-0.00021981296
0.00014741608
0.00040121245
-0.00018914282
-0.00013560663
0.00057709923
-0.00010677221
-0.00033342391
0.00050841223
-6.3201051e-05
-0.00016374998
3.9567026e-05
-9.517085e-06
0.00010022329
-0.00062744118
7.8155522e-05
0.0003970804
-0.00074088562
6.5426477e-05
0.00042864266
1.2298463e-05
8.9713625e-06
-0.00012592672
0.00069388233
3.7561103e-06
-0.00040983267
0.00032044065
-1.6421154e-05
-0.00011654308
-0.00046265238
-4.1956275e-07
0.00021354589
-0.00040881129
-0.00010678767
0.00032296076
0.00011053236
-0.00013207651
-6.0337992e-05
0.00067812636
-9.559288e-05
-0.00041208452
0.000605235
2.9704998e-05
-0.00043497908
0.00011731525
7.7982536e-05
-0.00036654934
7.0705838e-05
-3.9680612e-05
-0.00026961824
1.9512885e-05
-0.00012153769
-2.3090733e-05
-0.00041938494
-5.6296936e-05
0.00013381719
-0.00040474896
-9.7471418e-05
0.0003822958
-0.00061330754
-5.513594e-05
0.00042967452
-9.7153842e-05
-4.1582047e-05
0.00017494094
0.00050401349
-4.3199042e-05
-0.0001997903
0.00065720303
-6.9132601e-05
-0.00030706418
0.00043262051
-0.0001013751
-5.875147e-05
-0.0001000113
-7.9396962e-05
0.00036535373
-0.00063393542
-8.5776053e-05
0.00042615935
-8.3693138e-06
-0.00014042128
0.00064742304
-0.00016110061
-0.00017547736
-0.0001254184
1.1906635e-05
-9.1703109e-05
2.592781e-06
3.0355914e-06
-4.9013454e-05
0.00030648615
1.6132265e-05
-2.9998568e-05
0.00052572679
7.1195227e-05
0.00019053382
0.0003859013
3.169113e-06
0.00042155688
-3.6686038e-05
-0.00011363411
0.00012116958
-0.00010948526
-0.00016900147
-0.00026809634
-0.00013777786
-0.0002276009
-9.8510683e-05
-4.9610908e-05
-0.0002186291
-2.6885621e-06
0.00062220364
1.2162234e-05
-1.4625816e-05
0.00024675142
0.00011312464
-0.00024779386
-0.00014812141
6.9695649e-05
-0.00042740222
-0.00014081677
-4.8784629e-05
-0.00011532282
-0.00022525318
4.8349488e-05
-8.7315321e-05
0.00063149399
5.5618303e-05
-0.00012897578
0.00053207351
1.9048337e-05
-0.00011884101
-1.551488e-05
2.4124208e-05
-0.00010558376
-8.7089342e-05
0.00023476809
0.00010032244
-0.00032273077
0.00020586757
0.00018270397
-0.00052793836
7.7044533e-05
0.00014014385
-0.00038115959
4.4034888e-05
-0.00016234898
-0.00013449512
4.0613577e-05
-0.00019507101
-8.4575846e-05
0.00020027897
-6.0734225e-05
0.00042234758
1.6016036e-05
-7.0497381e-05
0.00066520633
3.4776686e-06
4.477575e-05
0.00031839427
4.4707213e-05
0.0002270273
-0.00035579762
8.9073422e-05
-0.00014571009
-0.00030670476
-4.8472944e-06
-0.00011125288
-6.5950456e-05
9.1151875e-06
0.00058213896
-7.7383437e-05
-0.00035851819
0.00017876744
-4.0499069e-05
-0.00045770515
1.5847661e-05
-2.6485893e-05
-0.00023008034
-5.0119978e-05
2.6515439e-05
3.8480546e-05
0.00011476855
0.0001053084
0.00028309191
8.9405373e-05
7.9498239e-05
0.00021410245
0.00015235682
-7.4036908e-05
0.00012027092
6.8483003e-05
-0.00010297269
-5.3185023e-05
0.0001140279
-8.0665067e-05
-0.00010073631
0.00014225297
-0.00017107876
0.00016948548
0.00034070568
3.1482461e-05
0.0002192863
0.00017616525
8.7627593e-05
2.669472e-06
0.00013245919
2.190094e-05
-0.00014237456
-2.420682e-05
-2.158338e-05
-3.8874175e-05
-0.00036909033
4.444085e-06
0.00015844296
0.00022299116
0.00021920969
0.00034645224
0.00029653102
-5.0886151e-05
6.5704646e-05
0.000305715
-5.6226229e-05
-0.00012902322
0.00015275831
7.4482521e-05
-4.9617641e-05
-0.00033253699
5.936893e-05
-5.3377211e-05
-0.00055806876
8.0657671e-05
-6.539603e-05
-0.00035462202
3.1026001e-06
-0.00021268096
7.5168403e-05
-4.4029996e-05
-0.00037436714
0.00013553629
3.8011449e-05
-0.0001453162
0.0001802321
2.9838266e-05
7.7449555e-05
0.00040768004
-5.9078119e-06
0.00017751204
9.3149347e-05
0.00011031004
0.0001682528
-0.00039555214
-1.585804e-05
-1.4272477e-05
-0.00016701929
9.050325e-06
-0.00027344909
0.0002356782
-5.6572195e-05
0.00030097163
4.3850508e-05
4.3031329e-05
0.00018838733
-5.0220319e-05
0.0002196687
-0.00021950718
0.00015073047
-0.00021331265
5.6560472e-05
-0.00021260765
2.8688335e-05
-0.00020333545
0.0001047342
-0.0002120404
0.00011223443
-0.00013756233
8.1596037e-05
-7.1736777e-05
0.00011929394
0.00014735387
0.00014079555
0.00025985841
0.00011941727
0.00035469863
0.00011766853
0.00028459785
0.0001039139
-0.00010447429
3.9299155e-06
-6.3018521e-05
-1.7314059e-05
0.00014316356
-0.00014818256
0.00031159815
-7.1107261e-05
0.00046400118
-4.5872937e-05
0.00025508461
-5.545811e-05
-0.00018089498
3.4563612e-05
-0.00046244503
0.0001288289
-0.00038111483
0.00018779414
-0.00024633758
0.00014555709
-0.00013291178
7.4733729e-05
0.00017669649
3.7752311e-05
0.00017722339
1.5149254e-05
-0.00022923515
6.5577424e-05
-0.00042934154
0.00016430985
-0.00026200218
0.0001880021
0.00016735436
2.9573182e-05
-0.00014894262
6.2764393e-05
-0.00016988313
0.00015201281
-0.00020827432
0.00017179238
-6.9724367e-05
5.7754824e-05
0.00010750345
-0.00010963829
0.00017690973
-0.0001664155
0.00012532339
-0.0002032929
0.00013950147
-0.0002616456
0.00016510549
-0.00031729796
0.00015580647
-0.0003118258
1.8417801e-05
-9.7295987e-05
-0.00024274597
7.3756452e-05
-0.00022041459
0.00017992116
-0.0002154501
8.5745106e-05
5.1908007e-05
-0.00012273751
0.00012805337
-0.00022659412
5.5223172e-05
-0.00014015624
-0.00017233376
-3.0133024e-05
-0.00020834283
5.6751858e-06
-9.7354813e-05
0.00010193897
-0.0002202776
0.00021673644
-0.00019271545
0.00023706305
-0.00010023379
6.7151647e-05
0.00010755916
-0.00014640853
0.00015909686
-0.00028482792
9.2820981e-05
-0.00015445915
-0.00023461669
8.8326827e-05
-0.00028864771
0.00013841077
-0.00010614799
0.0001012301
2.531691e-05
-0.00034460184
5.3305756e-05
-0.00041768494
0.00017296493
-0.00051707631
0.00030229214
-0.00030582379
0.00028254788
6.4046663e-05
-2.9336714e-05
0.00047927724
-9.2971646e-05
0.00026711384
2.7158061e-05
8.4798236e-05
-0.00024471285
0.00044594776
-0.00046043181
0.00037528154
-0.00035832284
-0.00010011233
-3.6331047e-05
-0.00056515733
0.00013826316
-0.00050179646
0.00034782733
-0.00055709078
0.00027317464
3.0967822e-05
-0.00025523514
0.00068616815
-0.00055454522
0.00043251579
-0.00031544289
-0.0004511167
-0.00016417175
-0.00048115167
-7.8594959e-05
-0.00023922854
9.4894832e-05
-0.00049123881
0.00028789096
-0.00044084752
0.00048045144
-0.00033437633
0.00018968999
0.00035512156
-0.00029168014
0.00057133438
-0.00027681528
-2.3418974e-05
3.5910628e-06
-0.00059441999
0.00024041479
-0.00061124749
0.00032747698
-0.00033363146
0.00026760647
-0.00014431571
-0.00018837951
-0.00012567132
-0.00043329373
-0.00019753568
-0.00042907969
-0.00029073092
-0.00014143332
-0.00010878707
-0.00011472807
6.1476267e-05
0.00019537979
6.925939e-05
9.0329248e-05
-1.8893942e-05
-5.4649331e-05
-2.4238122e-05
0.00023266285
0.00014610559
0.00021710006
0.00026017086
-0.00010105295
7.9239693e-06
-0.00024321479
-8.405387e-05
-0.00045860325
-0.00022312985
-0.00036966531
-0.00012963183
-6.9118885e-06
-6.9944197e-05
0.00064552886
5.3073397e-06
0.00038138846
-8.333578e-05
-0.00012770549
-0.00022489282
-0.00013372705
-3.2387518e-05
-0.00035468931
4.0108307e-05
-0.00051969975
-4.8724825e-05
-0.00031140082
-5.43947e-05
-0.0001284275
5.9144925e-05
0.00025759796
0.00014559452
0.00048836245
0.00022611895
-5.9236194e-05
6.7823737e-05
-0.00034705135
-4.0213184e-05
-0.00050805785
-4.1334347e-05
-0.0003233951
0.00014888869
-0.00011468932
-0.00011418925
-0.00014755844
-0.00042691051
-0.00012681401
-0.00042330868
-0.00017182827
8.8893395e-06
-0.0002917871
8.4728995e-05
9.6757166e-06
-0.00018011993
9.0558081e-05
-9.3525807e-05
-0.00013168655
8.6930238e-05
6.4907462e-05
-0.00013500992
0.00030275621
1.0733776e-05
0.00018214211
0.00010718875
0.00012424387
-0.00016341561
0.00013469746
-0.00049064022
-8.8780351e-06
-0.00022164573
-0.00013546876
0.00033888854
7.0960074e-05
0.00038821387
0.00020851366
0.00018760866
-2.7639758e-05
0.00018293044
-0.00017019231
6.8194426e-05
-0.0001063752
-0.00033784875
-9.1896726e-05
-0.00053107564
-0.00013052417
-0.00031680339
-0.00023394094
1.300071e-05
-3.1461237e-05
8.4956515e-05
0.00023334218
0.00021765122
0.00011485445
0.00016956158
3.8127157e-05
-0.0002861821
3.8961995e-05
-0.00049984236
-7.0999274e-05
-0.00027000602
0.00012173993
7.4198078e-05
-0.00013304373
-0.00040562194
-0.00034017213
-0.0002267548
-0.00030214053
-0.00028343191
-0.00011490563
-0.00013062161
2.0907717e-05
0.00024751374
0.00020176666
-0.00018495966
-0.00040267548
-8.1100999e-05
0.00015893032
0.00027543172
0.00041248923
0.00042522554
0.0001219404
-0.00028030636
-0.00040931561
-0.00025075782
-9.106758e-05
0.00016433596
0.00034904679
0.00012844212
-0.00020709037
-0.00028909429
)
;

boundaryField
{
    minX
    {
        type            calculated;
        value           uniform 0;
    }
    maxX
    {
        type            calculated;
        value           uniform 0;
    }
    minY
    {
        type            calculated;
        value           nonuniform List<scalar> 
292
(
1.7574711e-06
2.4157146e-06
1.6950241e-06
1.3148468e-06
6.4074637e-07
5.8328344e-07
-2.2102382e-06
-1.1139161e-06
-1.4655649e-06
-1.7480643e-06
1.907294e-06
1.6858822e-06
2.8366547e-07
4.6791632e-07
6.2006975e-07
1.3184726e-06
-1.5371217e-06
-1.9339435e-06
-2.5806194e-06
-1.5068484e-06
2.2729916e-06
4.4105129e-06
4.1931011e-06
4.6115998e-07
9.6013476e-07
1.5237396e-06
-3.8444882e-06
-1.5350727e-06
-2.5216205e-06
-9.5789204e-07
-2.6999763e-06
-2.8423359e-07
-3.3778725e-06
1.5229174e-06
8.5700419e-07
1.1392168e-06
-4.8923879e-06
-1.5354011e-06
-1.9570496e-06
-1.6278349e-06
1.9012502e-06
2.9280358e-06
2.3751328e-07
1.0249926e-06
6.6731989e-07
1.2355032e-06
-4.8059666e-06
-1.4355175e-06
-1.4288822e-06
-1.9835333e-06
-2.2292092e-06
-1.4963112e-06
-1.9391149e-06
1.2190247e-07
9.1966678e-07
-2.6437587e-07
-3.4874712e-06
-1.4113631e-06
-4.4939697e-06
-2.423602e-06
-1.7260873e-06
-9.7389267e-07
5.3102268e-07
2.5283584e-06
1.5274097e-06
1.2443103e-07
-2.3991719e-06
-3.1440829e-07
-6.9256545e-07
-2.9130397e-06
5.5238651e-07
-7.7631829e-07
2.2669927e-08
8.5631064e-07
1.9230029e-06
2.5405731e-06
-1.6381846e-06
3.9714165e-06
3.6003479e-06
-3.2620761e-06
3.8142014e-06
-7.464036e-07
2.2634031e-07
8.6449892e-07
2.175361e-06
1.3892338e-06
-2.3542191e-06
1.6961227e-06
1.4532606e-07
-2.2235698e-06
1.1349437e-06
-4.764698e-07
1.4871331e-06
2.2782235e-06
-1.0932449e-07
-5.5615122e-07
-1.0488126e-06
1.9282675e-06
1.2625308e-06
-1.4760506e-06
3.737082e-07
-8.711836e-09
1.2218675e-06
2.0944113e-06
3.8452237e-06
2.7819505e-06
-1.5623051e-06
1.2020177e-06
2.7867266e-07
-1.1342184e-06
1.6316412e-06
-3.2823218e-07
1.181416e-06
2.2338557e-06
1.0575808e-06
-8.4143344e-07
-1.9706827e-06
1.4720961e-06
1.7909053e-06
2.220723e-06
1.7087667e-06
3.6359692e-07
4.3889448e-09
3.9907509e-07
-4.5539665e-08
3.9688088e-07
-2.0892019e-06
3.4719419e-06
1.9533098e-06
2.3340994e-06
6.0701969e-07
5.4933538e-07
-1.0875792e-06
-1.6299314e-06
3.6425963e-07
2.9967733e-06
4.1427488e-07
2.9421239e-06
1.8818941e-06
3.0300414e-07
-1.2582227e-06
-4.2568264e-06
1.2898822e-06
3.3299612e-06
1.5351011e-06
1.9364965e-06
1.6838742e-06
-9.2530277e-07
-7.6228969e-11
-4.5958069e-06
2.6124359e-07
2.9730338e-06
4.6193677e-07
2.0011186e-06
-2.3644353e-06
-3.3094229e-06
-1.9637938e-06
-3.9650887e-06
-1.9575102e-06
4.9552987e-06
5.2302081e-07
2.2584493e-06
-1.424835e-06
-1.7020892e-06
-3.577517e-06
-4.3628991e-06
-3.8628184e-06
-3.6793248e-06
-4.0341543e-06
2.1286293e-06
-9.8228305e-07
2.52559e-06
-1.4930655e-06
-4.6710872e-06
-2.8474338e-06
-3.1673395e-06
-2.2038367e-06
-2.6194187e-06
5.4351089e-07
-1.5276073e-06
-1.2786024e-06
1.0225502e-06
-1.961635e-06
-4.6055457e-07
-5.2771863e-06
-5.0773465e-06
-4.0561782e-06
-2.9507658e-06
-2.5226426e-06
-2.4524042e-06
4.9339163e-07
-4.095854e-07
-3.2545698e-06
-5.1182671e-06
-2.1156972e-06
-3.7024358e-06
-5.1815259e-06
-2.9674253e-06
-1.0663251e-06
-2.6594446e-06
-7.2953844e-07
4.7859338e-07
-9.9024547e-07
2.8472568e-07
-1.0612233e-07
-2.4312655e-07
-1.8333421e-06
-3.1891133e-06
-1.3061511e-06
-2.7911548e-06
1.3096286e-06
-4.5727892e-07
-1.7163154e-06
-2.0377307e-06
-3.9786686e-07
9.0448904e-07
1.7645465e-06
-2.7011133e-06
-2.4214477e-06
-6.240488e-07
-9.3948985e-07
-6.4530551e-07
-1.0651281e-06
2.2376385e-07
-2.376237e-08
1.1473997e-06
2.4596185e-06
1.3911136e-06
-4.2533109e-06
-6.4975362e-07
-9.5005507e-07
-1.0894386e-06
-2.3435458e-06
-1.1140828e-06
-3.8445792e-07
6.7708092e-07
2.320671e-06
1.0298196e-06
-3.9180682e-06
-9.0470817e-07
6.7908264e-07
4.332388e-08
-1.1195426e-06
-1.4006199e-06
-7.6587842e-07
2.7268535e-07
1.3940392e-06
4.1697199e-06
-4.4086514e-06
-3.3998393e-07
-8.9232414e-07
-2.2192126e-06
3.8711782e-06
4.2859961e-06
1.2809458e-06
-1.64529e-07
2.3487948e-06
8.7116168e-07
-4.3155713e-06
-4.4790953e-06
-2.8064158e-06
2.6628237e-07
1.4729372e-06
1.1469471e-06
1.937732e-06
2.0651142e-06
4.5591187e-06
4.6076962e-06
5.2405845e-06
5.9987004e-06
4.2994947e-06
3.7310622e-06
2.434321e-06
2.2024426e-06
1.6196291e-06
5.2689944e-07
4.4067566e-06
3.732739e-06
4.097168e-06
4.5372062e-06
3.5913336e-06
3.5589106e-06
1.8747872e-06
1.8646548e-06
1.9415086e-06
1.1999486e-06
4.3617615e-06
3.879594e-06
4.5600022e-06
5.1328223e-06
3.8970117e-06
3.5160085e-06
)
;
    }
    minZ
    {
        type            calculated;
        value           uniform 0;
    }
    maxZ
    {
        type            calculated;
        value           uniform 0;
    }
    bottomWater_to_rightSolid
    {
        type            calculated;
        value           uniform 0;
    }
    bottomWater_to_leftSolid
    {
        type            calculated;
        value           uniform 0;
    }
    bottomWater_to_heater
    {
        type            calculated;
        value           uniform 0;
    }
}


// ************************************************************************* //
