/*--------------------------------*- C++ -*----------------------------------*\
| =========                 |                                                 |
| \\      /  F ield         | OpenFOAM: The Open Source CFD Toolbox           |
|  \\    /   O peration     | Version:  v2012                                 |
|   \\  /    A nd           | Website:  www.openfoam.com                      |
|    \\/     M anipulation  |                                                 |
\*---------------------------------------------------------------------------*/
FoamFile
{
    version     2.0;
    format      ascii;
    class       surfaceScalarField;
    location    "10/bottomWater";
    object      phi;
}
// * * * * * * * * * * * * * * * * * * * * * * * * * * * * * * * * * * * * * //

dimensions      [1 0 -1 0 0 0 0];
oriented        oriented;


internalField   nonuniform List<scalar> 
3858
(
0.00012467545
-0.00013109819
1.380394e-05
9.4269836e-05
5.8630895e-06
3.0719251e-05
1.4904819e-06
8.3447332e-05
1.7217737e-05
3.5639714e-06
-5.865642e-05
6.0349476e-05
-0.00010481071
0.00011089511
3.4351515e-06
-0.00018016504
4.7259665e-05
3.1321844e-05
-8.6932731e-05
-0.00017723092
8.4190068e-05
1.5877404e-06
-0.00018949365
0.00010035423
9.8075664e-05
-0.00020145061
0.00010322936
0.00012816536
-0.00012197281
9.2285133e-05
9.6143298e-05
-4.4097108e-05
7.8340987e-05
-5.819163e-05
0.00010167658
5.6170375e-05
-0.00020270684
9.7832793e-05
5.2987925e-05
-9.1872692e-05
-0.00023567391
0.00012703774
-3.8881608e-10
-0.00023267533
0.00014222385
9.1872965e-05
-0.00023267661
0.000142224
0.00020270743
-0.00023567297
0.00012703648
5.8194608e-05
9.7832021e-05
5.2986182e-05
-9.6138259e-05
0.00010167749
5.6167225e-05
-0.00012816464
-4.4089771e-05
7.8337836e-05
-9.8076397e-05
-0.00012196741
9.2280977e-05
-1.5944139e-06
-0.000201444
0.0001032285
8.6920626e-05
-0.0001894853
0.00010035097
0.0001801675
-0.00017725095
8.419526e-05
0.00010481874
4.725339e-05
3.1322773e-05
-3.5570675e-06
0.00011089597
3.4359457e-06
-1.4920899e-06
-5.8645272e-05
6.0348354e-05
-9.4271713e-05
8.3447595e-05
1.7218105e-05
-0.00012467581
5.8610246e-06
3.0719737e-05
-0.00013109916
1.3804413e-05
0.00021606265
-0.00038944524
4.2284396e-05
0.0001733587
-9.8293325e-05
0.00014686038
5.5365065e-05
-7.0339347e-07
0.00020214436
4.4674402e-05
-0.00019853335
0.00015056759
-0.00017609028
0.00028153731
5.0122488e-05
-0.00025621594
6.2540147e-05
6.4845178e-05
-8.9501848e-05
-0.00044651502
0.00010257001
8.6400639e-07
-0.0004347661
0.00015490659
0.00010297205
-0.00045268646
0.00014912779
0.00015125844
-0.00032287792
0.00015261871
0.00013444043
-0.00017648902
0.00014920991
-8.4391194e-05
0.00014695583
0.00017355236
-0.00016598289
1.7926425e-05
0.00016149806
-3.3485247e-05
-0.00054720598
0.00017903443
3.8486721e-10
-0.00048809738
0.00022193642
3.3487529e-05
-0.00048810002
0.00022193626
0.00016598504
-0.00054720409
0.00017903361
8.4395751e-05
1.7926245e-05
0.00016149506
-0.00013443591
0.00014696055
0.00017354859
-0.00015125994
-0.00017647589
0.00014921014
-0.00010297556
-0.00032286987
0.00015261808
-8.6893859e-07
-0.00045267859
0.00014912797
8.948577e-05
-0.0004347505
0.00015491049
0.00025621673
-0.0004465526
0.00010257069
0.00017610382
6.2523125e-05
6.4843172e-05
-4.4670845e-05
0.00028155103
5.0119598e-05
-5.5368905e-05
-0.00019851556
0.00015056834
-0.00017336143
-7.0324583e-07
0.00020214337
-0.00021606311
-9.8297075e-05
0.00014685979
-0.00038944693
4.2284657e-05
-0.00016634058
-0.00026211829
3.9013637e-05
-0.00013527911
-0.00013000108
6.4628864e-07
-7.5162585e-05
-8.7777759e-05
2.6957841e-05
-0.00020533452
-3.0531585e-05
-3.7829827e-05
-2.0093611e-05
4.515348e-05
5.1142926e-05
0.00022626651
-0.00020164334
1.7823364e-05
0.00015069444
-0.00029233251
-7.8610439e-05
5.1350226e-05
-0.00021939082
-0.00011603108
-7.1631607e-05
-0.00020298318
-0.00012672146
-7.5473555e-05
-0.00022907449
-8.99615e-05
3.3739334e-05
-0.00021515489
-7.0547033e-05
0.0002595861
-3.7430032e-05
-4.146092e-05
0.00042700287
-6.0552283e-05
-8.8938076e-05
0.00020868035
-0.00014246563
-0.00018641784
-5.3293961e-10
-6.0246913e-05
-0.00021916958
-0.00020868586
-6.0242252e-05
-0.00021917245
-0.00042700341
-0.00014247321
-0.00018641333
-0.00025958098
-6.0561421e-05
-8.8934782e-05
-3.374007e-05
-3.7420926e-05
-4.1459435e-05
7.5477801e-05
-0.00021514816
-7.0545606e-05
7.1633477e-05
-0.00022906412
-8.9961427e-05
-5.1342544e-05
-0.00020297945
-0.00012672312
-0.00015068237
-0.00021938359
-0.00011602709
-0.00022626822
-0.00029235278
-7.8613977e-05
2.0087074e-05
-0.000201654
1.7821823e-05
0.0002053239
4.5172597e-05
5.1141603e-05
7.5165642e-05
-3.0531223e-05
-3.782608e-05
0.00013528331
-8.777833e-05
2.6957417e-05
0.00016634211
-0.00013000192
6.4605759e-07
-0.00026211802
3.9013208e-05
0.00014333319
-0.00028833509
-0.00011711638
0.00010058977
0.00011589005
-0.00020314771
-0.00013289904
0.00037759411
-0.00023188306
-0.00025557028
0.00020940537
-0.00011726572
-0.00010078261
-0.00014412826
3.449408e-05
-6.2944395e-05
-0.0003070475
6.7565948e-05
-4.0370845e-05
-0.00038047781
6.5571747e-05
-1.7017879e-05
-0.00029046949
4.7725694e-05
1.7307297e-05
-0.00026652569
2.9217322e-05
1.9133223e-05
-0.00029766508
6.6764637e-05
-1.4014889e-05
-0.00026040006
7.8393256e-05
-5.1342313e-05
-8.6898788e-05
8.6796156e-05
-8.5354701e-05
-6.3138168e-05
3.6598256e-05
-4.6978032e-05
-0.00014889263
-3.1949674e-05
-1.4436823e-10
-5.6575868e-05
-5.0648944e-05
4.6979001e-05
-5.6570938e-05
-5.0650471e-05
8.5354493e-05
-0.00014890233
-3.1946392e-05
5.1345991e-05
-6.3152563e-05
3.6599629e-05
1.4012009e-05
-8.6886257e-05
8.6799302e-05
-1.9138415e-05
-0.00026038982
7.8392084e-05
-1.7310277e-05
-0.00029765161
6.6759356e-05
1.7019031e-05
-0.00026652019
2.921143e-05
4.0372252e-05
-0.00029046323
4.7726408e-05
6.2943102e-05
-0.00038050089
6.5577253e-05
0.0001007731
-0.0003070482
6.7564182e-05
0.00025557205
-0.00014412495
3.4498595e-05
0.00013289991
0.00020940492
-0.000117264
-0.00010058922
0.00037759328
-0.00023188247
-0.00014333327
0.00011589006
-0.00020314792
-0.00028833375
-0.00011711754
-0.00027470287
-1.3632219e-05
-0.00021987222
6.1059405e-05
0.00012547526
3.2246627e-05
0.00037930133
-4.442069e-05
0.00036826807
-0.000133095
0.00025204523
-0.00019082466
8.4146009e-05
-0.00021257859
-1.9841155e-05
-0.00018648234
-8.9380195e-05
-0.00019698667
-0.00015243988
-0.00023460542
-0.00016868379
-0.00024415617
-6.2743651e-05
-0.00019283894
1.4275076e-05
-0.00014015691
-3.2463037e-05
-0.00010215453
-2.0741293e-10
-8.9038705e-05
3.2464826e-05
-8.9035983e-05
-1.4279868e-05
-0.00010215765
6.2728777e-05
-0.00014016122
0.00016867762
-0.0001928351
0.00015243882
-0.00024415102
8.938608e-05
-0.00023459888
1.984895e-05
-0.00019698306
-8.4134544e-05
-0.00018647974
-0.00025204978
-0.00021258566
-0.00036827104
-0.00019082694
-0.00037930152
-0.00013309448
-0.00012547654
-4.4420051e-05
0.0002198708
3.2245945e-05
0.00027470154
6.1059337e-05
-1.3632212e-05
0.00018488164
-0.00015991745
-2.7823091e-06
0.00013041939
0.00011245057
-1.7490119e-05
3.4977004e-05
0.00015049335
-3.0852002e-05
9.7798344e-07
0.00012189016
-2.4722364e-05
-2.8488968e-05
0.00012498629
-8.9312812e-05
-4.4971572e-05
0.00011976057
-7.0504573e-05
-2.4133761e-05
0.00010685354
-4.2851651e-05
6.8073542e-06
8.1338464e-05
-1.1851109e-05
5.6614236e-05
8.6252616e-05
-3.3733994e-05
7.3096641e-05
0.00010150042
-2.5403113e-05
4.4784781e-05
0.00011880864
-1.0703062e-05
-1.0892502e-05
0.00012987142
-1.5652186e-05
-6.7434871e-05
0.00013930537
-2.5637383e-05
-4.9497502e-05
9.4491574e-05
2.0172728e-05
-1.4832691e-09
8.0762108e-05
1.7936334e-05
4.9494389e-05
8.0762167e-05
1.7936526e-05
6.7434097e-05
9.4491194e-05
2.0169304e-05
1.0892798e-05
0.00013930533
-2.5640417e-05
-4.4784108e-05
0.00012987059
-1.5655163e-05
-7.3096534e-05
0.00011880885
-1.070605e-05
-5.6613779e-05
0.00010150141
-2.5408323e-05
-6.8089914e-06
8.6253061e-05
-3.3733516e-05
2.4134334e-05
8.1337248e-05
-1.1856132e-05
4.4973339e-05
0.00010685262
-4.2846961e-05
2.849047e-05
0.00011976114
-7.0503932e-05
-9.7586423e-07
0.000124986
-8.9312222e-05
-3.4976801e-05
0.00012189139
-2.4722799e-05
-0.00013041924
0.00015049342
-3.0851756e-05
-0.00018488136
0.00011245087
-1.7490149e-05
-0.0001599167
-2.7824077e-06
0.00027354066
-0.00042068342
2.9509701e-05
0.00033192941
0.00015123733
4.9684874e-05
0.00011859544
0.00049150533
7.4466353e-05
-7.3204606e-05
0.00045600033
8.2574626e-06
-8.5494909e-05
0.00027937356
-9.1974475e-05
-7.4482262e-05
0.00026736924
-9.3776134e-05
-4.2601418e-05
0.00022855352
-5.1010806e-05
-2.549727e-06
0.00018434021
1.1853148e-05
5.1224248e-05
0.00021488186
-3.3275435e-05
7.4382121e-05
0.00025183452
-2.087328e-05
6.437214e-05
0.00026679776
1.1230758e-05
2.7860697e-05
0.00031583846
2.4096761e-05
-2.1055753e-05
0.00036673328
-1.7013414e-05
-2.724027e-05
0.00021377307
6.5937447e-05
4.8424543e-10
0.00021778212
5.7675656e-05
2.7240732e-05
0.0002177829
5.7675277e-05
2.1058511e-05
0.00021377142
6.5935595e-05
-2.7857878e-05
0.00036672941
-1.7012637e-05
-6.4365783e-05
0.00031582496
2.4102124e-05
-7.43786e-05
0.0002668011
1.1230711e-05
-5.1227928e-05
0.00025184394
-2.0875117e-05
2.5385411e-06
0.00021489069
-3.3276127e-05
4.2586036e-05
0.00018435147
1.1848775e-05
7.4485976e-05
0.00022852432
-5.1000961e-05
8.549725e-05
0.00026736914
-9.377611e-05
7.3207293e-05
0.00027936975
-9.1974203e-05
-0.00011859385
0.0004560034
8.2574784e-06
-0.00033192944
0.00049150571
7.4466665e-05
-0.00027354047
0.00015123703
4.9684672e-05
-0.00042068251
2.9510008e-05
-0.00030673301
-4.6684548e-05
-2.8252219e-05
-0.00013775645
-2.3787527e-05
6.6945807e-06
-7.0960497e-05
0.00039588662
5.5780597e-05
-5.9582965e-05
0.00039095216
1.5840819e-05
-2.7285823e-05
0.00017668977
0.00012152958
-3.3165902e-05
0.00018739788
0.00010367481
-5.0370754e-05
0.00011577892
5.1369008e-05
7.9603031e-06
7.9430567e-06
2.0350123e-06
5.1893528e-05
-1.5918541e-05
6.0145699e-05
5.0680291e-05
0.00010789889
5.5187354e-05
2.8161483e-05
0.00021224009
6.5294214e-06
6.9545946e-05
0.00024532216
-1.2329103e-05
0.00010459481
0.00029445673
-5.1710396e-05
5.0201595e-05
0.0001870413
-0.00010529286
4.9725864e-10
0.00016906676
-0.00012025313
-5.0201209e-05
0.0001690674
-0.00012025525
-0.00010459403
0.00018703887
-0.00010528797
-6.9547735e-05
0.0002944519
-5.1703581e-05
-2.8164215e-05
0.00024530706
-1.232506e-05
-5.0684589e-05
0.00021224181
6.5340531e-06
-5.18944e-05
0.0001078979
5.5194425e-05
-7.9500633e-06
-1.5921176e-05
6.0144414e-05
5.0377836e-05
7.9474965e-06
2.0489842e-06
3.3164526e-05
0.00011575984
5.1363813e-05
2.7283557e-05
0.00018739757
0.00010367435
5.9581636e-05
0.00017668303
0.00012153023
7.096179e-05
0.00039095473
1.5842441e-05
0.00013775638
0.00039588705
5.5781489e-05
0.00030673266
-2.3788679e-05
6.6955014e-06
-4.668514e-05
-2.8251504e-05
-0.00015903314
8.6123905e-05
-9.0891689e-05
-0.0001466431
-0.00021607776
-2.3247503e-05
0.0001017965
-7.3589064e-05
-1.0846964e-05
0.0002356603
3.4454786e-05
0.00010536785
7.9167728e-06
0.00025800933
0.00018091805
-0.00013456105
0.00013622146
0.00026122019
-9.6301161e-05
-7.1980887e-05
0.00021507167
-2.1706677e-05
-0.00022930714
0.0002103814
5.6945541e-05
-0.00029494525
0.0002295918
6.9941509e-05
-0.00011836079
0.00028002832
5.8915924e-06
9.6201042e-05
0.00025848219
-9.0774979e-05
0.00022039212
0.00020839274
-2.9173547e-05
0.00010458641
0.00016486713
5.8177347e-06
0.00011847902
1.6213135e-06
7.0443951e-10
0.00016072616
-3.6491324e-05
-5.8098412e-06
0.00016071775
-3.6490287e-05
2.9178007e-05
0.00011848376
1.620845e-06
9.077466e-05
0.00010458776
0.0001648671
-5.9049917e-06
0.00022041139
0.0002083746
-6.995132e-05
9.6205996e-05
0.00025847422
-5.6940365e-05
-0.00011837306
0.00028001936
2.1724284e-05
-0.00029495818
0.00022958378
9.6323713e-05
-0.00022931072
0.00021038519
0.00013455911
-7.1968393e-05
0.00021507008
-7.9208571e-06
0.00013622714
0.00026121457
-0.00023567102
0.00025802051
0.00018091128
-0.00010180171
3.445713e-05
0.00010536429
0.00014664092
-7.3589259e-05
-1.0848792e-05
0.00015903178
-0.00021607904
-2.3248398e-05
8.6122382e-05
-9.0893279e-05
5.3282214e-05
1.9209474e-05
-0.00012670002
2.4963879e-05
-0.00017599348
7.9510309e-06
-7.3011886e-05
-0.0001129475
0.00018564309
-0.00013374064
0.00027949827
-0.00014845838
0.00018503493
-0.00019009614
-9.7449648e-06
-0.0002210096
-0.00019852792
-0.00030314899
-0.00026466769
-0.00028682645
-0.00019687693
-0.00021574591
-4.9906087e-05
-0.00011941768
-2.8417169e-05
-5.7059426e-05
-3.168407e-05
1.9591384e-05
-1.758226e-09
4.0005131e-05
3.1674269e-05
4.0005735e-05
2.8407203e-05
1.9593168e-05
4.9895301e-05
-5.7061566e-05
0.00019688362
-0.00011941204
0.00026467836
-0.00021573977
0.00019853218
-0.00028682575
9.7391706e-06
-0.00030314823
-0.00018504382
-0.00022100747
-0.00027950104
-0.00019009685
-0.0001856442
-0.00014845664
7.3017466e-05
-0.00013373564
0.0001760002
-0.00011294565
0.00012670498
7.951908e-06
-5.327994e-05
2.4965229e-05
1.9210232e-05
0.0001618163
-0.00014209854
-1.6607057e-05
0.00011480778
6.9538281e-05
-3.3851784e-05
7.5635004e-06
0.00013372319
-5.3120363e-05
-4.4478589e-05
0.00010785292
-7.8961467e-05
-6.0277919e-05
8.5732612e-05
-0.00015511946
-1.0466322e-05
-2.6279965e-05
-9.3544153e-05
1.2907676e-05
5.4370298e-05
-0.00011989833
1.4215532e-05
5.911796e-05
-7.2198738e-05
6.5569303e-05
6.7246314e-05
-0.0001533312
6.5459813e-05
7.7546428e-05
-0.00010183352
3.8720139e-05
8.7942004e-05
-7.1647567e-05
-1.2853618e-06
9.5455704e-05
-7.0208607e-05
-3.346643e-05
0.00011211362
-0.00010298028
-3.7265573e-05
0.00012584593
-9.7712201e-05
-2.3386152e-09
8.671427e-05
-0.00010123726
3.726188e-05
8.6713809e-05
-0.00010123762
3.3464434e-05
0.00012584628
-9.7717694e-05
1.2863088e-06
0.00011211252
-0.00010298536
-3.8718891e-05
9.5456035e-05
-7.021243e-05
-6.5457394e-05
8.7940882e-05
-7.1650602e-05
-6.5570242e-05
7.7554161e-05
-0.00010183914
-1.4215396e-05
6.724457e-05
-0.00015333054
-1.2906095e-05
5.9115058e-05
-7.2203006e-05
1.0470204e-05
5.4371488e-05
-0.00011989778
6.0277129e-05
-2.6270798e-05
-9.3547574e-05
4.447775e-05
8.573509e-05
-0.00015512087
-7.5641151e-06
0.00010785359
-7.8962648e-05
-0.00011480806
0.00013372343
-5.3120767e-05
-0.00016181645
6.9538663e-05
-3.3852389e-05
-0.00014209827
-1.660766e-05
0.00029233358
-0.00041342787
8.5054585e-06
0.0002752858
0.00014286752
-6.5965865e-06
-6.9227358e-05
0.00054985459
2.8481097e-06
-0.0002071097
0.00029686233
-4.2869601e-05
-0.00019966621
5.7796542e-05
-7.1481886e-05
-0.00011061482
-0.00014070891
-6.8398568e-05
-4.695744e-05
-7.066392e-06
-5.3231497e-05
3.1905987e-05
-1.8538788e-05
1.064647e-05
7.8127056e-05
7.5681602e-05
-8.7931798e-05
0.00012330362
6.177505e-05
-5.0278479e-05
0.00013284445
5.3531136e-05
3.6100794e-05
0.00014903028
0.00012420372
-2.0837101e-05
0.0001176556
0.0002737345
-0.00014725963
1.0092849e-05
0.00042582151
-0.00012647538
2.7742381e-11
0.00029813454
-0.00014365179
-1.0094166e-05
0.00029813669
-0.00014365341
-0.00011765436
0.00042581359
-0.00012647152
-0.00014902382
0.00027371963
-0.00014725029
-0.00013284155
0.000124207
-2.0831123e-05
-0.00012328987
5.3515738e-05
3.6104174e-05
-7.813304e-05
6.1810264e-05
-5.0288044e-05
-3.1908691e-05
7.5673704e-05
-8.7929608e-05
4.695592e-05
-1.8546015e-05
1.0645238e-05
0.00011061935
-7.0671936e-06
-5.3225711e-05
0.00019966331
-0.00014069002
-6.8400849e-05
0.00020710878
5.7796928e-05
-7.1481511e-05
6.9224784e-05
0.00029686518
-4.287012e-05
-0.00027528729
0.00054985476
2.8474176e-06
-0.00029233361
0.00014286742
-6.5977654e-06
-0.00041342733
8.5054652e-06
-0.00018506537
-0.00023991697
-1.669775e-05
-9.3673945e-05
4.2167131e-05
1.6003555e-05
-7.8262633e-05
0.00053670665
5.3517226e-05
2.8717465e-05
0.00016888222
3.6840832e-05
1.1546259e-05
-4.7791512e-05
0.00024428885
-4.5123421e-05
-4.7894226e-05
6.7529807e-05
7.5722304e-07
-3.6769939e-05
3.5191911e-05
1.1441632e-05
-4.8232639e-05
2.104445e-05
-6.2660234e-05
-2.6445525e-05
0.00023637468
-7.0322923e-05
-5.740652e-06
0.00013036573
-3.1187343e-05
-5.5120147e-05
7.6045104e-05
7.1506148e-05
-1.530759e-05
2.4488702e-05
0.00011243829
0.00015150819
2.9583756e-05
4.8660907e-06
0.00038373365
4.4367198e-05
1.7981714e-09
0.00012850014
5.4245553e-05
-4.8633971e-06
0.00012850205
5.424458e-05
-0.00011243707
0.00038372521
4.4374066e-05
-7.1504418e-05
0.00015149281
2.9590574e-05
3.1187753e-05
-1.530421e-05
2.4493972e-05
7.0305664e-05
-5.5121487e-05
7.6053362e-05
6.2656727e-05
-5.7327953e-06
0.00013038642
-1.1450398e-05
-2.6452217e-05
0.00023637746
-7.4741886e-07
-4.8254167e-05
2.1054158e-05
4.5124961e-05
-3.6766379e-05
3.5190614e-05
-1.1541405e-05
-4.7887943e-05
6.7538632e-05
-2.8712296e-05
-4.7794883e-05
0.00024429293
7.8263763e-05
0.00016888766
3.6843898e-05
9.3673078e-05
0.00053670988
5.3517058e-05
0.0001850666
4.2164018e-05
1.6005393e-05
-0.00023991498
-1.669725e-05
-3.6804131e-05
-0.00029574386
1.7393298e-06
4.9541256e-05
-0.00012732138
5.9895621e-05
0.00042994472
0.00010214187
4.3314361e-05
0.00039829501
0.00020118988
0.00010470989
0.0001521234
0.00033690574
4.2392423e-05
-2.9489765e-05
0.00039381676
1.1223771e-06
-0.00011382051
0.00029839978
-3.5767305e-05
-1.0661978e-06
-1.4940452e-05
6.433489e-05
0.00013104106
-7.3845934e-05
0.00014488492
1.689345e-05
0.00028318595
0.0001052493
-0.00017568204
0.00044277578
-4.6838272e-05
-0.00038041164
0.00044177253
-4.3957808e-05
-0.00039504345
0.00032634869
4.6584248e-06
-0.00018619998
9.1011298e-05
8.5500186e-05
2.3509485e-09
-0.00016635207
7.215855e-05
0.00018620813
-0.00016635257
7.2158552e-05
0.00039505116
9.1011927e-05
8.549108e-05
0.00038040874
0.00032635934
4.6429604e-06
0.00017567609
0.00044177981
-4.3976783e-05
-1.6903494e-05
0.00044277729
-4.6844978e-05
-0.0001310343
0.00028317774
0.00010523964
1.0885258e-06
-7.3869873e-05
0.00014487861
0.00011382246
-1.4928553e-05
6.4325641e-05
2.9488191e-05
0.00029841452
-3.5776551e-05
-0.00015212813
0.00039382313
1.1198235e-06
-0.00039830155
0.00033690178
4.238803e-05
-0.00042994368
0.0002011854
0.00010470869
-4.9536548e-05
0.00010214163
4.3312331e-05
3.6806826e-05
-0.00012732539
5.9897653e-05
-0.00029574092
1.7394957e-06
-0.00030258902
2.6054638e-05
-0.00038048975
-2.4456763e-05
-0.00024157592
-2.8820925e-05
-0.00011048113
-4.2852394e-05
7.1128442e-05
2.1555521e-05
0.00019798856
0.00011849827
0.00016090359
0.0001453886
-7.6149808e-05
1.1033434e-06
-0.00033165708
-0.00012148766
-0.00027668706
-5.8610551e-05
-7.5650663e-05
2.5993454e-05
0.00012335843
0.00012334575
0.00027975811
0.00011288956
0.00026651426
0.00012384652
-2.8264265e-10
0.0001401676
-0.00026651409
0.00014016696
-0.00027975677
0.00012384776
-0.00012335338
0.00011289438
7.5652514e-05
0.00012336187
0.00027669288
2.5997153e-05
0.00033166258
-5.8617712e-05
7.6136173e-05
-0.00012149169
-0.00016091144
1.1115893e-06
-0.0001979853
0.00014539153
-7.1121365e-05
0.00011850254
0.00011048678
2.1557991e-05
0.00024157762
-4.2851086e-05
0.00038049091
-2.8819739e-05
0.00030258673
-2.4455979e-05
2.605604e-05
0.00013263341
-0.00012708836
-1.8402598e-05
3.6182601e-05
8.6062992e-05
-2.0741223e-05
-0.00013612603
0.00014490896
-2.6282625e-05
-0.00023687268
5.1625265e-05
-3.2284248e-05
-8.9476126e-05
-0.00025586415
-5.7344689e-05
2.4491328e-05
-0.00025444869
3.5655872e-05
5.5050478e-05
-0.00014698271
-1.3415982e-05
-2.5871011e-05
-3.0455668e-06
7.0274981e-06
0.00011269338
-0.00024450813
-6.3274109e-05
0.00023246179
-0.00022427882
-8.3319424e-06
0.00010764477
8.4325146e-05
-3.6030781e-05
-3.2623439e-05
0.00011556433
-4.8866163e-05
-7.6817762e-05
3.1165177e-05
-9.1312692e-05
-6.1002984e-05
-0.00011227916
-5.4674165e-09
-0.00015980793
6.0989902e-05
-0.00015980622
7.6814254e-05
-0.00011229467
3.2625943e-05
3.1152698e-05
-9.1311925e-05
-0.00010764837
0.00011556639
-4.8866414e-05
-0.00023246436
8.4319791e-05
-3.6029593e-05
-0.00011268009
-0.00022430354
-8.3288733e-06
2.5871402e-05
-0.00024449103
-6.3276957e-05
-5.50418e-05
-3.0647488e-06
7.0328074e-06
-2.4490592e-05
-0.00014697292
-1.3417613e-05
8.947641e-05
-0.00025445242
3.5655972e-05
0.00023687559
-0.00025586703
-5.734584e-05
0.00013612779
5.162508e-05
-3.2284167e-05
-3.6181859e-05
0.00014490934
-2.6282543e-05
-0.0001326334
8.6062611e-05
-2.0740904e-05
-0.0001270891
-1.8402626e-05
0.00030104107
-0.00042235762
2.7336479e-06
0.00027094044
0.00011169318
-2.1261429e-06
-0.00018013931
0.00059663979
2.197026e-06
-0.00030393876
0.0001545419
-2.198678e-05
-7.1980908e-05
-0.00059323545
3.3931571e-05
1.729723e-05
-0.00056157694
0.00014945155
-1.0726951e-05
-0.00031091867
0.00013872864
-9.0294787e-05
-3.3884145e-05
0.00012105288
7.4357953e-05
-0.00055647042
5.9377756e-05
0.00022164282
-0.00054726646
0.00012542428
4.5278963e-05
0.00018147327
0.00011531651
-0.0002559544
0.00040084589
-4.8852989e-06
-0.00022463356
-4.1439632e-05
-0.00010597566
-0.00010814838
-0.00035523971
2.3456753e-09
-0.00041161044
0.00010814871
-0.000411606
0.00022465371
-0.0003552712
0.00025597989
-4.1450465e-05
-0.00010597331
-4.5285826e-05
0.00040089704
-4.8960686e-06
-0.00022165294
0.00018147951
0.00011531156
-7.4351671e-05
-0.00054731546
0.00012542262
9.0291006e-05
-0.00055644263
5.9379323e-05
1.0725875e-05
-3.3916189e-05
0.00012106181
-1.7302938e-05
-0.0003108997
0.00013872988
7.1977757e-05
-0.00056158591
0.00014945194
0.00030393969
-0.00059324083
3.3930353e-05
0.00018013885
0.00015454472
-2.1988916e-05
-0.00027094384
0.0005966446
2.1948543e-06
-0.0003010428
0.00011169174
-2.1279421e-06
-0.00042235988
2.733452e-06
-9.4493029e-05
-0.0003497626
5.2002614e-06
-5.1203364e-05
7.5699851e-05
8.7072186e-06
7.0917911e-05
0.00049055944
3.7476301e-05
0.00031685324
6.4289767e-06
-6.0981569e-05
2.4596266e-06
-7.4529205e-05
3.997622e-05
-0.00025308341
-6.4472705e-05
-0.00017403139
-8.1051871e-05
-0.00029383357
-0.00015392472
0.00028171904
-0.00033667268
-3.8937929e-05
-5.188287e-05
-6.5806421e-05
7.9312572e-05
-0.00034643752
-3.6945687e-05
-8.5400419e-05
-0.00016170719
2.6703684e-05
4.6084348e-05
4.298552e-05
0.0002454284
-2.4786542e-05
0.00011482552
-0.00011664432
3.2948424e-05
1.9063108e-05
-0.0002151101
7.6681069e-09
-0.00033830944
-1.9047359e-05
-0.0003383064
-0.00011483114
-0.00021511336
-4.2993958e-05
-0.00011664219
3.2945094e-05
0.00016170844
0.00024547771
-2.478911e-05
0.00034643953
2.6711789e-05
4.6089987e-05
5.1865823e-05
-3.6946958e-05
-8.5408371e-05
-0.00028171507
-6.5803272e-05
7.9319001e-05
8.1040126e-05
-0.00033666354
-3.8953692e-05
0.00025308496
-0.00029382789
-0.00015392603
-2.458934e-06
-6.4474337e-05
-0.00017402904
-0.00031685443
-7.4529381e-05
3.997698e-05
-7.0919487e-05
6.4335528e-06
-6.0979881e-05
5.1201681e-05
0.00049056713
3.7473365e-05
9.4491651e-05
7.569995e-05
8.7072291e-06
-0.00034976621
5.2007322e-06
2.8902501e-05
-0.0003712774
-5.6483668e-06
0.00010370207
5.5964041e-05
4.8318586e-06
0.00043081928
0.00020067142
6.0851808e-06
0.00022074015
0.00029213331
2.9084691e-05
-0.00010204332
0.00033935741
-4.8710709e-05
-0.00018886362
0.00015691229
-0.00013344232
8.2412235e-06
-0.0004053838
-0.00012132192
0.00023843065
-0.00049377951
-8.7477059e-06
0.00014913064
0.00017892516
-1.0546666e-05
-0.00010631136
0.00042683707
-0.00010309148
-0.00018409971
0.00028384775
-0.00022619402
-8.1476318e-05
0.0001657602
-6.6913037e-05
-0.0002392542
0.00014353577
-9.7743797e-05
-0.00016918005
-0.00019968407
-5.0787576e-09
-0.00043532587
0.0001691696
-0.00043532253
0.00023922965
-0.00019968236
8.1447573e-05
0.00014353404
-9.775121e-05
0.0001841217
0.00016572045
-6.6893662e-05
0.00010633931
0.00028384007
-0.00022619088
-0.00014910446
0.00042682666
-0.00010309021
-0.00023842325
0.00017894837
-1.055423e-05
-8.2401837e-06
-0.0004937616
-8.7593579e-06
0.0001888607
-0.00040537644
-0.00012132888
0.00010203579
0.00015691278
-0.0001334424
-0.00022074422
0.00033934626
-4.8707595e-05
-0.00043081828
0.00029212876
2.9087547e-05
-0.00010369566
0.00020066912
6.0877383e-06
-2.8897113e-05
5.5961547e-05
4.837518e-06
-0.00037127932
-5.6444927e-06
-0.00035640878
1.1186021e-05
-0.00033536682
1.0465316e-05
-0.00018886661
2.5350293e-05
5.7811074e-05
2.6032387e-06
0.00033229683
8.6427174e-05
0.00043536474
0.00017234266
2.9050303e-05
0.00014631923
-0.00046644309
2.8172127e-06
-0.00034976325
-5.9242363e-05
-2.5551329e-05
4.4014587e-05
0.00016649026
0.00011779959
0.00026638082
0.00018921538
0.00037099992
0.00015180621
0.00029516237
4.0930533e-09
-0.00029515149
-0.0003709861
-0.00026636441
0.00015180671
-0.00016650175
0.00018921965
2.5540302e-05
0.00011779516
0.00034974394
4.4005305e-05
0.0004664351
-5.9234487e-05
-2.9046832e-05
2.831926e-06
-0.00043535729
0.00014632553
-0.0003322886
0.00017234663
-5.7809398e-05
8.6425054e-05
0.00018886657
2.601708e-06
0.00033536793
2.5348027e-05
0.00035640957
1.0463942e-05
1.1186288e-05
0.00013549489
-0.00015135761
-7.5372925e-11
4.9663502e-05
6.7049414e-05
-1.649809e-10
-0.00012406908
0.00014669467
-2.4142436e-10
-0.00017271792
1.5273909e-05
-1.6517272e-10
4.7734216e-05
-0.00028786372
-5.445454e-10
3.9647454e-05
3.8968126e-05
7.0558743e-10
-4.4658228e-05
5.8185158e-05
1.6709125e-09
-9.9748969e-05
5.8122243e-05
2.3057701e-09
0.00015774666
-0.00033735989
2.6693711e-09
0.0001459257
-5.091274e-06
-2.0610489e-09
-2.7063072e-05
0.0001291796
-8.0132469e-10
-0.00012679875
4.6847495e-05
-6.7626243e-10
-0.00022227912
-3.26369e-10
0.00012679671
-0.00022227664
-1.9283499e-10
2.7061871e-05
4.6845699e-05
-2.3328338e-10
-0.00014592694
0.00012917996
2.5032081e-11
-0.00015774168
-5.0975259e-06
8.6418364e-10
9.9748209e-05
-0.00033735323
-2.5667545e-10
4.4657949e-05
5.8123155e-05
5.9832351e-09
-3.9647596e-05
5.8184628e-05
2.1377837e-10
-4.7734752e-05
3.8968018e-05
9.1061305e-10
0.00017272082
-0.00028787004
6.1870517e-10
0.00012407059
1.5274569e-05
4.6019012e-10
-4.9662811e-05
0.00014669467
3.830784e-10
-0.00013549474
6.7049365e-05
5.2471603e-10
-0.00015135807
3.1181282e-10
0.00030751598
-0.00045614
6.8011201e-11
0.00027718372
9.5255483e-05
4.1785443e-11
-0.0002046051
0.00063068043
9.2831379e-11
-0.00023561893
2.4300953e-05
1.1736329e-11
0.00014657957
-0.00063613033
-3.1494765e-10
6.0918231e-05
0.00027407972
1.2997744e-09
-0.00021197669
0.00046980644
2.2897676e-09
-0.00017375626
0.00014095064
4.0569081e-09
0.00028466761
-0.00073640552
-4.8659653e-10
0.00014564246
0.00025935945
-1.3061863e-09
-0.00027234866
0.00066248482
2.3938343e-09
-0.00026559298
3.5202106e-05
4.391419e-09
-0.00059384904
1.2678629e-09
0.00026559444
-0.00059384512
7.2403189e-10
0.00027234785
3.5195311e-05
8.9421008e-10
-0.00014564798
0.00066248686
4.9513218e-10
-0.00028466695
0.00025934319
8.8156977e-10
0.00017375212
-0.0007363924
-5.676742e-10
0.00021195551
0.00014097448
7.0922371e-09
-6.0934364e-05
0.00046980493
-5.4608092e-10
-0.00014658471
0.00027406958
7.1370251e-10
0.00023561927
-0.00063614332
-3.4588732e-10
0.00020460303
2.4302155e-05
-2.5742612e-10
-0.00027718628
0.00063067945
-6.1348512e-10
-0.00030751704
9.5252378e-05
-1.9114978e-10
-0.00045614166
1.1686583e-11
-0.00010838557
-0.00034255416
-8.879217e-12
-7.9593741e-05
7.5170804e-05
7.1860852e-11
6.0038528e-05
0.00052852431
1.500462e-10
8.0897999e-05
-5.7539834e-05
-2.4781926e-10
-0.00042460497
-9.065119e-05
5.5722944e-11
-0.00017014042
-0.00015441631
1.013869e-10
0.00032510951
-0.00017936581
-2.4035922e-09
0.00048729038
-6.016238e-05
-5.7775592e-09
-8.4269723e-05
-8.5526689e-05
-6.1689884e-09
-0.00010594227
0.00019562876
2.8045338e-09
1.9157123e-05
0.00058346744
2.3122457e-09
0.00015945321
-0.00012987904
-1.5164452e-09
-0.00040144808
6.5329908e-10
-0.00015945331
-0.00040144731
5.7462295e-10
-1.9153821e-05
-0.00012989363
3.1884182e-10
0.00010594009
0.000583483
-6.2741683e-11
8.4256775e-05
0.00019561992
-1.7919979e-09
-0.00048728652
-8.5528625e-05
-1.4817357e-09
-0.0003250808
-6.0178126e-05
-6.7953649e-09
0.00017015335
-0.00017935544
1.9262742e-10
0.00042460877
-0.00015441535
4.6600575e-10
-8.090443e-05
-9.0652223e-05
-9.1308164e-10
-6.0041193e-05
-5.754019e-05
-7.6997831e-10
7.959248e-05
0.00052852003
-8.8460393e-10
0.00010838269
7.5169566e-05
-1.5870276e-10
-0.00034255853
3.028867e-10
1.9743968e-05
-0.00036794645
-4.4006534e-11
8.0573665e-05
1.9172881e-05
8.7289866e-11
0.00043159893
0.00018358425
-1.8337067e-11
2.4223311e-05
0.00037892017
3.0471109e-10
-0.00023879789
0.00012365894
3.6906224e-10
-6.2558684e-05
-0.00046409964
1.8165282e-09
0.00027430619
-0.00063755159
-1.0167697e-09
0.00027886625
-7.3469652e-05
-5.0068986e-10
-0.00021216202
0.00039495338
1.5123217e-09
-0.00031333161
0.00019370587
9.8049525e-10
3.2697901e-05
1.1242356e-05
1.5263493e-09
6.9087598e-05
-0.00023317271
-9.1083505e-09
-0.00043010371
-5.9131773e-10
-6.9092547e-05
-0.00043010535
-6.595058e-10
-3.2691305e-05
-0.00023318726
-1.2852366e-09
0.0003133372
1.1263929e-05
-3.2821237e-10
0.00021213214
0.00019373479
-2.3484493e-11
-0.0002788661
0.000394915
3.8636922e-10
-0.00027427022
-7.3533643e-05
2.894867e-10
6.257192e-05
-0.00063752637
-9.4829454e-11
0.00023879906
-0.00046408519
3.0539012e-10
-2.4227539e-05
0.00012366609
6.926337e-10
-0.00043159847
0.0003789172
1.0895138e-09
-8.0575081e-05
0.00018358316
1.2355691e-09
-1.9745813e-05
1.9176185e-05
1.6509414e-09
-0.00036794983
1.0042439e-09
-0.00035676039
-4.0638354e-11
-0.00032712214
-5.0239963e-11
-0.00011818754
-5.0466238e-11
0.00026333575
1.252004e-10
0.00047342248
-6.1941373e-10
0.00018166641
-9.0829788e-10
-0.00030956349
-2.4520178e-09
-0.00038021422
-1.7172014e-09
-4.4501179e-05
-2.0347335e-09
0.0001932206
-1.3415813e-09
0.00032226077
1.754323e-09
0.00027829994
3.4561194e-09
2.4290082e-09
-0.00027829942
7.6014077e-10
-0.00032226762
5.6546402e-10
-0.00019320849
-4.5404329e-11
4.453243e-05
-8.2487671e-10
0.0003802138
-8.5653466e-10
0.00030951357
-1.4830576e-09
-0.00018168616
-1.107411e-09
-0.00047342235
-2.3611766e-09
-0.00026332963
-1.5752884e-09
0.00011819012
-8.3748195e-10
0.00032712229
-9.7164526e-10
0.00035676311
-6.7831103e-10
-4.2538612e-10
0.00013549471
-0.00015135755
1.8402538e-05
4.9663041e-05
6.7049361e-05
2.0741195e-05
-0.0001240699
0.00014669448
2.6282635e-05
-0.00017271861
1.5273188e-05
3.2284471e-05
4.7735455e-05
-0.00028786695
5.7344764e-05
3.9648555e-05
3.8968306e-05
-3.5654486e-05
-4.465632e-05
5.818566e-05
1.3417918e-05
-9.9748463e-05
5.8124432e-05
-7.0235265e-06
0.00015774372
-0.00033735512
6.3278471e-05
0.00014592417
-5.0936061e-06
8.3287138e-06
-2.70643e-05
0.00012917889
3.6029605e-05
-0.00012679866
4.6845357e-05
4.886558e-05
-0.0002222792
9.1312155e-05
0.00012679694
-0.00022227757
9.1312143e-05
2.7061879e-05
4.6845145e-05
4.8866609e-05
-0.00014592701
0.00012917947
3.6030046e-05
-0.00015774087
-5.0979039e-06
8.3299033e-06
9.9749887e-05
-0.00033735445
6.3276747e-05
4.4657703e-05
5.8125968e-05
-7.0214314e-06
-3.9646821e-05
5.8184071e-05
1.3417225e-05
-4.773373e-05
3.8967624e-05
-3.5654153e-05
0.00017272021
-0.000287868
5.7346597e-05
0.00012406983
1.5275613e-05
3.2284161e-05
-4.9663261e-05
0.00014669472
2.6282948e-05
-0.00013549508
6.7049839e-05
2.0741398e-05
-0.00015135825
1.8403123e-05
0.00030751598
-0.00045613986
-2.733596e-06
0.00027718336
9.5255718e-05
2.1263101e-06
-0.00020460612
0.00063068096
-2.1969079e-06
-0.00023562038
2.4300742e-05
2.1986714e-05
0.00014658092
-0.00063613608
-3.393247e-05
6.0923727e-05
0.00027407629
-0.00014944949
-0.00021197017
0.00046980852
-0.00013872667
-0.0001737546
0.00014096393
-0.00012105101
0.00028466363
-0.00073639674
-5.9377099e-05
0.0001456419
0.00025934961
-0.00012542281
-0.00027234909
0.00066248459
-0.00011531232
-0.00026559374
3.5201046e-05
4.8933319e-06
-0.00059384858
0.0001059769
0.00026559501
-0.00059384672
0.00010597486
0.0002723482
3.5193709e-05
4.8991246e-06
-0.00014564788
0.00066248684
-0.00011531079
-0.00028466827
0.00025934499
-0.00012542162
0.00017375095
-0.00073639365
-5.9380583e-05
0.00021196052
0.00014097844
-0.00012105494
-6.0932609e-05
0.00046980736
-0.0001387307
-0.00014658529
0.00027407099
-0.00014944997
0.00023561678
-0.00063614001
-3.3930421e-05
0.00020460005
2.4304091e-05
2.1988001e-05
-0.00027718765
0.00063067727
-2.1954598e-06
-0.0003075168
9.5251174e-05
2.1276352e-06
-0.0004561417
-2.7333337e-06
-0.00010838514
-0.0003425544
-5.2003296e-06
-7.9593174e-05
7.5171233e-05
-8.7074071e-06
6.0039869e-05
0.00052852435
-3.7476274e-05
8.0900394e-05
-5.7539877e-05
6.097985e-05
-0.00042460653
-9.0651454e-05
-3.9977644e-05
-0.00017014558
-0.00015441522
0.00017403067
0.00032509853
-0.00017936004
0.00015392205
0.00048728494
-6.0163441e-05
3.8935186e-05
-8.4270062e-05
-8.5526772e-05
-7.9321151e-05
-0.00010594384
0.00019562158
8.5404605e-05
1.9154573e-05
0.00058347146
-4.6082996e-05
0.00015945333
-0.00012988703
2.4787783e-05
-0.00040144813
-3.2946494e-05
-0.00015945353
-0.00040144832
-3.2944321e-05
-1.9154198e-05
-0.00012989535
2.4790026e-05
0.0001059409
0.00058348155
-4.6089878e-05
8.4256962e-05
0.00019562134
8.5405799e-05
-0.00048728928
-8.5529026e-05
-7.9319862e-05
-0.00032508411
-6.0174451e-05
3.8940919e-05
0.00017015406
-0.00017935627
0.00015392565
0.00042460817
-0.00015441101
0.00017402836
-8.0903263e-05
-9.0652132e-05
-3.9977352e-05
-6.0039708e-05
-5.7540141e-05
6.0979911e-05
7.9593281e-05
0.00052851748
-3.7474064e-05
0.00010838337
7.5168363e-05
-8.7074236e-06
-0.00034255771
-5.2003053e-06
1.9743926e-05
-0.00036794654
5.6481694e-06
8.0573832e-05
1.9173506e-05
-4.83209e-06
0.00043159886
0.00018358461
-6.0853038e-06
2.4224069e-05
0.0003789193
-2.9084078e-05
-0.00023879873
0.00012366063
4.8711093e-05
-6.2561531e-05
-0.00046409324
0.00013344264
0.00027429924
-0.00063754114
0.00012131931
0.00027886868
-7.3483786e-05
8.7503934e-06
-0.00021215094
0.00039494635
1.0547989e-05
-0.00031333729
0.00019371821
0.00010309067
3.2693344e-05
1.1247905e-05
0.00022619442
6.9086091e-05
-0.00023318834
6.6899414e-05
-0.00043010535
9.7742704e-05
-6.9090786e-05
-0.0004301052
9.7746976e-05
-3.2690482e-05
-0.0002331886
6.6891642e-05
0.00031333746
1.1262828e-05
0.00022619044
0.00021213443
0.00019373251
0.00010309184
-0.00027886667
0.00039491831
1.0554152e-05
-0.00027427226
-7.3527488e-05
8.7589252e-06
6.2572563e-05
-0.00063753167
0.00012133049
0.00023879904
-0.00046407794
0.00013344076
-2.4227871e-05
0.00012366932
4.8706147e-05
-0.00043159723
0.00037891737
-2.9087048e-05
-8.0575904e-05
0.00018358489
-6.0874927e-06
-1.9747341e-05
1.9178031e-05
-4.8365594e-06
-0.00036794922
5.6451837e-06
-0.00035676065
-1.1185922e-05
-0.00032712219
-1.046501e-05
-0.00011818778
-2.5349843e-05
0.00026333428
-2.6026362e-06
0.00047342185
-8.642755e-05
0.00018167196
-0.00017234426
-0.00030955057
-0.00014632106
-0.0003802158
-2.8202728e-06
-4.4510511e-05
5.9239012e-05
0.00019321904
-4.4012694e-05
0.00032226704
-0.00011779837
0.00027829875
-0.00018921662
-0.00015180418
-0.00027829936
-0.00015180509
-0.00032226865
-0.00018921876
-0.00019321043
-0.00011779545
4.4528263e-05
-4.4007011e-05
0.00038021272
5.9233003e-05
0.0003095171
-2.8333583e-06
-0.00018168861
-0.00014632707
-0.00047342175
-0.00017234717
-0.00026332789
-8.6426099e-05
0.00011819024
-2.6015924e-06
0.00032712227
-2.5348095e-05
0.00035676347
-1.0463841e-05
-1.1186167e-05
0.00013263368
-0.00012708867
1.6607019e-05
3.6183137e-05
8.6062798e-05
3.3851694e-05
-0.0001361253
0.00014490883
5.3120344e-05
-0.00023687112
5.1624333e-05
7.8961865e-05
-8.9470661e-05
-0.00025586801
0.0001551196
2.4498941e-05
-0.00025444941
9.3544238e-05
5.50564e-05
-0.00014697525
0.00011989455
-2.5880504e-05
-3.0232317e-06
7.2196673e-05
0.00011267329
-0.00024448936
0.00015332839
0.00023246013
-0.00022430154
0.00010183461
0.00010764652
8.4320761e-05
7.1647364e-05
-3.2624648e-05
0.00011556594
7.0209202e-05
-7.6814757e-05
3.1158571e-05
0.00010298187
-6.0996878e-05
-0.00011228353
9.7713295e-05
-6.7306415e-09
-0.0001598001
0.00010123674
6.0984956e-05
-0.00015980269
0.00010123771
7.6813816e-05
-0.00011229982
9.7718284e-05
3.2629312e-05
3.1148479e-05
0.00010298594
-0.00010764417
0.00011556611
7.021202e-05
-0.0002324592
8.4319787e-05
7.1649959e-05
-0.00011266966
-0.00022430511
0.0001018369
2.5885355e-05
-0.00024449447
0.00015333037
-5.5062994e-05
-3.008612e-06
7.2195762e-05
-2.4499134e-05
-0.00014698676
0.00011989719
8.9475552e-05
-0.00025445726
9.3546465e-05
0.00023687323
-0.00025586457
0.00015512054
0.00013612666
5.162576e-05
7.8960701e-05
-3.6182256e-05
0.0001449092
5.3120623e-05
-0.00013263349
8.6062966e-05
3.3852294e-05
-0.00012708894
1.660795e-05
0.00030104121
-0.00042235815
-8.5053221e-06
0.00027094089
0.00011169254
6.5968844e-06
-0.0001801391
0.00059663972
-2.847806e-06
-0.00030393771
0.00015453964
4.2870022e-05
-7.1978231e-05
-0.0005932428
7.1482844e-05
1.7302289e-05
-0.00056157889
6.8399474e-05
-1.0727083e-05
-0.00031089818
5.322564e-05
-9.0297832e-05
-3.3850843e-05
-1.0652645e-05
7.4343451e-05
-0.00055643813
8.7930387e-05
0.00022164505
-0.00054731267
5.0286716e-05
4.5286183e-05
0.00018146832
-3.6101014e-05
-0.00025596204
0.0004008724
2.0835076e-05
-0.00022463927
-4.144571e-05
0.00014725842
-0.0001081461
-0.00035525007
0.00012647338
1.8453045e-10
-0.00041159772
0.00014365134
0.00010814448
-0.00041160011
0.00014365313
0.00022465598
-0.00035528197
0.00012647064
0.00025598163
-4.145403e-05
0.00014725171
-4.5283767e-05
0.00040089856
2.0832069e-05
-0.00022165049
0.00018147959
-3.6103883e-05
-7.4343945e-05
-0.00054732089
5.0287613e-05
9.0297582e-05
-0.00055644596
8.792939e-05
1.0725497e-05
-3.3828746e-05
-1.0662719e-05
-1.7305905e-05
-0.00031091741
5.3231347e-05
7.1980493e-05
-0.00056159769
6.8404053e-05
0.00030393853
-0.00059323621
7.1483188e-05
0.0001801368
0.00015454546
4.2870026e-05
-0.00027094418
0.00059664185
-2.847132e-06
-0.00030104223
0.00011169094
6.597716e-06
-0.00042235944
-8.5050582e-06
-9.4493476e-05
-0.00034976277
1.6697762e-05
-5.1204236e-05
7.5699696e-05
-1.6003796e-05
7.0916291e-05
0.00049056015
-5.351723e-05
0.00031684904
6.4285891e-06
-3.6841847e-05
2.4467061e-06
-7.4529148e-05
-0.00024428896
-0.00025309892
-6.447447e-05
-6.7528118e-05
-8.1050962e-05
-0.00029384208
-3.518201e-05
0.00028173537
-0.00033665781
-2.1044176e-05
-5.1849979e-05
-6.5803129e-05
-0.00023637082
-0.00034643418
-3.6947735e-05
-0.00013037614
-0.00016170584
2.6702939e-05
-7.6045977e-05
4.2989769e-05
0.00024545425
-2.4489697e-05
0.00011482433
-0.00011664199
-2.9584782e-05
1.9055571e-05
-0.00021511112
-4.43702e-05
9.2484153e-09
-0.00033830611
-5.424529e-05
-1.9041442e-05
-0.00033830412
-5.4245308e-05
-0.00011483289
-0.00021511439
-4.4376148e-05
-4.300055e-05
-0.00011664052
-2.9590188e-05
0.00016170084
0.00024548032
-2.449313e-05
0.00034643124
2.6711021e-05
-7.6051715e-05
5.1845976e-05
-3.6947452e-05
-0.00013038237
-0.00028173958
-6.5804606e-05
-0.00023637566
8.1075153e-05
-0.00033666436
-2.1038189e-05
0.00025309601
-0.00029382023
-3.5192385e-05
-2.459865e-06
-6.4474159e-05
-6.7539287e-05
-0.00031685267
-7.4529778e-05
-0.00024429098
-7.0918612e-05
6.4328829e-06
-3.6841567e-05
5.1202196e-05
0.00049056321
-5.3516222e-05
9.4492065e-05
7.5698298e-05
-1.6004634e-05
-0.00034976515
1.6697477e-05
2.8902359e-05
-0.0003712776
-1.7393547e-06
0.00010370192
5.5963979e-05
-5.9895935e-05
0.00043082011
0.00020067104
-4.331438e-05
0.00022074234
0.00029213264
-0.00010471036
-0.00010204033
0.00033935724
-4.2392617e-05
-0.00018885932
0.00015691349
-1.1263189e-06
8.251344e-06
-0.00040539787
3.5764436e-05
0.00023842743
-0.00049375159
-6.4331922e-05
0.00014910562
0.00017895478
-0.00014488813
-0.0001063307
0.00042682544
-0.00010524619
-0.00018411389
0.00028384025
4.6840277e-05
-8.1465299e-05
0.00016573988
4.3965175e-05
-0.00023924515
0.00014353595
-4.6554048e-06
-0.0001691766
-0.0001996824
-8.5497259e-05
-3.6591791e-09
-0.0004353206
-7.2158451e-05
0.00016916888
-0.00043531871
-7.2157962e-05
0.00023923037
-0.00019968389
-8.549201e-05
8.1449609e-05
0.00014353339
-4.646194e-06
0.00018412662
0.00016571825
4.3976678e-05
0.00010634432
0.00028383905
4.6844709e-05
-0.00014910378
0.00042683159
-0.0001052391
-0.00023842062
0.00017894656
-0.00014488017
-8.2379172e-06
-0.0004937637
-6.4324446e-05
0.00018886149
-0.0004053649
3.5775752e-05
0.00010203316
0.00015692142
-1.126478e-06
-0.00022074398
0.00033934556
-4.2392049e-05
-0.00043081754
0.00029213048
-0.00010471106
-0.00010369767
0.00020067071
-4.3314856e-05
-2.8899574e-05
5.5963125e-05
-5.989946e-05
-0.00037127821
-1.7413152e-06
-0.00035640883
-2.6054687e-05
-0.00033536711
2.4457251e-05
-0.00018886759
2.8821686e-05
5.7809371e-05
4.285305e-05
0.00033229418
-2.1555117e-05
0.00043536169
-0.00011849828
2.9033379e-05
-0.00014539063
-0.00046643802
-1.1004722e-06
-0.00034973896
0.00012149471
-2.5542003e-05
5.8615768e-05
0.00016649653
-2.5996679e-05
0.00026637245
-0.00012335268
0.00037099273
-0.00011288851
0.00029515654
-0.00012384622
3.3863065e-09
-0.00014016745
-0.00029514868
-0.00014016666
-0.00037098538
-0.00012384721
-0.00026636519
-0.0001128919
-0.00016650477
-0.00012336095
2.553679e-05
-2.5997962e-05
0.00034974409
5.8617282e-05
0.00046643227
0.00012149138
-2.9053975e-05
-1.110807e-06
-0.00043535617
-0.00014538977
-0.00033228388
-0.00011849804
-5.780808e-05
-2.1556333e-05
0.00018886689
4.2853927e-05
0.00033536733
2.8822184e-05
0.00035640904
2.4457583e-05
-2.6055332e-05
0.00016181655
-0.00014209889
2.7823418e-06
0.00011480829
6.9537951e-05
1.7490078e-05
7.5642378e-06
0.00013372301
3.0851952e-05
-4.4477649e-05
0.00010785277
2.472296e-05
-6.0277705e-05
8.5734292e-05
8.9312509e-05
-1.0469357e-05
-2.6275507e-05
7.0503814e-05
1.2907828e-05
5.4365156e-05
4.2849215e-05
1.4216061e-05
5.9114066e-05
1.1851818e-05
6.556984e-05
6.7245567e-05
3.373149e-05
6.5458243e-05
7.7550718e-05
2.5404651e-05
3.8720169e-05
8.7940165e-05
1.0702739e-05
-1.2855317e-06
9.5455986e-05
1.5652428e-05
-3.3466227e-05
0.00011211451
2.5637588e-05
-3.7264414e-05
0.00012584547
-2.0172202e-05
-2.6041536e-09
8.6716113e-05
-1.793738e-05
3.7260887e-05
8.6714851e-05
-1.7936828e-05
3.3464568e-05
0.00012584538
-2.0168955e-05
1.2861264e-06
0.00011211386
2.5639977e-05
-3.8718814e-05
9.5456297e-05
1.5654083e-05
-6.5456658e-05
8.7940691e-05
1.0704776e-05
-6.5570113e-05
7.7555959e-05
2.540542e-05
-1.4216211e-05
6.7244807e-05
3.3733639e-05
-1.2904209e-05
5.9111053e-05
1.1849128e-05
1.0472259e-05
5.4368493e-05
4.2848679e-05
6.0275631e-05
-2.626556e-05
7.0501314e-05
4.4475723e-05
8.5736693e-05
8.9311228e-05
-7.5632127e-06
0.000107853
2.4718502e-05
-0.00011480763
0.00013372341
3.0852207e-05
-0.00016181625
6.9538293e-05
1.7490687e-05
-0.00014209862
2.7832755e-06
0.00029233355
-0.00041342815
-2.9509601e-05
0.00027528602
0.00014286712
-4.9684756e-05
-6.9226412e-05
0.00054985374
-7.4466097e-05
-0.0002071071
0.0002968606
-8.2571136e-06
-0.00019966514
5.7801174e-05
9.1974008e-05
-0.00011061697
-0.00014069894
9.377474e-05
-4.6954803e-05
-7.0745465e-06
5.1003178e-05
3.1906101e-05
-1.8545859e-05
-1.1853625e-05
7.8131242e-05
7.5677806e-05
3.3273003e-05
0.00012329604
6.1799555e-05
2.0873077e-05
0.00013284958
5.3515979e-05
-1.123038e-05
0.00014903399
0.00012420625
-2.4099613e-05
0.00011765071
0.00027374677
1.700944e-05
1.0092003e-05
0.00042581512
-6.5937561e-05
-1.2932225e-09
0.00029813923
-5.7678481e-05
-1.0093494e-05
0.00029813658
-5.7676406e-05
-0.00011764886
0.0004258065
-6.5935115e-05
-0.00014902893
0.00027373711
1.700851e-05
-0.00013284608
0.00012420942
-2.410391e-05
-0.00012329005
5.3512838e-05
-1.1232064e-05
-7.8135915e-05
6.1818761e-05
2.0870682e-05
-3.1905988e-05
7.5669318e-05
3.3274955e-05
4.6955341e-05
-1.8554781e-05
-1.1858212e-05
0.00011062096
-7.0702255e-06
5.1004443e-05
0.00019965978
-0.00014067817
9.3777844e-05
0.00020710401
5.780132e-05
9.1974328e-05
6.9224328e-05
0.00029686222
-8.2595097e-06
-0.00027528774
0.00054985558
-7.446724e-05
-0.00029233352
0.00014286672
-4.9684925e-05
-0.00041342784
-2.9509349e-05
-0.00018506691
-0.00023991573
2.8252256e-05
-9.3674558e-05
4.2165384e-05
-6.6944112e-06
-7.8263932e-05
0.0005367063
-5.5780417e-05
2.8713737e-05
0.00016888241
-1.5841324e-05
1.154523e-05
-4.7790406e-05
-0.00012152887
-4.5120126e-05
-4.7888835e-05
-0.00010367286
7.5260605e-07
-3.6767877e-05
-5.1361412e-05
1.1443795e-05
-4.8247877e-05
-2.0333506e-06
-6.2660103e-05
-2.6447733e-05
-6.0141393e-05
-7.0311347e-05
-5.7363419e-06
-5.5189019e-05
-3.1186919e-05
-5.5124435e-05
-6.5300066e-06
7.1508205e-05
-1.5306797e-05
1.2328217e-05
0.00011243902
0.00015152211
5.1709057e-05
4.8661146e-06
0.000383726
0.00010529182
1.1209214e-09
0.00012850586
0.00012025307
-4.8639295e-06
0.0001285023
0.00012025402
-0.00011243815
0.0003837173
0.00010528726
-7.1506937e-05
0.00015151191
5.1703787e-05
3.1187336e-05
-1.5303635e-05
1.2325645e-05
7.030441e-05
-5.5123287e-05
-6.5326691e-06
6.2662516e-05
-5.7314345e-06
-5.5190281e-05
-1.1450694e-05
-2.6448208e-05
-6.0144924e-05
-7.470467e-07
-4.8273141e-05
-2.0234737e-06
4.5119104e-05
-3.6763392e-05
-5.136537e-05
-1.1541776e-05
-4.7885971e-05
-0.0001036706
-2.87106e-05
-4.7793082e-05
-0.00012152775
7.8262464e-05
0.00016888391
-1.5836315e-05
9.3672765e-05
0.00053671052
-5.5781449e-05
0.00018506756
4.2161669e-05
-6.6943715e-06
-0.00023991472
2.8251926e-05
-3.6804453e-05
-0.00029574281
9.089218e-05
4.9540836e-05
-0.00012732383
2.3247996e-05
0.00042994582
0.00010213959
1.0847348e-05
0.00039829759
0.00020118846
-0.00010536818
0.00015212673
0.00033690615
-0.00018091831
-2.9486546e-05
0.00039382079
-0.00026122266
-0.000113824
0.00029841077
-0.00021507675
-1.0785427e-06
-1.4940247e-05
-0.00021038502
0.00013103282
-7.3856794e-05
-0.00022959045
1.6894562e-05
0.00028317945
-0.00028002374
-0.00017568783
0.00044277594
-0.00025847773
-0.00038041956
0.00044177408
-0.00020838399
-0.00039503674
0.00032634435
-0.00016486047
-0.00018619973
9.1010692e-05
-1.6189618e-06
2.9911253e-09
-0.00016634904
3.6493727e-05
0.00018620588
-0.00016635074
3.6492186e-05
0.00039504109
9.1010052e-05
-1.6199947e-06
0.00038041691
0.00032635035
-0.00016486048
0.00017568527
0.00044177705
-0.00020837237
-1.6897933e-05
0.00044277686
-0.00025847225
-0.0001310307
0.00028318211
-0.00028001989
1.0878183e-06
-7.3861009e-05
-0.00022958589
0.00011381142
-1.4931603e-05
-0.00021038959
2.9484038e-05
0.00029841452
-0.00021507478
-0.00015212839
0.00039382099
-0.00026122101
-0.0003983006
0.00033690177
-0.00018091469
-0.00042994564
0.00020118457
-0.00010536667
-4.9536226e-05
0.00010213906
1.0847202e-05
3.6807227e-05
-0.00012732786
2.3246632e-05
-0.00029574062
9.0891818e-05
-0.00030258802
-1.9209473e-05
-0.0003804906
-2.4963993e-05
-0.00024157813
-7.9511982e-06
-0.00011048381
0.0001129472
7.1125502e-05
0.00013374173
0.00019798627
0.00014846175
0.00016091027
0.00019009614
-7.6141692e-05
0.00022101123
-0.00033165649
0.00030315269
-0.0002766881
0.00028682682
-7.5651163e-05
0.0002157423
0.00012335768
0.00011941254
0.00027975552
5.7058e-05
0.0002665116
-1.9591606e-05
4.5480862e-10
-4.0005362e-05
-0.00026651145
-4.0005505e-05
-0.00027975593
-1.9592691e-05
-0.00012335718
5.7059682e-05
7.5648309e-05
0.0001194106
0.00027668782
0.00021573938
0.0003316603
0.00028682691
7.6140868e-05
0.00030314981
-0.00016090929
0.00022100775
-0.00019798257
0.00019009803
-7.1120422e-05
0.00014846081
0.00011048808
0.00013373695
0.00024157871
0.00011294787
0.00038049126
-7.9512929e-06
0.00030258573
-2.4964735e-05
-1.9210224e-05
0.00018488183
-0.00015991742
-1.380418e-05
0.00013041997
0.00011245041
-3.0719539e-05
3.4977798e-05
0.00015049344
-1.7218097e-05
9.7811153e-07
0.0001218906
-6.0348531e-05
-2.8488992e-05
0.00012498645
-3.4353938e-06
-4.4972427e-05
0.00011976089
-3.1322021e-05
-2.4133514e-05
0.00010685151
-8.4191733e-05
6.8067705e-06
8.1337314e-05
-0.00010035193
5.6612306e-05
8.6252551e-05
-0.0001032306
7.3095808e-05
0.0001015007
-9.2284721e-05
4.4784533e-05
0.0001188088
-7.8342228e-05
-1.0892498e-05
0.00012987124
-5.6170401e-05
-6.7434248e-05
0.00013930505
-5.298819e-05
-4.9496519e-05
9.4491489e-05
-0.0001270376
-1.7045205e-09
8.0762195e-05
-0.00014222385
4.9493542e-05
8.0762229e-05
-0.00014222381
6.7433688e-05
9.449121e-05
-0.00012703666
1.0892621e-05
0.00013930524
-5.2986844e-05
-4.4784131e-05
0.00012987065
-5.6168595e-05
-7.3095701e-05
0.00011880858
-7.8339748e-05
-5.6612959e-05
0.00010150096
-9.228336e-05
-6.8076282e-06
8.6252367e-05
-0.00010322842
2.4134334e-05
8.1335481e-05
-0.00010035496
4.4973068e-05
0.00010685251
-8.4193391e-05
2.848906e-05
0.00011976226
-3.1325506e-05
-9.7795868e-07
0.00012498663
-3.4368489e-06
-3.4973354e-05
0.00012188863
-6.0355558e-05
-0.00013041702
0.00015049367
-1.7216662e-05
-0.00018488069
0.00011245185
-3.0718642e-05
-0.00015991628
-1.3803253e-05
0.000273541
-0.00042068346
-4.2284549e-05
0.00033193006
0.00015123671
-0.00014686012
0.0001185964
0.00049150496
-0.00020214395
-7.3203401e-05
0.00045600156
-0.00015056827
-8.5496836e-05
0.00027937734
-5.0123452e-05
-7.4487344e-05
0.00026737265
-6.4846515e-05
-4.2591437e-05
0.00022852966
-0.00010257087
-2.543069e-06
0.00018434402
-0.0001549087
5.1225419e-05
0.0002148851
-0.00014912804
7.4380425e-05
0.00025183757
-0.00015261881
6.4368745e-05
0.00026680009
-0.00014921
2.7856625e-05
0.00031583469
-0.00017355095
-2.1059077e-05
0.00036672981
-0.00016149961
-2.7240686e-05
0.0002137693
-0.00017903376
5.663522e-10
0.00021777869
-0.00022193622
2.7242025e-05
0.00021778023
-0.00022193587
2.1060792e-05
0.00021377148
-0.00017903416
-2.7857566e-05
0.00036673116
-0.00016149906
-6.4367094e-05
0.00031582669
-0.00017355042
-7.4379222e-05
0.00026679935
-0.00014921071
-5.1227013e-05
0.00025183825
-0.00015261882
2.5370549e-06
0.00021489172
-0.00014912847
4.2591352e-05
0.0001843314
-0.00015490843
7.4492319e-05
0.00022852506
-0.00010256907
8.5494575e-05
0.00026738173
-6.4843892e-05
7.3203939e-05
0.00027937189
-5.0120302e-05
-0.00011859445
0.00045599473
-0.00015056721
-0.00033192843
0.00049150677
-0.00020214635
-0.00027353982
0.00015123934
-0.00014686101
-0.00042068153
-4.2283911e-05
-0.00030673296
-4.6684479e-05
-3.9013763e-05
-0.00013775677
-2.3787349e-05
-6.4653947e-07
-7.0961444e-05
0.00039588719
-2.6957972e-05
-5.9582585e-05
0.00039095444
3.782694e-05
-2.728532e-05
0.00017669416
-5.1142954e-05
-3.3167116e-05
0.00018740434
-1.782275e-05
-5.0377773e-05
0.00011576683
7.8612074e-05
7.9564074e-06
7.9455624e-06
0.00011603093
5.1897407e-05
-1.592247e-05
0.00012672516
5.0685308e-05
0.00010789575
8.9964882e-05
2.81623e-05
0.00021224094
7.0552138e-05
6.9546093e-05
0.00024531733
4.1461781e-05
0.00010459453
0.00029445282
8.8937598e-05
5.0201829e-05
0.00018703738
0.00018641644
8.9479139e-10
0.0001690636
0.00021916909
-5.0200012e-05
0.000169065
0.00021917015
-0.00010459264
0.00018703815
0.0001864132
-6.9546472e-05
0.00029445347
8.8935299e-05
-2.816328e-05
0.00024530826
4.1460871e-05
-5.0685527e-05
0.00021224042
7.0548503e-05
-5.1895112e-05
0.00010789558
8.996197e-05
-7.9519624e-06
-1.5920259e-05
0.00012672391
5.0381671e-05
7.9417558e-06
0.00011603254
3.3166826e-05
0.00011576121
7.8613321e-05
2.7286591e-05
0.00018740962
-1.781825e-05
5.9583804e-05
0.00017668579
-5.1138853e-05
7.0956471e-05
0.00039094576
3.783999e-05
0.00013775422
0.00039588529
-2.6957712e-05
0.00030673118
-2.3786705e-05
-6.4527603e-07
-4.6685315e-05
-3.9013109e-05
-0.00015903318
8.6124148e-05
0.00011711674
-0.00014664372
-0.00021607713
0.00020314832
0.00010179525
-7.3588326e-05
0.00023188389
0.00023565879
3.4455558e-05
0.00011726716
7.9198905e-06
0.00025800766
-3.4492896e-05
-0.00013454986
0.0001362157
-6.756427e-05
-9.631276e-05
-7.1969373e-05
-6.557766e-05
-2.1716615e-05
-0.00022930961
-4.7725998e-05
5.6940377e-05
-0.0002949557
-2.9214233e-05
6.9943845e-05
-0.00011836979
-6.6761686e-05
5.8982774e-06
9.6200719e-05
-7.8391956e-05
-9.0771687e-05
0.00022040058
-8.6797296e-05
-2.9171114e-05
0.00010458782
-3.6596045e-05
5.815841e-06
0.00011848305
3.1948413e-05
-2.2677163e-09
0.00016072621
5.0649214e-05
-5.813978e-06
0.00016071867
5.0650223e-05
2.9175712e-05
0.00011848104
3.1947403e-05
9.0777175e-05
0.00010458754
-3.6596022e-05
-5.899827e-06
0.00022041093
-8.6798058e-05
-6.9947209e-05
9.6207207e-05
-7.8391658e-05
-5.6940634e-05
-0.00011836977
-6.6761111e-05
2.1724238e-05
-0.00029495866
-2.9212353e-05
9.63097e-05
-0.00022930246
-4.7730839e-05
0.00013454268
-7.1967889e-05
-6.5578656e-05
-7.9195647e-06
0.00013621598
-6.7565121e-05
-0.00023566631
0.00025801711
-3.4499261e-05
-0.00010180059
3.4450917e-05
0.00011726247
0.00014664354
-7.3592806e-05
0.00023188118
0.00015903403
-0.000216077
0.00020314646
8.6124662e-05
0.00011711588
5.3282226e-05
1.3632454e-05
-0.0001266995
-6.1059397e-05
-0.00017599232
-3.2246702e-05
-7.3010037e-05
4.4420478e-05
0.00018564376
0.00013309559
0.00027949343
0.00019082778
0.00018503747
0.00021258272
-9.740952e-06
0.00018648003
-0.00019852902
0.00019698505
-0.00026467287
0.00023460086
-0.00019688183
0.00024415197
-4.9903386e-05
0.00019283466
-2.8413712e-05
0.00014015614
-3.1679652e-05
0.00010215737
9.0646929e-10
8.9040281e-05
3.1675904e-05
8.9038153e-05
2.8406609e-05
0.00010215763
4.9895257e-05
0.00014015856
0.00019688281
0.00019283397
0.00026467756
0.00024415183
0.00019853205
0.00023460265
9.7393694e-06
0.00019698383
-0.00018503916
0.00018648382
-0.00027949453
0.0002125855
-0.00018564399
0.00019082624
7.3018123e-05
0.00013309195
0.00017599704
4.4419877e-05
0.00012669974
-3.224679e-05
-5.3282113e-05
-6.1059876e-05
1.3632328e-05
0.00012467559
-0.00013109865
9.4271661e-05
5.8610688e-06
1.4921338e-06
8.3447232e-05
3.5623871e-06
-5.8652384e-05
-0.00010481271
0.00011089527
-0.00018016522
4.7257708e-05
-8.6928064e-05
-0.0001772377
1.5871966e-06
-0.00018948633
9.807253e-05
-0.00020144952
0.00012816349
-0.00012197387
9.6143487e-05
-4.4100668e-05
-5.8191068e-05
0.00010167597
-0.00020270605
9.7832136e-05
-9.1871412e-05
-0.00023567439
7.5656049e-11
-0.00023267456
9.1872549e-05
-0.00023267556
0.00020270632
-0.00023567256
5.8192464e-05
9.7832269e-05
-9.6141445e-05
0.00010167709
-0.00012816396
-4.4095667e-05
-9.8076263e-05
-0.00012196927
-1.5936537e-06
-0.00020144462
8.6925981e-05
-0.0001894941
0.00018016651
-0.00017724281
0.00010481245
4.7255559e-05
-3.5621493e-06
0.00011089391
-1.4812743e-06
-5.8667753e-05
-9.4262728e-05
8.3449969e-05
-0.0001246752
5.8704139e-06
-0.00013109726
0.00021606266
-0.00038944585
0.00017336036
-9.8296751e-05
5.5367316e-05
-7.0367207e-07
4.4670852e-05
-0.00019852419
-0.00017609427
0.00028153694
-0.00025621391
6.2530835e-05
-8.9494154e-05
-0.00044652833
8.6478751e-07
-0.00043475398
0.00010297197
-0.00045268475
0.00015125891
-0.00032287963
0.00013444325
-0.00017649501
-8.4392369e-05
0.00014696064
-0.00016598414
1.7924288e-05
-3.3485429e-05
-0.00054720685
3.7211924e-10
-0.00048809658
3.3487515e-05
-0.00048809858
0.000165985
-0.0005472042
8.4393059e-05
1.7925136e-05
-0.00013443883
0.00014695855
-0.0001512577
-0.0001764875
-0.00010297381
-0.00032287199
-8.6816611e-07
-0.00045267873
8.9494896e-05
-0.00043476559
0.00025621931
-0.00044653629
0.00017608865
6.2542328e-05
-4.4685511e-05
0.00028154777
-5.5355869e-05
-0.0001985646
-0.00017335283
-6.9941559e-07
-0.00021606305
-9.8280374e-05
-0.00038944422
-0.00016634176
-0.00026211785
-0.00013528398
-0.00013000107
-7.5167988e-05
-8.7777634e-05
-0.00020533338
-3.0531859e-05
-2.0091422e-05
4.5152032e-05
0.00022627012
-0.00020165345
0.00015069371
-0.00029233985
5.1354428e-05
-0.00021938378
-7.1623533e-05
-0.00020298163
-7.5470085e-05
-0.0002290682
3.3735959e-05
-0.00021514893
0.00025958
-3.7421635e-05
0.00042699688
-6.0554999e-05
0.00020867803
-0.00014247157
8.2720113e-10
-6.0250293e-05
-0.00020867981
-6.0247799e-05
-0.0004269986
-0.00014247222
-0.00025957996
-6.0558218e-05
-3.3738908e-05
-3.7421634e-05
7.5470821e-05
-0.00021514873
7.163312e-05
-0.00022907232
-5.1343496e-05
-0.00020297821
-0.00015068327
-0.00021939328
-0.00022625797
-0.00029234827
2.0102733e-05
-0.00020163663
0.00020533725
4.5174405e-05
7.5141163e-05
-3.0528518e-05
0.00013526242
-8.7778375e-05
0.0001663381
-0.00013000132
-0.00026211923
0.0001433337
-0.0002883348
0.00010059085
0.00011589011
-0.00013289669
0.0003775938
-0.00025556851
0.00020940712
-0.00010078031
-0.00014412906
-6.2943858e-05
-0.00030705417
-4.0373657e-05
-0.00038048772
-1.7021381e-05
-0.00029046206
1.7307093e-05
-0.00026652435
1.9135051e-05
-0.00029765786
-1.4013368e-05
-0.00026039248
-5.1342935e-05
-8.6889375e-05
-8.5353837e-05
-6.3140148e-05
-4.6978432e-05
-0.00014889857
-1.2930037e-10
-5.6579391e-05
4.6979492e-05
-5.6577206e-05
8.5355045e-05
-0.00014890039
5.1346108e-05
-6.3145314e-05
1.4011174e-05
-8.6884769e-05
-1.913923e-05
-0.00026038999
-1.7310297e-05
-0.00029766236
1.7017656e-05
-0.00026651851
4.0367356e-05
-0.00029047383
6.2937564e-05
-0.00038049713
0.00010077843
-0.00030704262
0.00025557307
-0.00014411949
0.00013290604
0.00020940099
-0.00010058501
0.00037759387
-0.00014333068
0.00011589082
-0.00028833403
-0.00027470234
-0.00021987163
0.00012547548
0.00037930308
0.00036826961
0.00025204322
8.4138216e-05
-1.9843824e-05
-8.9383135e-05
-0.00015244015
-0.00016868067
-6.2735393e-05
1.4280591e-05
-3.2460606e-05
2.7884447e-10
3.2461216e-05
-1.4281549e-05
6.2731686e-05
0.00016868088
0.00015244273
8.9383012e-05
1.9848323e-05
-8.414168e-05
-0.0002520533
-0.00036826967
-0.0003792972
-0.00012547633
0.00021987076
0.00027470171
)
;

boundaryField
{
    minX
    {
        type            calculated;
        value           uniform 0;
    }
    maxX
    {
        type            calculated;
        value           uniform 0;
    }
    minY
    {
        type            calculated;
        value           nonuniform List<scalar> 
292
(
-7.3811965e-06
-8.3779328e-06
-5.8930195e-06
-3.7495076e-06
-2.5398017e-06
-2.5397762e-06
-3.7494913e-06
-5.8929816e-06
-8.3778954e-06
-7.381117e-06
-6.176726e-06
-9.7789491e-06
-6.16809e-06
-2.7227397e-06
-1.959087e-06
-1.9590499e-06
-2.7227508e-06
-6.168078e-06
-9.77893e-06
-6.1766812e-06
-7.8857156e-06
-6.9812238e-06
-4.2105484e-06
5.6192842e-07
7.5553029e-07
7.5558347e-07
5.6189744e-07
-4.2105615e-06
-6.9812127e-06
-7.8858004e-06
-3.7665434e-06
-2.8192955e-06
-1.571727e-06
2.4441695e-06
1.09085e-06
1.0908864e-06
2.4440925e-06
-1.5719823e-06
-2.8194199e-06
-3.7663998e-06
-5.9555824e-06
-2.7713757e-06
-4.1266337e-06
1.069283e-05
1.0067443e-05
1.0067582e-05
1.0692721e-05
-4.1271426e-06
-2.7714373e-06
-5.9555567e-06
-3.2271732e-06
-1.4515478e-06
-4.9204799e-07
1.1281219e-05
4.7738071e-06
4.7737901e-06
1.1281085e-05
-4.9241394e-07
-1.4516126e-06
-3.2272225e-06
-1.9145925e-07
-6.4963292e-07
-6.9760974e-07
9.9412138e-06
1.2702877e-05
1.2702973e-05
9.9411673e-06
-6.9700713e-07
-6.4947443e-07
-1.9118564e-07
6.1895659e-07
-7.4242705e-08
-7.8185744e-08
4.7408227e-06
3.9936935e-06
3.9935471e-06
4.7399388e-06
-7.7441792e-08
-7.3853015e-08
6.1914779e-07
1.7333241e-06
9.0385313e-07
9.9712122e-07
1.5886646e-05
1.6587483e-05
1.6587136e-05
1.5885641e-05
9.9755771e-07
9.0400387e-07
1.7335897e-06
-4.0202593e-07
-2.9457905e-07
-1.0065359e-06
1.1008827e-05
8.5823657e-06
8.5823843e-06
1.1008813e-05
-1.0091685e-06
-2.948296e-07
-4.018046e-07
-2.2218216e-06
-1.4527335e-06
-2.5782728e-07
4.8750948e-06
7.7791856e-06
7.7791673e-06
4.8750877e-06
-2.5746705e-07
-1.4525636e-06
-2.2215628e-06
-3.5120344e-06
-2.3715804e-06
-8.9378226e-07
3.3614234e-06
4.0226992e-06
4.0227451e-06
3.3616015e-06
-8.9351205e-07
-2.3713766e-06
-3.5118215e-06
-6.3055087e-06
-4.1376895e-06
-2.5896502e-06
1.3615562e-06
4.1679942e-06
4.1680545e-06
1.3618179e-06
-2.5895312e-06
-4.1375222e-06
-6.3053409e-06
-2.1979724e-06
-5.5639278e-06
-4.1618564e-06
-1.247821e-06
-1.2476364e-06
-4.1617771e-06
-5.5638122e-06
-2.1978509e-06
-1.4208185e-06
-5.9706091e-06
-4.8039076e-06
-2.4268437e-06
-2.4267829e-06
-4.8037993e-06
-5.9705387e-06
-1.420776e-06
-1.4207408e-06
-5.9705638e-06
-4.8038762e-06
-2.4267698e-06
-2.4267081e-06
-4.8037978e-06
-5.970496e-06
-1.4207148e-06
-2.1979729e-06
-5.5637296e-06
-4.1618376e-06
-1.2473765e-06
-1.2473232e-06
-4.1618174e-06
-5.5636461e-06
-2.1978742e-06
-6.3053795e-06
-4.1374328e-06
-2.5894572e-06
1.3621745e-06
4.1681881e-06
4.1682906e-06
1.3622294e-06
-2.5894587e-06
-4.1373521e-06
-6.305263e-06
-3.5118447e-06
-2.3712973e-06
-8.9357065e-07
3.361905e-06
4.0229586e-06
4.0230693e-06
3.3619566e-06
-8.9342283e-07
-2.3712257e-06
-3.5117755e-06
-2.221681e-06
-1.4525369e-06
-2.5782609e-07
4.8751858e-06
7.7792277e-06
7.7793947e-06
4.8753302e-06
-2.5766285e-07
-1.452487e-06
-2.2215652e-06
-4.018111e-07
-2.9486382e-07
-1.0104927e-06
1.1008999e-05
8.5825357e-06
8.582734e-06
1.1008567e-05
-1.0110209e-06
-2.9491603e-07
-4.0178598e-07
1.73353e-06
9.0416705e-07
9.9761283e-07
1.5885961e-05
1.6586642e-05
1.6586689e-05
1.5885838e-05
9.9802141e-07
9.043635e-07
1.7335896e-06
6.19294e-07
-7.3471285e-08
-7.7483111e-08
4.742139e-06
3.993933e-06
3.9936344e-06
4.7397698e-06
-7.6418743e-08
-7.335691e-08
6.1950929e-07
-1.9118435e-07
-6.4940216e-07
-6.9697267e-07
9.9415499e-06
1.2703091e-05
1.2703442e-05
9.9429363e-06
-6.9645188e-07
-6.4917611e-07
-1.9110883e-07
-3.2274103e-06
-1.4515656e-06
-4.9248637e-07
1.1281873e-05
4.7741998e-06
4.7743486e-06
1.1281959e-05
-4.9266073e-07
-1.4514281e-06
-3.2270107e-06
-5.9561062e-06
-2.7714964e-06
-4.1270665e-06
1.0692827e-05
1.0068005e-05
1.0068081e-05
1.0692948e-05
-4.1274695e-06
-2.7715304e-06
-5.9561559e-06
-3.768061e-06
-2.8193058e-06
-1.5718734e-06
2.4442362e-06
1.0910377e-06
1.0910654e-06
2.4442677e-06
-1.5718611e-06
-2.8191765e-06
-3.7686785e-06
-7.8860766e-06
-6.9811169e-06
-4.2104775e-06
5.6208572e-07
7.5580446e-07
7.5581674e-07
5.6204885e-07
-4.2105724e-06
-6.9811406e-06
-7.8851754e-06
-6.1766675e-06
-9.7788683e-06
-6.1680265e-06
-2.7225568e-06
-1.9588567e-06
-1.9588968e-06
-2.722623e-06
-6.1680628e-06
-9.7788519e-06
-6.176587e-06
-7.3810572e-06
-8.3778395e-06
-5.8929255e-06
-3.7493228e-06
-2.5396075e-06
-2.5396324e-06
-3.7493813e-06
-5.8929579e-06
-8.3778806e-06
-7.3811845e-06
)
;
    }
    minZ
    {
        type            calculated;
        value           uniform 0;
    }
    maxZ
    {
        type            calculated;
        value           uniform 0;
    }
    bottomWater_to_rightSolid
    {
        type            calculated;
        value           uniform 0;
    }
    bottomWater_to_leftSolid
    {
        type            calculated;
        value           uniform 0;
    }
    bottomWater_to_heater
    {
        type            calculated;
        value           uniform 0;
    }
}


// ************************************************************************* //
