/*--------------------------------*- C++ -*----------------------------------*\
| =========                 |                                                 |
| \\      /  F ield         | OpenFOAM: The Open Source CFD Toolbox           |
|  \\    /   O peration     | Version:  v2012                                 |
|   \\  /    A nd           | Website:  www.openfoam.com                      |
|    \\/     M anipulation  |                                                 |
\*---------------------------------------------------------------------------*/
FoamFile
{
    version     2.0;
    format      ascii;
    class       surfaceScalarField;
    location    "570/bottomWater";
    object      phi;
}
// * * * * * * * * * * * * * * * * * * * * * * * * * * * * * * * * * * * * * //

dimensions      [1 0 -1 0 0 0 0];
oriented        oriented;


internalField   nonuniform List<scalar> 
3858
(
-6.0329698e-05
0.00017591422
-0.00011503992
-0.00010369687
0.00015965362
-0.00011513708
-8.4795084e-05
0.00012610376
-0.00014453918
-8.2521973e-05
0.00015342013
-0.00015598598
-1.5144149e-05
0.00011822678
-0.00018668075
3.6290793e-05
0.00016081061
-0.00021146583
9.2313126e-05
9.9019345e-05
-0.00015326992
0.00013868697
5.5096903e-05
-9.9215261e-05
3.8495123e-05
0.00017354364
-7.093988e-05
-4.6390325e-05
0.00017980084
-9.3714233e-05
-0.00012871013
0.00016230807
-7.9638408e-05
-0.0002435647
0.00010903123
8.3067101e-06
-0.00014894652
-0.00020511295
0.00010939803
-7.7153318e-05
-0.0001855715
0.00011269283
4.7658738e-05
-0.00022296711
9.7909168e-05
0.00020737526
-0.00023643013
7.6016649e-05
0.00021029388
-7.1597866e-06
7.7186527e-06
0.0003115168
-0.00017487232
7.4428939e-05
0.00028640725
-2.5842358e-05
5.3745287e-05
0.0001229396
0.00014627181
1.9747505e-05
-6.8098881e-05
0.00015835886
3.3209269e-05
-8.5117352e-05
5.1679644e-05
-3.3450206e-05
0.0001636506
-0.00022025248
-2.9069005e-05
0.00015376064
0.00011920297
-0.00010379666
6.5785645e-05
0.00013767763
-4.6683407e-05
-2.8255937e-05
8.4409194e-05
1.2544176e-05
-3.7275291e-06
-1.5822831e-05
-4.6837494e-06
0.00019281967
-0.00030092957
0.00010689088
0.00016742622
-2.972696e-05
6.0490316e-05
0.00015443193
1.7647164e-05
-0.00023047238
0.00046929973
-6.2913123e-05
-3.9222259e-05
1.4772101e-05
-4.6368612e-05
0.0001490245
8.0371578e-05
-0.00014251458
-2.1886032e-05
0.00062439347
-0.00030006281
-0.00022655293
0.00065160684
-0.00032871317
-0.00024759907
0.00043703465
-0.0002551779
-5.1290459e-06
-8.1758766e-06
-0.0001352748
0.00020065164
-0.00012745225
-2.3231526e-05
0.00018837826
0.00015778295
2.8034066e-05
-0.00013855371
0.00051884373
-1.2110922e-05
-0.00043896277
0.00053897732
-7.626019e-05
-0.00038822437
5.3760686e-06
5.2916754e-05
-0.0002150084
-0.00053177553
0.00015344662
-0.0001416019
-0.00044722496
0.00018824695
1.4938237e-05
-0.00048147497
0.00010196773
0.00019370372
-0.00051668578
0.00010149017
0.00024788852
-8.4243346e-05
2.2898762e-05
0.00040646604
-0.00049301013
0.00015956028
0.00043881862
-0.0002031605
0.00014496556
0.00014069476
0.00035969037
8.4705299e-05
-0.00034587749
0.00067656024
-3.1629138e-05
-0.00034731662
0.00014232663
-8.9207856e-05
0.00010760558
-0.00058936141
-8.5813282e-05
0.00029208735
9.2860507e-05
-0.00015813931
-4.6147942e-06
0.00064173638
-0.00020735661
-0.00025806666
0.00045516698
-0.00011730593
-0.00011486296
-0.00015189798
-7.1285358e-06
0.00014676327
-0.00067066635
0.00010811055
0.00024365361
-0.00022116568
9.4548384e-05
0.00033582374
6.2261801e-05
3.2558409e-05
0.00038802231
4.8719003e-05
-8.9577101e-05
-0.00010137218
0.00023827979
-0.00013135702
-1.2810961e-05
0.00013496246
-8.1183395e-05
0.00058198119
-7.7613353e-06
-2.9525043e-05
0.00063438332
-3.4434825e-05
9.6558107e-05
0.00032636233
-1.5410822e-05
3.5415518e-05
-0.00012388643
0.00017685315
-0.00015205411
-0.00013468088
0.00019469825
-7.499933e-05
-2.761426e-06
8.3489604e-05
-1.7145075e-05
0.00044314273
1.7846749e-05
0.00017539256
0.00043910104
-9.2661355e-05
0.00039278685
-6.3579796e-05
-0.00014843842
8.7817166e-05
-0.00010773256
-0.00011907329
-0.00014003523
-0.00010494819
-0.00011442438
-7.7193518e-05
-0.00051121268
-3.3103994e-05
-1.9231229e-05
-0.0005840084
9.3603192e-06
0.00015491947
-0.00029425221
3.5858158e-05
-0.00010546127
-0.00012785128
-0.00010477812
-8.5114118e-05
-0.00013876966
-8.4738007e-05
4.2760516e-05
0.00022919626
2.6194636e-06
0.00010901858
0.00059938196
1.0920208e-05
0.0001273584
4.4149042e-05
7.9837755e-05
-0.00031711735
-0.00011848996
-2.6395696e-05
-0.00020647888
8.0990627e-06
-2.5877027e-05
-7.7231325e-05
0.00049968933
1.2799497e-05
0.00013286212
0.00012516156
0.00011991199
0.00021631871
-0.00029084123
5.5486662e-05
-0.00013620794
-0.00024193896
-7.6200724e-05
-0.00014703649
-8.9712548e-05
-0.00012062457
0.00022848502
-3.9697761e-05
0.00021571432
7.9534213e-05
9.2773776e-05
-0.00017437051
0.00028560057
3.1120743e-06
-0.00040800911
0.00025803435
-3.7206716e-05
-0.00015140031
0.00031160581
1.3766579e-05
9.3536776e-05
0.00039489875
-5.4525195e-06
0.00027149439
0.00016947093
-2.1066207e-05
-3.6373044e-05
0.00023998284
-5.6001843e-05
-0.0004104002
0.00029466516
-5.5318878e-05
-0.00032190193
-6.508398e-05
-2.6175703e-05
-1.0460531e-05
0.0001219212
9.7801366e-06
0.00026000501
0.00018194472
-1.3309213e-05
0.00025363719
2.6611036e-05
-8.3823011e-05
9.6809864e-05
0.00010358973
-5.4494963e-05
-1.6563894e-05
7.7402005e-05
-6.8976444e-05
-1.9240031e-05
-0.00048479593
-2.3740616e-05
-5.430405e-05
-0.00054278131
-6.1630743e-06
-6.393177e-05
-0.00025450901
-3.0115484e-05
-0.0001711187
5.3742551e-05
-7.4406912e-05
-0.00020063249
1.4546748e-05
-0.00012380262
-2.8771724e-05
6.9127602e-05
-1.1792115e-05
0.0002364823
0.00025536416
7.876376e-05
1.8807451e-05
0.00015008942
0.00011173447
-0.00036103885
0.00013849906
0.00012285727
-0.00038342912
2.0762907e-05
9.7264249e-06
6.4196116e-05
-3.9017884e-05
9.1081986e-05
0.00025781723
-0.00025221931
0.00018375976
0.00017595688
-0.00027820846
6.9227593e-05
1.3424466e-06
-8.5726636e-05
1.8402126e-05
-0.00020242105
0.00022086315
-0.00010681218
7.7817465e-05
-5.175349e-05
-0.00015585049
0.0002353847
-0.00015164796
0.00028139803
-0.0001716143
0.00027800069
-7.6563782e-05
0.0002165553
0.00010108818
0.0002172468
4.6953467e-05
0.00022360564
1.6724599e-05
0.00027021172
9.5842454e-05
0.00021554731
-6.4171885e-05
9.4930362e-05
-4.1301303e-05
9.905062e-05
0.00013797974
2.6636735e-06
0.00024269293
-7.8102144e-05
0.00037151807
-2.5235415e-05
0.00048355803
-3.4637954e-05
6.655383e-05
-6.7791736e-05
-0.00034244096
-0.00013378653
-0.00043140082
-0.00016554915
-0.00026216657
-0.00011549172
-0.00012841036
-0.00011920947
-3.947436e-06
-5.5335328e-05
0.00019696503
5.4451683e-05
0.00027796191
6.9092529e-05
0.00032383168
9.2629293e-05
0.00024588595
9.8708634e-05
0.00011955777
8.7310296e-05
-8.2158156e-05
-5.0503374e-05
-0.00027491959
-8.5447019e-05
-0.00028250465
-7.8141559e-05
-9.8770932e-05
3.7129438e-05
-2.0953463e-05
-0.00016143629
0.00013397555
-8.7084716e-05
-0.00010545797
-0.0001284882
-4.2765582e-05
-3.5874276e-06
-0.00016113281
-8.6832027e-05
-0.00010289391
0.00011713896
-0.00017221597
-0.00015951581
7.4258781e-05
-0.00020444251
-0.00011910448
-6.1782424e-05
-0.00019165457
6.1813917e-05
-0.00028616584
-5.1471877e-05
0.00029305139
-0.00032948724
-2.9561597e-06
0.0002158537
0.00010657165
-9.6496231e-05
8.4932041e-05
0.00018356078
-0.00014513841
-2.0735339e-05
0.00017081803
-0.0001449764
-0.00012198443
0.0001420514
-3.2890099e-05
-0.00019479133
0.00012673878
5.5717347e-05
-0.00017822318
4.236976e-06
9.1243967e-05
-1.7749822e-05
-0.00021201919
0.0001481693
0.00013927963
-0.00015247668
7.2154221e-05
0.00028852146
-0.00019858617
5.651119e-05
0.00027401827
4.859348e-05
4.2435837e-05
0.00014931659
0.00019601868
-1.5423429e-05
2.0468984e-06
0.00015256784
1.3929894e-05
-0.00012672607
0.00015919807
2.3558806e-06
-0.00013380849
5.5763648e-05
-8.1654496e-05
8.6244746e-05
-0.00018869349
-6.1074231e-05
0.0002312854
-0.0001597209
-8.6303507e-05
0.00011921594
0.00011238401
-4.2875e-05
4.4839524e-06
0.00012800107
4.3076373e-06
0.00019867881
-0.00028053368
8.100821e-05
0.00025261616
-3.6242928e-05
9.3458226e-05
0.00012427601
0.00015100814
4.2596717e-05
0.00015310592
-7.7261912e-06
-0.000219212
0.00021992823
7.0346196e-05
-8.8758968e-05
-0.00042662599
0.00012131615
4.7064955e-05
-0.00044678029
7.3089863e-06
-4.3523784e-05
9.7664854e-05
-0.00018999996
-0.00026099991
0.00021790573
-0.00025488399
-0.00019441492
-0.00019482251
-0.0001887228
-4.1436002e-05
-0.00060878353
3.4363984e-05
0.00021622164
-0.00073580589
0.0001254295
0.00032242077
-4.410354e-05
7.2510134e-05
0.00011525368
0.00044034515
-6.1728194e-05
-0.00016357188
0.00058824117
-0.00021485777
-0.00037909918
0.0005167943
-0.00010629884
-0.0005131814
0.0003557762
5.8491419e-05
-0.00037586933
-8.6293423e-05
0.00014146528
-8.6979711e-05
-0.00053324884
0.00013430776
0.0001156926
-0.00037451063
0.0001208518
0.00041595586
-0.00053874066
6.2789979e-05
0.00051260151
-3.8330885e-05
0.00014983899
0.00033508685
0.00042125952
9.7239387e-05
-6.5909665e-05
0.00060994379
2.8325854e-05
-0.00045961974
0.00065431768
-0.00013303867
-0.00037728641
6.8754281e-05
-0.00018453183
-4.2629535e-05
-0.00048994183
-0.00011922182
0.00014603196
-0.00043230902
-7.4212687e-05
5.0158739e-05
6.210047e-05
-6.1199846e-05
-4.8760912e-05
9.3030773e-05
1.6584021e-05
0.00017000258
-0.0006547553
0.00014832959
0.0002757008
-0.00021085642
0.00017702582
0.00024735449
0.00019101959
8.2883255e-05
0.00045135671
1.136551e-05
0.00019484844
-1.5920939e-05
8.971973e-05
2.5843544e-05
-0.00015522144
0.00013588013
-0.00018188454
-0.00020394258
9.985283e-05
-0.00014452386
-3.4726132e-05
8.7268968e-05
-3.0027462e-05
4.6839907e-05
2.2134601e-05
2.8802057e-05
-0.0002730375
3.9746615e-06
-0.00020926753
-0.00020684669
1.298591e-05
-0.00046810073
-0.00019853293
-8.3741503e-05
-0.00026686207
-0.00013815153
-2.3701061e-05
-0.00010067252
0.00032451117
-3.2508824e-05
-0.00012636388
0.00046667091
5.4600262e-05
-8.1405476e-05
0.00035178754
-2.8390062e-05
-5.2038983e-06
0.00021385503
-5.3353699e-05
6.1534463e-06
-0.00011915178
-9.2923366e-05
2.1113533e-05
-0.00051462605
-6.6686876e-05
-4.5424735e-07
-0.0003487138
5.1312727e-06
-0.00019392199
-0.00012451541
-0.00018489935
-0.00010132263
-9.7242613e-05
-0.00013846576
3.8204714e-05
0.00030232858
-0.00010533442
3.0273042e-05
0.00057646517
4.4029738e-05
0.00014130052
0.00053905446
1.5155951e-05
0.00029894939
-4.6586748e-05
3.75299e-05
-2.7533922e-05
-0.00010826958
-8.1584637e-05
-0.00021143604
-0.0002994102
2.5126262e-05
6.1823058e-05
-0.00039775837
0.00019939924
0.00018961382
-0.00013685193
0.00022200394
-0.00020490563
-0.00014461926
-6.0129923e-05
-0.00031137875
-0.00010744599
-7.3138024e-05
-0.00012340395
-2.0884531e-05
-9.6695239e-05
0.00031996452
-3.1709514e-05
0.00021702026
-0.00018557792
4.5410495e-05
0.00011437807
-7.1088932e-05
2.1621755e-05
-3.1012029e-05
-0.00012964602
3.3886816e-05
-0.00020995554
7.8332201e-05
7.965176e-05
-0.0002353411
5.9955522e-05
6.8174256e-06
-0.00028302176
-0.00018999196
-5.6431086e-05
-0.00037298618
-0.00010922373
-6.366038e-05
-0.00041123808
-0.00010046182
-0.00011513809
-0.00034448571
-0.00012714473
-0.00010393487
-0.0001144997
7.6052291e-05
2.8253016e-05
2.0105203e-05
0.0002268561
9.190069e-05
8.4884054e-05
0.00021479265
-1.1606966e-05
0.00012367754
0.00017199288
-5.1426294e-05
-1.8055632e-05
9.23621e-05
-0.00013875716
-7.8011532e-05
-0.00047252332
-5.8874435e-06
-0.00012018643
-0.0003299904
1.7288418e-05
-0.00024604042
8.3235802e-05
-0.00011201272
-0.00031717765
7.7855431e-05
-0.00017836773
-0.00012805201
0.00012959424
-0.00014019393
8.9080039e-05
0.0003273182
2.0222797e-05
0.00037915146
0.00019426669
0.00013348009
0.00027334626
0.00014765811
2.3294804e-05
0.00010003277
0.00015841352
2.9487658e-05
4.9306978e-05
-0.0002322769
-6.6810843e-06
8.0710084e-05
-0.00045453463
0.00011645514
5.8938082e-05
-5.2281824e-05
0.00012096166
-0.00020901904
0.00019830661
-5.7411409e-06
-0.00033709857
0.0001120422
-7.3006513e-05
-0.00025325663
-0.00016608491
-4.545372e-05
-4.9287219e-05
6.4241623e-05
-3.9368647e-05
8.9175424e-05
-1.0197607e-05
0.00018113805
-9.1582502e-05
0.00022973957
-6.16324e-05
0.0002649374
-2.2007319e-05
0.00023757724
-0.00014655998
0.00015816636
-0.00016961231
0.00018404032
-0.00016871762
0.00011419081
-0.00024520687
4.4274889e-05
-0.00015191938
8.1815417e-05
2.8951107e-06
7.4705289e-05
0.00015048155
-1.0895938e-05
0.00027357515
2.366387e-05
0.00028792747
4.3371827e-05
-0.00017704116
-7.5346436e-05
-0.00045965672
-0.00018116137
-0.00038124383
-0.00016072625
-0.00027746562
-0.00014141451
-0.00012817102
-0.00013890984
0.00012716997
1.664187e-05
0.00029977486
7.611347e-05
0.00039283192
0.00012369357
0.00047718936
0.00016668537
0.00024894038
9.4680721e-05
-0.00015427999
3.5996042e-05
-0.00020972602
-4.7339164e-05
-5.3315122e-05
-4.3551289e-05
5.9604222e-05
-7.9018691e-05
-1.5698906e-06
-6.7781344e-05
-7.1810569e-05
-0.00020744952
8.9156194e-05
2.8514269e-05
-0.00020405158
-0.00012176407
7.2783683e-05
-0.00012168546
-0.00021476888
4.2358567e-05
-8.5270976e-05
-0.00020563634
-6.5462086e-06
-1.8619157e-06
-0.00024033173
-5.1202902e-05
0.00015028687
-0.00028273736
-6.4143655e-05
0.00029654631
-0.00020283613
2.3555642e-06
0.00030539095
6.2558496e-06
-1.8588119e-05
0.00020820871
0.00012996522
-0.00012889814
0.00010594649
0.0001561453
-0.00019772472
1.4527446e-05
8.9456445e-05
-0.00014090581
-8.5655803e-05
0.00010727809
-3.8128385e-05
-9.4921185e-05
0.00012807647
-6.1595097e-05
-0.00010628665
0.00013990994
-3.6721049e-05
-6.8078122e-05
0.00012584845
-1.302356e-05
0.00019912504
-0.00021250758
1.5938353e-05
0.00026576842
-4.9172554e-05
3.9513407e-05
0.00015704914
0.00015155991
1.0403906e-06
2.6342175e-05
0.00013767238
-2.2881801e-05
-0.00015420951
0.0001683047
2.6646883e-05
-0.00025718264
0.00012074135
-1.3663608e-05
-0.00012939547
-0.00014241106
-6.6969062e-05
8.5355365e-06
-0.00015976528
-3.8225243e-05
0.00013152283
-0.00022752614
1.8924415e-05
0.00023641543
-0.00022898416
8.2071872e-05
0.00034097258
-0.00019729897
9.756714e-05
0.00030070381
3.7101933e-05
8.7184091e-05
0.00017455469
0.00015251776
7.0943102e-05
8.3569928e-05
0.00014064666
-5.0897889e-06
0.000122607
-4.4219571e-05
-0.00035772154
0.00034016829
0.00017705564
-0.00023428309
-0.00034505065
0.00022116428
-0.00010533499
-0.00046186912
0.00012546113
-0.00010588963
-0.00046675718
7.1675515e-05
-6.4180691e-05
-0.00050100313
-3.5921531e-05
0.00010943019
-0.00058510813
-5.9962907e-05
0.00034991676
-0.00047559308
6.6634358e-05
0.00040962684
-5.4032799e-05
0.00012600807
0.00019665163
0.00044236623
-2.691566e-05
-0.00012328808
0.00056830252
-0.0001539457
-9.0382128e-05
-5.3878906e-05
-0.00010442838
-9.3278092e-05
0.00012172769
-0.00011785249
-0.0002444353
0.00045338423
-0.00011565913
-0.00032874518
0.00042916288
-6.3477775e-05
-8.4046583e-05
-4.0902268e-06
1.9547844e-05
0.00034695023
-0.00056863482
4.5982235e-05
0.00048752995
-0.00021671631
8.9754011e-05
0.00034623211
0.00042322889
1.9467848e-05
-7.5450141e-05
0.00068473425
-2.814024e-05
-0.00043749315
0.00058997106
-3.1297495e-05
-0.00041786819
6.9582995e-05
-0.00010150529
-0.00019771156
-0.00043073916
-0.00011636036
-4.3950051e-05
-0.00036497691
-6.7771701e-05
0.00014362224
-0.00049394908
4.6379508e-06
0.00022731137
-0.00051497483
0.00014110169
0.0003739529
-0.00053943715
0.00021208068
0.00040361735
-5.1544905e-05
0.00020731198
0.00020175143
0.00040436955
0.00012703997
9.429873e-06
0.00051158824
-9.5736754e-05
0.00021552419
-7.2121807e-05
0.0001219019
0.0002077094
0.00010027672
9.1966229e-05
-0.00020620529
2.6970428e-05
-2.454329e-05
-0.00034708224
0.00010157547
-7.6752368e-05
-0.00043046538
0.00010318624
-0.00010334876
-0.00045404411
1.771984e-06
-0.00014014411
-0.00046873451
-7.5603606e-05
-0.00024338601
-0.00034675695
-1.2608309e-05
-0.00013380297
-0.00019614709
-5.1210239e-05
5.9394841e-05
0.00026844666
-4.29793e-05
1.2231917e-05
0.00048236869
0.00010058793
-0.00013616898
-0.0001177485
0.00026687075
-0.00012297204
3.0590471e-05
4.9550226e-05
-1.8747054e-05
0.00034099631
-4.5190778e-05
9.9453081e-05
0.00024293507
-2.4895689e-05
0.00036940832
-0.00036078146
2.0049114e-05
0.00011256019
-0.00025478439
-5.1871038e-05
-3.5057713e-05
-0.00010048399
-0.00015351377
5.4857378e-05
0.00033816345
-0.00014331541
5.4040874e-05
0.00068318441
-0.00010296809
0.00019197024
0.0005148429
-1.8771476e-05
0.00030710831
-3.3223048e-05
2.8239165e-06
0.0001033437
-0.00014617681
-4.3267859e-05
2.9517395e-05
-0.00032193995
-5.0795301e-05
7.6509602e-05
-0.00046768491
-4.8130109e-05
6.1988991e-05
-0.00030925782
8.2028535e-06
-0.00015502346
-0.00015017952
4.9758769e-05
-0.0001604398
-7.0396071e-05
-3.5862413e-05
-0.00014027715
0.00028466543
2.6403463e-05
-8.4612502e-05
0.00023906837
0.00012016
6.4598601e-05
3.4603584e-05
0.00021052723
2.7079337e-06
3.9884734e-05
0.00014504059
-0.00017389695
5.4800047e-05
2.3289385e-05
-0.00036225191
0.0001708077
-8.2418267e-05
-0.0003910626
0.00014595664
-0.00013562832
-0.00038141569
-1.2600946e-05
-0.00014076511
-0.00042771243
-9.2316359e-05
-0.00025727896
-0.00034680959
5.2906112e-05
-0.00032265717
-0.00017554262
-7.0364345e-05
-1.6593167e-05
-0.00011540967
-2.6142536e-05
0.00039838832
-4.3735789e-05
0.00013937601
0.00020611005
8.4071118e-05
8.2359344e-05
-0.00013589249
0.00036196897
-9.8292897e-07
1.570178e-05
0.00018466006
-4.6684302e-05
0.0001616772
-9.5693154e-06
-3.2228196e-05
0.00011962591
-0.00038185404
5.7236423e-05
-7.5210807e-05
-0.00012099351
7.8334247e-05
-0.00029375232
0.00013734586
-0.00013130106
-0.00013707155
0.00014220104
-0.00013908612
9.5725534e-05
0.00040975125
-9.9557863e-05
0.00036952491
0.00027102646
-9.7601506e-06
0.00024508965
0.00019374646
3.0945833e-05
0.00011894246
6.3529774e-05
-6.0264593e-05
0.0001122562
-0.00026706122
-1.8704821e-05
0.00010908905
-0.00045534995
-1.584889e-05
5.9952784e-05
-0.00018485809
4.1191676e-05
-0.00012099182
0.00021109338
-5.9366627e-05
-0.00030735727
0.00017749779
-6.7269534e-05
-0.00010251745
-2.3105232e-06
9.1296323e-06
0.00016633254
-0.00013365839
5.8423076e-05
0.00027591799
1.9254786e-05
0.00017489539
-8.3012032e-05
0.0002438535
-6.1717014e-05
0.00014496472
-3.362356e-05
-1.86097e-05
3.7449225e-05
-0.00017128215
8.8340067e-06
-0.00032303294
-0.00011779528
-0.00037985119
-0.00010595101
-0.00033461274
-0.00010659026
-0.00031811235
-8.7635169e-05
-0.00023744293
-4.2589788e-05
-9.4151503e-05
1.548498e-05
0.000175422
8.1499536e-05
0.00032234306
6.1402862e-05
0.00024272789
0.00011341768
-0.00018916118
-2.531141e-05
-0.00038555162
-0.00010576443
-0.00030601372
-0.0001029183
-0.00019642582
-0.00010880137
7.5357211e-05
-9.4163629e-07
0.00028585743
7.7168106e-05
0.00045401248
0.00010170486
0.00054142965
9.9806177e-05
0.00035433086
8.6722929e-05
-7.2239027e-05
6.5900658e-05
-0.00029867797
7.7576895e-05
-0.0001674516
3.2527856e-05
-4.1840586e-05
8.3355041e-06
-9.4325755e-05
-2.884403e-05
-0.00019559019
-0.00010017529
8.5172421e-06
-0.00018654041
0.00015660125
5.6945946e-05
-0.00023389625
3.0158921e-05
8.9485221e-05
-0.00010904265
-0.00019887496
0.00011301538
-0.00010275639
-6.6500068e-05
5.4174243e-05
7.3461431e-05
-0.00025999664
2.9417047e-05
0.00023648587
-0.00027627137
4.6673407e-05
0.00025723715
-0.00010078912
8.0093491e-05
0.00010012758
9.4074773e-05
4.2301786e-05
-0.00010152971
0.00012124146
-5.1080598e-05
-0.00014895066
-8.2078472e-06
-0.00014388734
1.9158148e-05
-0.00030922002
-4.2393525e-06
8.510665e-05
-0.00019208863
8.6519493e-05
0.0001421596
-0.00017242915
5.2130985e-05
0.00020941514
-0.00010405039
0.00025435524
-5.7256061e-05
0.0002643462
7.152512e-06
0.00016562145
0.00013979899
5.5634794e-05
0.00014350594
-3.2353555e-05
-7.7674914e-05
0.00015171982
-4.1247969e-05
-0.00021754572
0.00016644101
1.018267e-06
-0.00025632198
2.464486e-05
1.1543328e-06
-0.00010718175
-0.00020708681
-9.4402552e-06
8.3356367e-05
-0.00028639136
5.7246886e-05
0.00026227236
-0.00028584525
0.00012554258
0.0003095839
-7.7269842e-05
0.00011398853
0.00027323074
8.2223728e-05
5.4504214e-05
0.00023922453
0.0001457914
-2.2125344e-05
0.0001986356
0.00014877868
-3.4525077e-05
8.9777117e-05
0.00014172541
-3.4177534e-05
0.00013922435
-9.0901168e-05
-0.00041575135
0.00053802759
0.00021138066
-0.00038553851
-5.8700482e-05
0.00027981083
-0.00017251103
-0.00052627389
0.00023983258
-6.9530119e-05
-0.00020997859
0.00011217313
0.00015143195
-0.00056270446
4.5824219e-05
0.00034395203
-0.00060002428
7.1269926e-05
0.00046697833
-0.00031710377
0.00015992271
0.00010429325
0.00044041964
0.00014234829
-0.00035822428
0.00066885323
-0.0001120099
-0.00029886106
-3.1682021e-05
-0.00018983475
-3.9272936e-05
-0.00068611097
1.2874453e-05
1.0044637e-05
-0.00050541593
0.00014615724
6.3956793e-05
-0.0004571637
0.00011516327
0.00020909227
-0.00031266364
0.00039610835
-0.0002247243
0.00056372702
-0.00011448392
0.0004537868
0.00033949321
0.00018318463
0.00062679488
-0.00019321892
-0.00021767149
0.00067524254
-0.00015080685
-0.00046701913
0.00041889406
-3.4402903e-05
-0.00038294586
-0.00012986638
-3.1067325e-05
-0.00011735301
-0.00052213201
-6.6908013e-05
5.6699556e-05
-0.00057088813
4.2672504e-05
0.00027806623
-0.00060171778
9.9143799e-05
0.00045278642
-0.00024306657
0.00013217823
0.00039375593
0.00024567997
0.00010765493
0.00024147545
0.00053071315
-2.5329288e-05
3.8691611e-05
0.00054455771
-6.595521e-05
2.5436638e-05
7.7776878e-05
-1.8533244e-05
0.00011758329
-2.5044102e-05
0.00014250082
0.00043726262
5.8540865e-05
0.00020722595
-0.00010147673
5.021537e-06
-3.5249809e-05
-0.00016287546
-1.9347204e-05
9.2533186e-05
-0.00033226744
9.7692104e-05
0.00012077432
-0.00055542244
-3.3751171e-05
-1.2418906e-05
-0.00049541828
-4.7016377e-05
-3.1076079e-05
-0.00025754893
-5.3505974e-05
-2.114316e-05
0.00031265872
6.6617767e-05
0.00012922372
0.00056091598
-8.540893e-05
0.0002576612
-5.3851034e-05
-5.6805271e-06
1.9576877e-05
-0.00021039691
2.9241012e-05
-6.4100867e-06
-0.00035039168
-7.9487061e-05
4.1890375e-05
-0.00045179744
-9.8857502e-05
0.00015519793
-0.00045086689
0.0001943277
-0.00024380495
0.00016543021
-0.00013745747
0.00015493526
0.00019647438
0.00014051126
0.00055898806
-6.1084605e-05
6.2011656e-05
0.00063421928
1.6554758e-05
0.00020365692
0.00031087177
-5.2394459e-05
0.0002658439
-0.00010736536
-8.1864105e-05
0.00013202053
-0.00035645303
-7.5123481e-05
-7.6722013e-06
-0.00047641173
-5.5789746e-06
-0.0002008515
-0.00032298098
-0.00013368761
-9.7406146e-05
-0.00019272099
-0.00014558808
7.6033557e-05
0.00014808623
-2.6087185e-05
7.7071947e-05
0.0004750273
1.8785057e-05
3.2974023e-05
0.00046395455
0.00015110456
-5.3681205e-05
-2.5823166e-05
0.00031041529
1.8176324e-05
8.0329358e-05
0.00026249114
0.00018775525
2.6900971e-05
0.00013661747
0.00011279695
-3.3599976e-05
2.5473816e-05
3.0072719e-05
8.9003187e-05
5.3189122e-05
-0.00031052736
9.6501249e-05
3.5616444e-05
-0.0005165158
-3.39349e-05
-5.8096565e-05
-0.00043387403
-6.0147594e-05
-0.00019468641
-0.00011099975
4.2946786e-05
-7.7684122e-05
0.0001213347
3.9573931e-06
0.00023560441
0.00018124764
4.0237279e-05
0.00022203749
9.0711999e-05
8.379901e-06
0.00018119974
-0.00010495459
1.7754775e-05
0.00020277927
-0.00030734121
-6.5612931e-05
0.00023181386
-0.00042415327
-0.00010336306
0.00021920968
-0.00047049091
0.00014148898
-0.00010884783
-0.00013661225
0.000218978
-0.00019433215
0.00012289322
-5.1637537e-05
0.0002903636
-1.3156291e-05
0.00013126974
0.00031482818
3.6925938e-05
0.00031507682
0.00013656158
-1.9257045e-05
0.00024857453
6.4134416e-05
-7.4051668e-05
9.8691852e-05
-0.00031803079
5.1195845e-05
3.0213723e-05
-0.00048151155
5.4873113e-05
2.518064e-06
-0.00030239154
-8.7426625e-06
-7.0792755e-05
-9.6901356e-05
1.8682867e-05
-4.3011289e-05
0.0001270291
-6.6090953e-05
9.6892928e-05
0.00024405684
2.3796729e-05
0.00026500101
0.00016295319
0.00014202294
-5.0569912e-05
0.00028553631
6.2634542e-05
5.8094452e-05
-7.1233237e-05
0.00020860863
-0.00010386542
0.00038572547
-0.0001260369
0.00052453646
-0.00014236183
0.0004127183
-0.00016125997
4.6828037e-05
-0.00014179152
-0.00030098737
-0.0002038539
-0.00031588202
-0.00020205611
-0.00013898191
-0.00016215567
0.00011651262
-0.00016188205
0.00036051729
-0.00019588246
0.00045297674
-0.00018192907
0.0003540768
-0.00012694174
0.0001182817
-0.00012695531
-0.00023879153
-0.00037295078
-0.00025973721
-0.0002397623
-6.8197687e-05
9.9976078e-06
0.00013432139
0.00011136745
0.00030645242
4.1598641e-05
0.000488033
-1.5741308e-05
0.00035370909
-8.3900711e-05
6.7847713e-05
-0.00010892724
-0.0001216446
-4.699857e-05
-0.00027352354
0.00013255448
-0.00022461302
0.00011064645
-9.2318462e-05
0.0001200978
-4.2337043e-05
8.4127757e-05
4.0990562e-05
0.00010203344
0.00010760226
-0.00013082341
0.00013736622
4.6706157e-05
-0.00025703615
0.0001612366
5.2360545e-05
-0.00022555743
1.2227639e-05
6.6268332e-05
-4.8063469e-05
-0.00018714791
5.9752612e-05
0.00013616389
-0.00018077514
2.2316505e-05
0.00022972957
-0.0001491385
9.8438189e-05
0.00011901231
5.0056901e-05
0.00013791935
-0.00010318421
0.00013820522
0.00012290707
-0.00021751363
2.6827276e-05
3.3998614e-05
-2.4791143e-05
-0.00035272599
1.1265401e-05
0.00024122936
-0.00037742287
0.00010228206
0.00017857196
6.1594942e-05
9.0277927e-05
0.00010835754
0.00012283629
-9.1320556e-05
0.00011251606
-5.3285667e-05
-0.000209782
0.00013886133
-6.093958e-05
-0.00031760063
0.0001334569
-2.3022621e-05
-0.00031764967
-2.646964e-05
2.9315701e-05
-8.9924322e-05
-0.00032356469
8.5422743e-05
0.00011531547
-0.00024709518
0.00010023059
0.00017131544
-5.4083707e-05
0.00012582301
8.5505414e-05
0.00010061358
0.00010105992
-1.2838031e-05
0.00013055448
2.3259037e-05
-8.1343601e-05
8.6967426e-05
-4.1329841e-05
-0.00010523139
7.1278483e-05
-7.961052e-05
0.00013108544
-0.0003072009
3.4597506e-05
8.7808308e-05
-4.5111873e-05
-0.00038278059
0.00062803126
0.0001034962
-0.00054901705
0.00049755883
0.00010972507
-0.00040164381
-2.888927e-05
0.00013357624
-4.3008649e-05
-0.00050694299
7.3333048e-05
0.00020887726
-0.00042166232
3.4825496e-05
0.00042085878
-0.00041082094
0.00012097085
0.00039851054
-1.4167617e-06
0.00023374462
-0.00020533872
0.00073453119
0.00014987159
-0.00038051076
9.8113925e-05
-8.1245045e-06
-0.00014888772
-0.00074553581
-2.8647969e-05
0.00011307657
-0.00075335161
0.0001268389
0.00018061044
-5.0179107e-05
0.00019039742
0.0001611536
0.00024297766
-5.0971896e-06
0.00016126197
-0.00023686765
-0.00024762618
0.00029130913
-6.0725663e-05
-0.00049966551
0.00035122808
-1.3476298e-07
-0.00045688867
-0.00013374927
3.3435454e-05
-0.00017419199
-0.00068856132
1.5391931e-05
0.00010091687
-0.00053445903
5.4927492e-05
0.00031266516
-0.0002602636
9.3575399e-05
0.00033465194
0.00015110176
5.970328e-05
8.1263122e-06
0.00060983509
-4.5100046e-05
-0.00023880484
0.0004825508
-0.0001739815
-0.0001633652
5.8950151e-05
-0.0001290665
0.00013415548
-0.00073039233
0.00010713752
0.00012418379
7.2735906e-05
7.2395922e-06
0.00062852328
5.0809254e-05
0.00012931488
0.00037872334
1.781747e-06
0.00023492757
-9.5308968e-05
-5.8540193e-05
5.495494e-05
-0.00013580808
-9.3470175e-05
4.9367669e-05
-0.00040765172
-4.21745e-05
1.0854031e-06
-0.00040869677
-8.5827082e-07
2.799405e-05
-8.8233605e-05
6.402228e-06
0.00015426159
0.0006496876
2.5193825e-05
0.00026090729
4.4560175e-05
-0.00013850088
-7.7496131e-05
-0.00010684206
-0.00030597085
-0.0004663832
-0.00010571463
-0.0002295089
-0.00028735765
-0.00028280248
-2.588924e-05
-0.00027776603
5.2704477e-05
2.4700332e-05
2.2826973e-06
7.3194329e-05
9.5809228e-05
-6.722765e-06
0.00024347775
0.00024311013
0.00014789272
3.6399926e-06
0.00019853691
-5.1845078e-05
-0.00011919509
-0.00021729153
-0.00011571888
-0.00023213748
-0.00039067453
-0.00027296647
-9.368854e-05
-0.00022166061
-0.0004618954
-0.00010106974
5.8774045e-05
-0.000231986
-4.2934979e-05
0.00012145885
0.00054118843
-2.0125323e-05
0.00025049989
0.00039927058
-2.6975739e-05
0.00029372797
2.6009951e-05
0.0001408167
-0.00017503298
-0.0001042778
0.00015306174
-1.4391069e-05
4.387125e-05
0.00022307271
0.00039801158
3.4339958e-05
0.00039985363
0.00019178908
-2.3446637e-05
0.00022760712
0.00019634067
-3.039994e-05
6.1157222e-05
0.00011861306
8.5300138e-06
7.0561568e-05
-0.00038549657
-6.549439e-05
-6.8815398e-05
-0.00034757565
1.8108254e-05
-0.00021460994
0.00020670192
-0.00010619419
0.00012654227
0.0003064081
6.0846894e-06
0.00019179823
0.00014967164
-0.00013013014
0.00010875787
0.00017684079
-0.00019226259
-6.7234291e-06
0.00013614515
-0.0001086237
-4.9210306e-05
-0.00023354146
-7.2387081e-05
-0.00040331414
-2.7025265e-05
-0.00026051043
0.00023757764
1.2059184e-05
-8.3452633e-05
-0.00023638903
8.9534387e-05
0.00018631965
-0.00018532868
4.4192052e-05
0.00013822314
7.5587278e-05
-0.00015338752
-4.9825655e-06
9.5037228e-05
-1.6354576e-05
-3.1355214e-05
-0.00024258781
5.0867107e-05
-5.0249398e-05
-0.00044733757
-4.4063062e-06
-1.6541548e-05
-0.00031374099
6.6730019e-05
0.0001977113
0.00018383231
7.7012329e-05
0.00033861594
0.00019364485
8.851784e-05
0.00019221383
0.00020140738
0.00011302765
-3.3731201e-05
0.00013339566
5.0906145e-05
-8.0253285e-05
-3.9102203e-05
0.00028903281
5.113351e-06
0.00038509882
-3.0313832e-05
0.00046909401
-3.0016349e-05
0.00047012515
-4.3678047e-05
2.6754733e-05
-8.3917667e-05
-0.00037434719
-0.00015032762
-0.00026396649
-0.00010573488
-3.360946e-05
-8.6104589e-05
0.0001267354
-0.00017255527
0.00029341974
-0.00018572601
0.00043662005
-0.00018898423
0.00031406306
-0.00023792622
-0.00021620639
0.00013449667
0.00011307857
1.8761785e-05
-9.2867021e-06
-6.0492083e-05
-6.4476179e-05
0.00015085
-0.00015149612
0.00033594179
-0.00017395527
0.00024070771
-0.00025628098
-2.6074095e-05
-0.00022755433
-0.00027162278
6.4362192e-05
-0.00016442988
0.00018728587
-4.9202054e-05
0.00019851484
5.8899555e-05
0.00017743355
0.0001005768
0.00019375188
0.00012792579
-6.2534723e-05
0.00013327541
-2.6874055e-05
-0.00013577058
0.00016771569
-4.4628138e-05
-0.00015406433
0.00015656197
-7.3989743e-05
-9.8552639e-05
5.3251661e-05
-4.9969085e-05
0.00018368941
-0.00022979519
-3.4309831e-05
0.00031343144
-2.1207541e-05
-1.1315599e-05
0.0002542431
0.00016768847
3.0353911e-05
0.00017369311
0.00016470034
3.9858869e-05
0.00010411059
0.00015755956
-5.154491e-05
9.3432265e-05
7.4654038e-05
-4.7940546e-05
0.0001658071
3.5654036e-05
-3.2509191e-06
8.7310052e-05
0.00018146659
-9.267437e-06
0.00017278678
3.9725798e-05
-8.5103332e-05
0.00012867659
-9.3780782e-05
6.7336824e-05
-0.00015746361
-5.5291691e-05
6.5957651e-07
5.6522453e-05
-1.1935889e-05
-0.00010878936
9.488442e-05
4.4389652e-05
-7.537367e-05
-4.516792e-05
9.8814098e-05
1.3403167e-05
-0.00010146784
0.00011508401
-8.6680195e-05
0.00016329625
6.6332175e-05
-0.00022024019
0.00014142933
9.5503378e-05
-0.0002678393
-9.9701092e-06
8.3539493e-05
-0.00020838705
-0.00018829851
8.835202e-05
1.5962741e-05
-0.00037263597
6.6878339e-05
0.0001723882
-0.00014865876
2.5398623e-05
5.6171512e-05
7.0684056e-05
-0.0002453882
0.00057213362
-8.9973815e-05
-0.00040258069
0.0005767373
-0.00014210405
-0.00044481191
0.00046424269
-0.00013187326
-0.00019545124
-4.005266e-05
-8.2723304e-05
0.00023485037
-0.00059486233
-3.0408973e-05
0.00049092218
-0.00015603518
-2.7332288e-07
0.00038502347
0.00044656553
6.0766264e-05
3.5959221e-05
0.00059840363
6.5232557e-05
-0.00017158345
0.0003650225
-8.0447617e-06
-3.4909165e-05
-7.4802818e-05
-1.5865398e-05
0.00012588139
-0.00014274101
0.00014444339
0.00012701092
0.00027190689
9.8827579e-05
0.00038273726
0.0001600381
2.2796087e-05
-1.4369843e-05
-0.00011661731
0.00027682039
-0.00050100908
2.8795497e-05
-7.3985437e-05
0.0004146375
-7.4439864e-06
-0.00048589278
0.00054202979
-1.8025781e-06
-0.00038136663
-0.00022014566
8.5843522e-05
-0.00011038532
-0.00041374546
9.6223796e-05
-7.5943238e-05
0.00011862957
0.0001038
-0.00012786572
0.00011747375
0.00013558135
-0.0001046579
-0.00018281299
0.00010453502
-0.00010100626
-0.00049644807
0.00013051642
1.7299889e-05
-0.00073115289
0.00011114427
0.00030594076
-0.00031391947
-1.6242621e-05
0.00040500196
2.9846228e-05
4.3948066e-05
0.00055982746
1.9167351e-05
3.0697016e-05
0.00054231362
4.9456483e-05
8.0140128e-05
0.00031334562
4.2913763e-05
0.0001602882
-0.00013596642
-7.7704483e-05
-7.1274857e-05
-0.00043559171
3.011794e-05
-1.6575298e-05
-0.00029396518
8.2372171e-05
7.5917527e-05
0.00029201276
6.8462182e-05
0.00010090847
0.00056678291
3.1823613e-05
0.00016263989
0.00026291491
-9.8124724e-05
3.9722441e-05
-5.4182053e-05
-0.00020367416
-0.00011605373
-9.2161454e-05
-0.00012431229
-7.445252e-05
0.00014744197
5.6974466e-05
0.00017601386
0.00018497535
0.00024043373
-0.0003048438
0.00012323454
-5.2128911e-05
-0.00012799655
0.00016302785
-9.8722974e-05
0.00035324202
0.00011162954
-7.9250753e-05
0.00046596176
-6.2599287e-05
-0.00024883355
-7.4809554e-05
-0.00020789079
-0.000476292
-0.0001478214
-0.00013215416
-0.00022202361
-0.00020982536
-2.6883205e-05
0.00014394546
-0.00030081493
9.3846299e-06
0.00030450599
-0.00029079413
-7.2704699e-05
9.1884763e-05
-0.00017820628
-0.00013259629
-0.00025070831
-0.00012550192
-0.00012224118
-0.00019898641
-0.00017940491
-3.3174695e-05
0.00025671151
-6.8246929e-06
0.0001594737
0.0003709017
6.3792013e-05
0.00026768714
0.0003111009
9.9552641e-05
0.00035068971
0.00017939682
2.0546296e-05
0.00012102576
0.00013527125
-3.3043703e-05
-3.4425988e-05
-0.00035062771
4.9933627e-06
-0.00017347867
-0.0002162072
7.9402962e-05
-8.541439e-05
0.00010448798
-6.733681e-06
0.00015551557
0.0003094297
2.2507937e-05
0.00026994924
0.00017046271
-0.0001521116
1.6474608e-05
0.00017134312
-0.00016431313
-0.0002220173
0.00016747359
-0.00012976684
-0.00018324806
2.1048614e-05
1.5237027e-05
-0.00012834445
9.4084989e-05
-7.9530614e-05
-0.00023985241
2.6598396e-05
-0.00017256255
-1.2211796e-06
5.5790943e-05
-4.7556372e-05
0.00018281969
8.9608191e-05
0.00014523971
0.00023423078
-0.00011445262
-3.787482e-05
0.00025038596
-0.00015843556
-0.000224506
4.6922877e-05
4.275401e-05
-0.00025654185
-0.00019399684
1.1801031e-05
-0.00015892847
-0.00035131472
1.9616431e-05
-0.00011537671
-0.00023151002
-2.582352e-05
-0.00013889597
-4.1826521e-05
-2.4342634e-05
-0.00021831204
5.925413e-05
7.6876953e-06
-0.00025613633
-0.00020569481
0.00011502036
-7.7088899e-05
3.8561892e-05
0.00024099863
0.00013501643
0.00038944533
0.00013234037
0.0004327828
0.00010604299
0.00040413757
0.00012023844
-9.3855022e-06
-2.1022302e-05
-0.00031207054
-6.3849773e-05
-0.00025869385
-5.4623583e-05
-1.2365893e-05
-2.3002838e-05
0.00012563238
-0.00014009083
0.00020254311
-9.1293611e-05
0.00028679979
-0.00010576732
0.00023002231
-0.00016010013
-0.00011452854
-0.00022907795
0.0001023041
-0.00021074528
-2.8840573e-05
-8.2788234e-05
-9.6135375e-06
5.5960645e-05
-5.6014238e-05
0.00018668422
-5.4292889e-05
0.00015609615
-0.00017877005
-4.2259182e-05
-0.00022319582
-0.00025913976
-7.0071943e-05
-0.0003251734
2.1809499e-05
-0.00024092914
7.2444079e-05
-5.5944271e-05
5.1702835e-05
-4.9130219e-05
-1.875697e-05
1.7066747e-06
-0.00011467275
0.00016476696
-7.9795576e-05
-0.0001922465
0.00013600439
-0.00010458065
-0.0001049874
-5.1901304e-05
-0.00011246219
3.7544903e-05
-0.00011837426
-7.6627139e-05
0.00024163517
-0.00016899133
-7.3140574e-05
0.0003040341
9.735977e-06
-8.5791496e-05
0.000214546
0.00017704491
-5.8404425e-05
0.00013788437
0.00016253221
-4.8823625e-05
2.0129478e-05
0.00015791245
-9.4738279e-05
-6.0332056e-05
0.00017451895
-0.00014469749
-9.8874929e-05
0.00016395227
-0.00013075814
-0.00018134036
0.00015481802
-8.2711406e-05
-0.00026761014
0.00013325132
-7.6218467e-06
-0.00030531114
-3.6208901e-05
7.3738903e-05
-0.00024304706
-0.00016046804
9.7624326e-05
-0.00015835057
-0.00018386108
9.8199351e-05
-4.3604919e-05
-0.0002063777
8.943955e-05
8.3130376e-05
-0.00021573276
-5.3862769e-06
0.00030008668
-0.0002887636
1.3677722e-05
0.00023490467
5.1484079e-05
4.2018113e-06
0.00012260861
0.00014295443
1.4776354e-05
6.801466e-05
0.00012130232
3.2907759e-05
5.4593598e-06
0.00013751657
4.2504559e-05
-5.2322839e-05
0.00012770753
-2.503454e-06
-0.00013504708
0.00011834118
6.2103199e-05
-0.00019648819
0.00010778004
3.9787837e-05
-0.00025071233
8.9868779e-05
5.5493061e-05
-0.00018151779
-1.9883412e-05
1.9962805e-05
9.1871149e-05
-0.00035156852
0.00010120268
3.5367741e-05
0.00012759098
-0.00033396286
0.00056292459
-0.00015416858
-0.0003671716
0.00020840898
-0.0001812999
-0.00016957389
-0.00023206271
-0.00014930956
5.9909572e-05
-0.0003566328
-7.3948216e-05
0.00037319485
-0.00046641437
-4.6271216e-05
0.00058090944
-0.00010249919
-9.5752743e-05
0.00046495615
0.00043656883
-8.2804362e-05
0.00023216999
0.00053978655
-7.9235619e-05
-5.5570178e-05
0.00059385698
-0.00015624912
-0.00015080084
0.00048138299
-0.00022749877
-0.00020498036
0.00050601865
-0.00014344346
-0.00033043871
0.00055531415
-0.0001762102
-0.00046490765
0.00044401824
-1.6259886e-05
-0.00041897703
-0.00019959247
0.00011745294
-0.00030378446
-0.00044041383
0.00016475321
-0.00020498572
-0.00043086491
0.00014820508
-3.7283602e-05
-0.00045800212
8.3922291e-05
8.9607455e-05
-0.00048605782
2.6816695e-05
0.00044196792
-0.00060987459
-2.4539748e-06
0.0004945849
1.8180452e-05
-2.6757345e-05
0.00010798342
0.00056650684
-3.8753514e-05
-0.00017088257
0.00046012132
2.5890523e-05
-7.8702119e-05
0.00013486446
6.6954478e-06
-0.00013775274
0.00033238672
-4.182857e-05
-0.00020878047
0.00025724415
6.7706113e-05
-0.00021570155
0.00016395067
5.5285476e-05
-0.00023599271
0.00013834349
0.00010233288
-7.0730214e-05
-0.00016045142
8.6449791e-05
0.00022895838
-0.00076418571
9.6685989e-05
0.00018989719
0.00010427516
0.00010842849
0.0005071823
-3.3518851e-05
0.00017812783
9.6930869e-05
9.1235255e-05
5.5116934e-05
-9.8345543e-05
3.2207487e-05
2.0979841e-05
-0.00045303758
5.2837393e-05
-0.00016986157
-0.0003354728
9.0017788e-05
-9.6619452e-05
-0.00013331143
3.9942295e-05
8.057997e-05
0.00031422818
1.3603422e-05
0.00013941557
0.00049279288
1.9981693e-05
0.00011983035
0.00053551461
-2.0197134e-05
-4.9014799e-05
0.00033376695
0.00011278704
-0.00017483207
0.00037812722
0.00012939641
-0.00010929397
0.00047859033
6.8160181e-05
0.00011487231
0.00034010017
6.4727126e-05
2.6034493e-05
-8.4465927e-05
-2.6288739e-05
-0.00016246559
-0.00025417888
2.2651092e-06
-9.2343531e-05
-0.00043876161
-6.2225381e-05
6.6057052e-06
-0.00049572278
-6.1228591e-05
-6.0724106e-06
-0.00035841247
8.2672892e-06
-0.00031987574
-8.1557019e-05
-5.14864e-05
-0.00019794439
-1.1867417e-05
1.9746042e-05
-0.00016569792
0.00049041429
-1.8753209e-05
-0.00027343951
0.00032768649
3.2285625e-05
-0.00037308465
6.4652118e-05
3.7703316e-05
-0.00034159816
0.00018862022
8.5396817e-05
-0.00018417044
0.00011380022
-4.5991585e-06
8.3027477e-05
-0.00013416388
-4.1788048e-05
0.00042065541
-0.00026885355
-6.3027168e-05
0.00030515271
6.2240265e-06
-0.00017341392
-0.00020547998
-0.00011706767
-0.00016966004
-2.4415768e-05
2.0083028e-06
0.00031327886
0.00024381406
1.3881393e-05
0.00027893988
0.00015947792
7.1344581e-05
7.9188612e-05
0.0001213868
5.6522261e-07
-1.1846394e-05
-0.0004437521
4.8705819e-05
-0.00015005995
-0.0002729259
8.0660023e-05
-0.00034573748
0.00011001665
3.1752419e-05
-0.00019091981
0.0001403143
1.2362531e-05
1.0202115e-05
0.00029481882
1.9360074e-05
5.4911245e-05
0.0003162603
2.2433591e-05
-3.2317672e-05
0.00015345664
0.0001032261
-3.7441019e-05
0.00015780805
9.5675676e-05
9.3845934e-05
0.00025414178
0.00010839862
0.00026735903
0.00018693435
7.3737693e-05
2.1772719e-05
0.00018393049
-2.2810128e-05
-9.4511885e-05
-0.00011735533
-2.0538971e-05
-9.6274219e-05
-0.00041950263
-1.7496678e-05
-9.1999392e-05
-0.00046873612
-3.1261508e-05
-5.5393212e-05
-0.0003415636
-2.6856663e-05
-0.00020476931
0.00013855121
-1.4941202e-05
-0.00031373041
0.00019264583
-5.9439601e-06
-7.4311294e-05
0.0001283942
8.1483351e-06
4.9714161e-06
5.6622857e-05
3.3345358e-05
-0.00023810644
0.00030983456
4.0649423e-05
-0.00034089296
0.00030810454
-4.8967604e-06
-0.000315269
0.00016877296
-6.098026e-05
-0.00016139325
-0.00026719652
-4.6666609e-05
-5.6566187e-06
-0.00044940155
4.6875975e-07
-6.1871456e-05
7.8002116e-05
-7.8755347e-06
-0.00015355253
-1.4385371e-06
9.1072323e-05
-0.00014467735
5.2709619e-06
0.00023766218
0.00014116831
0.00036354883
0.00016593164
0.00042061413
0.0001703645
-5.657823e-05
0.0001536787
-0.00038958136
3.9054935e-05
-0.00035475648
1.1342003e-05
-0.00027189931
2.8335572e-06
-2.8196359e-05
2.8113042e-05
0.00012531157
2.2661549e-05
0.00012821949
5.925511e-05
0.00010921071
7.1049509e-05
0.0001572812
4.5971148e-05
0.00021385711
1.5829891e-05
0.00039120394
6.5836392e-06
0.00033176263
-5.791404e-05
6.0657011e-05
-0.00014839703
-0.00030004846
-0.00010803066
-0.00047056066
-6.874732e-05
-0.00031253107
-4.8318959e-05
-0.00014193071
1.2431924e-05
-0.00014423882
7.4688073e-05
-0.00023496258
9.3053725e-05
-0.00014686378
4.2965717e-05
-3.8557309e-05
-2.3397749e-05
9.5646338e-05
-3.550262e-05
-5.1636252e-05
-9.8104421e-05
-0.00029956305
-0.00012903066
-0.00011111148
-5.8746602e-05
6.7786377e-06
-0.00013808561
-0.00013619204
-0.00018649694
0.00012558473
-2.1255699e-05
-0.00020356196
-6.0632729e-05
-2.7806622e-05
-8.585216e-05
-0.00026155744
2.703534e-05
1.2617138e-05
-0.00022310163
4.5119893e-05
0.00022180234
-0.00029321496
5.5974079e-06
0.00039620517
-0.0002757408
1.1175821e-05
0.00030417821
8.4238716e-05
-5.0396985e-05
0.00017164981
0.0001674126
-8.4783532e-05
1.7480375e-05
0.00017787576
-0.00011960898
-9.226483e-05
0.0001211632
-0.000155822
-0.0001110346
2.5166766e-05
-0.00013616717
-0.0001647833
0.00011452256
-0.0001423648
-0.00021219684
0.00013440715
-9.4944241e-05
-0.00026066514
0.00014441796
-2.2667731e-05
-0.00027343155
9.3172942e-05
1.6807339e-05
-0.00020127216
-3.6841675e-05
6.1430104e-05
-6.4533659e-05
-0.00019249967
0.00014263532
7.451979e-05
-0.00025927788
0.00011347258
0.00025595844
-0.00027384347
0.00010456945
0.00018123151
0.00011293275
-2.9924347e-05
0.00010633831
0.00015814802
-6.6769689e-05
9.2173468e-05
0.0001419069
-9.267526e-05
8.9604757e-05
0.00012035634
-7.1972081e-05
5.5468865e-05
0.00010901199
-7.4187204e-05
6.5754892e-06
0.00015188613
-3.7955501e-05
-1.0284686e-06
0.00015624614
-0.00010632701
6.1948638e-06
0.00016306264
-0.00011147521
2.2986163e-05
0.00014631516
-0.00014048795
6.5574054e-06
0.00012402846
-3.0670504e-06
0.00015071886
-1.3732364e-05
-0.00031810866
0.00034391455
-5.4389743e-05
-0.00022154963
-0.00025461486
-8.3876787e-05
-7.6093143e-05
-0.00056943085
1.3107353e-05
5.2669806e-05
-0.00050639643
8.0583638e-05
0.00024956908
-0.00055646239
2.0076936e-05
0.00047686991
-0.00063650694
3.7712573e-05
0.00046987469
1.5819722e-05
-7.39015e-06
9.5154102e-05
0.00057774003
-0.00011484245
-0.00028653519
0.00059475042
-0.00019143447
-0.00019160145
-2.7754753e-05
-0.00017351455
-2.983338e-05
-0.0001326513
-0.00014739346
-3.281914e-05
0.00018671777
-0.00024541966
-0.00025237308
0.00051610871
-0.00017840751
-0.00047082422
0.00056069197
-8.036995e-05
-0.00052831679
0.00033679563
-2.1376924e-05
-0.00033618426
-0.00011471808
3.3948948e-05
-0.00017657975
-0.0004611122
0.00019293031
-3.196877e-05
-0.00057417971
0.00019710753
0.00019175535
-0.00064872421
0.00014870265
0.00026208133
8.0871808e-07
1.5040712e-05
1.0074621e-05
0.00042035954
-4.8958329e-05
-0.00018524407
0.00045964523
-9.6529111e-05
2.3530591e-05
3.4617331e-06
-8.5184612e-05
0.0001568357
7.1962652e-05
-0.00013808434
3.1916216e-05
0.00053199771
-0.00018748598
-2.3268059e-05
0.00052547426
-0.00025875836
-4.8138711e-05
0.0005015999
-0.00021133372
1.5207491e-06
0.00035613262
-0.00017302712
0.00015914536
4.7223474e-05
1.5866365e-05
0.00043020269
-1.6063305e-05
0.00016097401
0.00022158282
-7.2161136e-05
0.00019157145
-0.00013154874
-6.2428304e-05
0.00013713883
-0.00044942635
-3.3364378e-05
0.00017378204
-0.00053752049
4.731825e-05
-6.2355451e-05
-0.00016826585
-6.2041254e-05
-0.00031618453
-0.00012936464
-0.00021337092
-0.00018107114
-8.0374317e-05
-2.5315918e-05
-2.528962e-05
0.00049520454
-5.3264325e-05
-1.8317519e-05
0.00051387927
5.3701922e-05
-7.8280622e-05
-0.0001070776
0.000252073
-0.00025446554
-7.1943793e-05
0.00024487383
-0.00023443885
9.9807128e-05
0.00013504413
-0.0001675163
0.00041935393
9.4559343e-05
-0.00020130219
0.0004763808
9.1808315e-05
-1.7907679e-05
0.00020065077
-4.4984558e-05
1.8391619e-05
-6.9187435e-05
-0.00014405535
-0.0001097817
-0.00039802915
3.8616617e-06
-0.00016038401
-0.00046608896
-4.9221162e-05
-0.00044128729
-0.0001705614
-0.00024874593
-0.00033132486
-4.560854e-05
-4.3799133e-05
-0.0001886751
0.00019510029
6.3856283e-05
-0.00012456674
0.00018388708
0.00024393541
-0.00016731675
-9.7737793e-05
0.00018165285
-8.0074207e-05
-2.5851918e-05
9.596885e-05
9.1757717e-05
0.00043665007
-8.1083433e-05
8.3872167e-05
0.00043503624
5.6535533e-05
9.0267749e-06
0.00041035854
0.00010305959
-0.00010997987
0.00020327904
9.8446312e-05
-0.00011193204
-5.637027e-05
-6.4114114e-05
0.00033031725
-1.003828e-05
0.00020992601
6.7330181e-05
-4.179197e-05
0.00014655116
-4.5848605e-05
4.9019296e-05
0.00012221051
-0.00042581258
1.2921087e-06
6.6172092e-05
-0.00055213821
0.00011936195
-9.729927e-06
-5.0840507e-05
3.91367e-05
-0.00021065981
0.00012598941
-2.2671752e-05
-0.00026182791
9.8014196e-05
-0.00011485786
8.1985267e-06
0.00022776559
1.677259e-05
0.00019585661
0.00023325506
0.00011539973
3.5494371e-06
9.1076991e-05
9.7378691e-05
-0.00023503292
0.00010809643
0.00015421781
-0.00030140877
0.00019403046
8.0551136e-05
-0.00012532195
0.00023942647
7.7578322e-05
2.8020872e-05
0.00023785336
6.2374462e-05
0.00015300943
3.7677754e-05
1.744546e-05
-2.1090254e-05
0.00015958137
-7.2165823e-05
-0.000136378
-0.00032941349
1.5410546e-05
-0.00013022982
-0.00048793841
-1.1155399e-05
-0.00021782306
-4.2106406e-05
-5.5802966e-05
-0.00027938719
8.5982707e-05
-7.5971081e-05
-2.731918e-05
-0.00020571123
0.00015689183
0.00024597916
-0.00023266451
0.0001765986
-4.7975442e-05
0.00022023983
1.6626408e-05
-0.0004340907
0.00037083075
-1.5464166e-05
-0.00022632493
0.00018518697
-1.728291e-05
4.6599637e-05
1.1264763e-05
0.00010418031
0.00019555949
9.6686202e-05
0.00016518126
0.00012264575
0.00017887332
8.9443945e-05
-0.00019683564
0.00034050344
1.3680027e-05
0.00015109653
-1.2343949e-05
0.00022787065
-1.9372161e-05
0.00038164002
-3.3686326e-05
0.00015671883
-3.0526891e-05
-0.00034618254
0.00010444186
-0.00044727119
8.9303086e-05
-0.00033977144
2.9831671e-05
-0.00024125971
2.3360328e-06
-2.8158403e-05
4.2777332e-05
0.00010388631
0.00012387191
6.0236628e-05
0.00019398179
-3.9078603e-05
0.00027846117
-5.8558192e-05
0.00025948119
4.3119032e-05
0.00015357912
0.00014322869
0.00014432732
0.00011566348
7.3289087e-06
0.00022799281
-0.000101145
-5.6700463e-06
-0.0002037813
-0.00032962648
-0.00023272931
-0.00023274293
-0.00018730893
-5.6857535e-05
-7.7470767e-05
-0.00018002137
-7.8593247e-06
-0.00033932337
1.9691218e-05
-0.00020811879
0.00013200097
-4.1977083e-05
0.0001812913
-1.9845066e-05
0.00012755234
-0.00016817246
6.1487748e-05
-0.0002113676
1.0850691e-05
-0.00014982406
5.8583199e-05
-3.6646204e-05
8.9239982e-05
-2.1741713e-05
-0.00020284291
0.0001115976
6.6739833e-05
-0.00019976188
-0.00011592397
8.150144e-05
-8.6959392e-05
-0.00020347029
0.00011346347
7.6246858e-05
-0.00022863873
0.00010663548
0.00026187405
-0.00019983016
1.4402503e-05
0.00022188965
4.2746636e-05
4.9001917e-06
4.1510882e-05
0.00016065822
-3.4762129e-05
-0.00013876231
0.000146079
-5.5439898e-05
-0.00024696369
9.6866228e-05
-0.00011109384
-0.00016173039
-0.00015631231
-8.8638354e-05
-5.1083244e-06
-0.00023484934
-6.1257177e-05
0.0001092179
-0.00015511107
-0.00010296082
0.00020161763
-6.7039575e-05
-0.00012181881
0.00019957304
0.00010209112
-0.00012307889
0.00016335153
0.00014242864
-8.9978014e-05
0.00012457676
0.00015183528
-5.2416406e-05
8.2809544e-05
0.00012601183
5.8491321e-05
0.00010027934
1.6715848e-05
7.9064491e-05
5.1565443e-05
0.0001062069
4.787265e-05
-7.2870967e-05
0.00016160826
-6.6652862e-05
-0.00017883194
0.00015559455
-0.00011449177
-0.00014283379
-1.0228945e-05
-0.00011724238
1.4113818e-05
-0.00018120217
-4.6902709e-05
0.00013172196
-0.0001473824
-4.3128512e-05
4.3498916e-05
0.00014883199
-9.5549853e-05
1.1243486e-05
8.6346625e-05
-0.00015745131
6.7924498e-05
-1.656209e-05
-0.00014892653
8.3234595e-05
-2.2156023e-06
-0.00015033456
5.3023501e-05
0.00014769193
-0.00011812761
0.00016011914
-0.00011901852
-0.00035173864
0.00033424748
7.4699009e-05
-0.00024381205
-0.00038804737
8.0320024e-05
-9.6207495e-05
-0.00049870741
0.00016073992
0.00012492559
-0.00054424887
0.00017506069
0.00045845673
-0.00050707468
-6.209687e-06
0.00055461919
-1.9451111e-05
3.7478539e-06
8.186824e-05
0.00067043366
-4.441463e-05
-0.00040671584
0.00068426846
-0.00016444782
-0.00045184674
0.00012012019
-0.00016955753
-0.00022286335
-0.00047654709
-8.2263158e-05
-2.8800094e-05
-0.00055517609
-2.1129961e-05
8.1498328e-05
-0.00041877557
-9.2053586e-05
0.00026216827
-0.00025812037
-0.00016799667
0.00038388045
0.00012380183
-0.00022379285
0.00029711771
0.00045092379
-0.00024310934
5.8802402e-06
0.00060082552
-0.00012380384
-0.00017467581
0.00041632004
8.3178147e-05
7.600857e-06
-0.00014409231
0.00017563902
1.9002755e-06
6.1006541e-05
0.00019960359
-0.00032157705
0.0004892904
1.0835897e-05
-0.00046379037
0.0002967638
-4.791426e-05
-0.00037706117
-0.00013366835
-5.9818908e-05
-0.00012230443
-0.00051921861
-1.9249185e-06
3.2603048e-05
-0.00043498545
-5.3887767e-06
1.6991551e-05
0.00016192577
-0.00018496826
5.5814844e-05
-8.841439e-06
-0.00020239358
0.00018487984
-0.00016034445
-0.00019661635
0.0002960672
-0.00014067291
-0.00014575716
0.00026831691
0.0003138832
-0.00012257461
0.00054903804
-0.00013666529
0.00010204009
0.00022791385
-6.7867594e-05
-3.4106099e-06
-0.00011570677
-0.00022931819
-5.5702688e-05
-0.0004134562
-6.632351e-05
3.8424678e-05
-0.00054704193
-4.4016047e-05
-0.00016672774
-0.0002259286
-0.00013803491
-2.1971666e-05
-8.4807358e-05
-0.00029277074
9.0308304e-05
0.00058333018
-5.0492403e-05
8.0336091e-05
0.00063335664
7.6197161e-06
0.00017134938
5.3363039e-06
7.7472529e-05
2.6288582e-05
-0.00014408296
6.4669676e-05
-7.7019496e-05
-0.00031730822
0.00011031404
-0.00015658334
-0.00028054005
7.6372453e-05
-0.00027520633
-8.3476176e-05
3.853813e-05
-8.0949459e-05
4.2248005e-06
1.7128457e-05
0.00011716978
0.00028144463
-7.3624654e-05
1.8591549e-05
0.00051693192
3.8416466e-05
1.8282847e-05
0.0002940299
0.00012646049
-2.2115133e-05
-0.00017666173
2.3746228e-05
-9.8679542e-05
-2.0470989e-05
-9.0703994e-05
-3.8891045e-05
0.00034913308
3.6569682e-05
7.6914577e-06
0.00017568124
0.00013835635
-3.3031655e-05
-0.00010408717
0.00025507734
-0.00013968232
-0.00036374645
0.00013283135
-0.00010677012
-0.00035986893
-1.2059863e-05
0.00021310738
-0.00014024295
-9.8792204e-05
0.00026902261
-7.973372e-05
7.1512599e-05
0.00013534092
-6.8921721e-05
0.00014531856
-5.2096919e-06
-0.00011455612
0.00021288015
-1.2829017e-05
0.000187704
6.9684418e-05
0.0005283863
-2.2155448e-06
0.00022693988
7.9539649e-06
-4.8771957e-05
0.00010856693
7.779367e-06
4.3906107e-05
-1.0017348e-05
-0.00038062903
8.7049221e-05
3.7549445e-05
-0.00057334024
9.8093464e-05
-4.4113317e-05
-6.6284762e-05
-3.8844368e-05
-0.00028209138
0.00021810962
-8.7610668e-05
8.7528167e-06
0.00027938882
-0.00010176069
0.00024122774
0.00033447042
8.3183901e-05
0.00017588518
0.00013374245
5.2336159e-05
4.6309904e-05
4.3885347e-05
3.8985665e-05
5.0989537e-05
-0.00027973955
0.00011196951
-1.8058091e-05
-0.0001904922
5.9550917e-05
-0.000204806
0.00014205805
3.8791989e-05
-0.00024331097
5.9499359e-05
4.5604851e-05
-1.1841535e-05
-1.3966888e-07
6.7560302e-05
0.00013255114
0.00023859571
6.1777695e-05
0.00033413932
-2.7693386e-05
0.00013554563
0.00017288972
-1.1727736e-05
-1.4839804e-05
-0.0001509331
0.00034338957
-9.5840713e-05
-1.7684542e-05
0.00017636302
-3.6449575e-05
0.00014007403
3.6946797e-05
0.00013786769
0.00014834335
-3.8312611e-05
0.00010255472
0.00015034336
-0.00038004451
3.0924464e-05
0.00011795743
-0.00033309805
-9.8491079e-06
0.00023449367
-0.00021845277
-5.560932e-05
0.00013571152
0.00010887269
1.4356066e-05
-0.00014983017
0.00033349692
4.830433e-05
-0.00033478969
0.00017346415
-1.3616786e-05
-0.00022717385
8.406938e-05
9.6988161e-06
0.00027882403
1.0044471e-05
0.0001321241
-0.0001435423
0.00027652379
-0.00017030665
-2.2161529e-06
-0.00013241598
-0.00046416677
-6.9477509e-06
-0.00050036944
5.9220995e-05
-0.00033404509
8.1616954e-05
-0.00010969105
5.7370818e-05
0.0001550566
0.00011250011
0.00028120043
0.00013147053
0.00030348273
0.00021558484
5.1439442e-05
0.00025076491
-0.00014426311
0.00026469153
-7.4986883e-05
0.00022636093
-8.1448027e-05
0.00021028781
-0.00013632951
6.2070703e-05
8.9661187e-06
-7.8449318e-06
-0.00010737652
-0.00011513206
-0.00021353283
-0.00013830074
5.9659917e-05
-0.00011711212
0.00023652287
-7.7970709e-05
0.00033935724
-7.3746895e-05
0.00039973414
-7.8998293e-05
0.00017302373
-2.1333135e-05
-8.2708676e-05
0.00010392567
-0.00026891986
9.531076e-05
-0.00028733648
0.00018877707
-0.00017373779
0.00023074893
-0.00014503562
0.00020334519
-0.00015403508
0.00018230884
0.00010304724
-9.4201799e-05
0.00015877062
-0.00014429671
0.00012985008
-0.00012551446
9.2292214e-05
-9.9575338e-05
7.9252865e-05
8.4821467e-05
-0.00017460645
3.3446854e-05
5.2461552e-05
-0.00017746704
0.00017228464
-0.00030041166
6.4617572e-05
-0.00025631097
-0.00015866544
-0.00018354018
-0.00016387155
-5.0446269e-05
-0.00019681567
0.00010979854
-0.00026546593
0.00022028403
-0.0002338122
0.00024780947
-0.00015102613
0.00020456007
-4.5915447e-05
0.00026910191
-0.0001176907
0.00021319323
0.00011611946
0.00012173711
0.00017137954
3.0613609e-05
0.00013804077
-0.00016665071
0.00013121191
-0.00023452764
-4.5699865e-05
-4.3803978e-06
-0.00034953057
0.00016546324
-0.00021493655
2.5160782e-05
9.9111239e-05
-0.00015184088
8.4778473e-05
-2.1596367e-05
-0.00028770396
9.0734389e-05
-0.00025977322
0.00026602632
-0.00032606455
0.00023369924
-8.3335362e-05
0.00011630544
-0.00033904821
0.00057251783
-0.00031264721
0.00018376911
-0.00020220459
0.00014258952
-5.0428229e-05
0.00010253719
0.00027845812
-0.00050970248
0.00012288806
0.00021177947
-0.00044035631
0.00069111439
-0.00051187402
-2.8312542e-05
-0.0003706995
-0.00046939749
-0.0002509965
-0.0003658377
-5.4802696e-05
-0.00041413943
0.00011455067
-0.00052687288
0.00020880533
-0.00049606352
0.00022117198
-0.00038718564
0.00012546006
-0.00019331288
0.00026145053
-0.00037748501
0.00038775439
7.2993741e-05
0.00019557851
0.00053919443
-0.00015996793
0.0006931908
-0.00048614507
0.00046822495
-0.00040198448
-0.00017777472
-0.00011287893
-0.00069845503
0.00017796325
-0.00050770364
8.0211995e-05
0.00019147372
-0.00012574353
0.00010576574
2.6491111e-05
-0.00064233217
0.00011967718
-0.00054957564
0.00029952864
-0.00065167317
0.00034442803
-0.00025080936
0.00032406818
-3.504874e-05
0.00053969898
-0.00013162368
5.1025857e-05
-2.4925501e-05
-3.0432161e-05
0.00019017672
-0.00015658107
2.8867649e-05
-0.00048642832
2.1072296e-05
-7.3195914e-05
7.2307324e-05
0.00058938696
0.00013307325
-8.1458747e-05
-0.00011633698
-0.00014251472
-0.00012961897
-0.00028788603
5.342147e-06
-0.00043878651
3.3990365e-05
-0.00047914865
4.6287067e-06
-0.00042816375
5.77337e-05
-0.00042316219
-2.9152493e-06
-0.0002062886
-0.00025539246
-8.6591349e-05
-3.2422359e-05
-2.3515875e-05
0.00011559015
0.00041492814
5.9156596e-05
0.00065892035
0.00016843542
0.0003955158
0.00021167648
-8.2659433e-05
-0.00013381448
-9.7886737e-05
-0.00042148823
-8.7198542e-05
-8.6574058e-05
-0.00015550031
0.00025878406
-0.00033838457
0.00019713321
-0.00050916872
0.00010301464
-0.0003101385
-0.00012672768
-0.00020905069
-0.00011269717
-0.00019515544
0.00020915547
0.00025890517
0.00023202186
3.4035844e-05
0.00031980129
-0.00016594253
0.00025659544
-0.00010929409
-0.00011513605
-0.0001479406
-0.00048662617
-0.00012194277
-0.00018680441
0.00025239659
0.00011328692
0.00011175891
0.00014236284
-6.1824319e-05
8.3404679e-05
-5.6980876e-05
-0.0002537438
3.6414909e-05
-0.00042021279
6.0112918e-05
-0.00044329575
4.6146665e-05
-0.00037540552
7.7778423e-05
-0.00040918911
4.8932265e-05
-0.00010988216
-0.00015663722
0.00018075581
-0.00026815727
0.00022354979
-3.7555244e-05
0.00016948631
0.00016243699
0.00036308739
0.00030928857
0.00021221465
0.00024502156
0.00011947526
6.8628847e-05
0.00018106069
-6.3503586e-05
7.5858355e-05
1.7363257e-05
-0.00024621625
2.0205502e-05
-0.00039683613
-1.4853464e-05
-0.00045975367
-3.1925511e-05
-0.00024476211
-0.00011124768
-0.0001433453
-0.00014060476
-0.00015609954
7.8595186e-05
8.8479559e-05
0.00023797421
0.00036215367
0.00024006988
-0.0001873353
-0.00029252275
-0.000121865
0.00013299795
0.00034787317
0.00030971421
0.00014026633
-3.8337903e-05
-0.00018738251
-0.00038628383
-0.00043409529
-0.00026118442
-0.00015276669
-0.00012158113
0.00012439414
0.00025863808
0.00030436644
0.00040642884
0.00046095406
0.00031866349
1.7138126e-05
-0.00025383846
-0.00026785163
-0.00020785174
-0.00018164243
)
;

boundaryField
{
    minX
    {
        type            calculated;
        value           uniform 0;
    }
    maxX
    {
        type            calculated;
        value           uniform 0;
    }
    minY
    {
        type            calculated;
        value           nonuniform List<scalar> 
292
(
-5.4460585e-07
-4.9446155e-07
2.6943434e-06
1.5074804e-06
3.696982e-06
2.8395277e-06
2.8273091e-06
2.3723354e-06
3.2497837e-06
2.1710171e-06
-1.1493628e-06
1.3837963e-07
2.8168569e-06
4.9537723e-07
2.1008137e-06
2.5088519e-06
1.5218679e-06
9.2371512e-07
3.5348764e-06
1.7462661e-06
-4.6636497e-07
1.5551047e-06
3.2121668e-06
3.3645384e-06
3.0406854e-06
1.9898611e-06
3.1146466e-06
4.35012e-06
4.239666e-06
2.3890018e-06
2.9273619e-07
-1.602488e-06
3.5520958e-06
-5.0664478e-07
4.0755861e-06
9.5834146e-07
2.5000051e-06
2.885296e-06
3.9168914e-06
1.4435015e-06
1.0761455e-06
1.2487753e-07
3.6830582e-06
3.1588789e-06
3.6483243e-06
4.1794735e-06
3.7318154e-06
5.2917721e-06
5.3978682e-06
4.6121447e-06
-7.7972647e-07
1.5598402e-06
3.077655e-06
2.4298737e-06
3.8080344e-06
1.219306e-06
2.3409884e-06
4.3706527e-06
3.5133983e-06
3.8132541e-06
-1.7717532e-06
3.4493958e-06
2.7492462e-06
2.2999156e-06
2.8344988e-06
-9.3468741e-07
1.2015293e-06
-2.1919479e-07
4.0856925e-06
3.8671199e-06
-2.2554798e-06
1.9906577e-06
5.3147421e-07
2.1448967e-06
3.3860135e-06
-1.1021459e-06
2.8119131e-06
1.0757073e-06
4.8505615e-06
2.8871572e-06
-2.4119127e-06
-3.8176097e-06
-3.8107232e-07
2.5982871e-06
2.4229302e-06
-2.4335252e-06
3.0358098e-06
1.1643806e-06
2.8200088e-06
3.4709123e-06
-1.20116e-06
-1.2149445e-06
-1.2967614e-06
1.7914077e-06
4.8507707e-06
-4.7697626e-06
2.6995291e-06
-2.9349128e-07
3.8953704e-06
2.4624092e-06
-3.4985572e-07
1.8734631e-07
-2.1080018e-06
4.4447589e-06
4.8809535e-06
-2.4958843e-06
2.097822e-06
-9.879565e-07
3.3172712e-06
2.4645807e-06
-2.4833614e-06
3.9450114e-07
-1.8565526e-06
1.4922495e-06
-2.6959776e-06
-3.4241859e-06
1.0913787e-06
-1.120468e-06
1.3808811e-06
2.2602952e-06
1.0967372e-06
-2.5119341e-07
-1.4986454e-06
1.6501099e-06
-4.9089017e-07
-2.3662375e-06
3.6611173e-07
3.2878589e-07
1.5144043e-06
1.5078961e-06
1.0854634e-06
6.4374435e-07
-5.794503e-07
7.3807875e-08
1.7099228e-07
4.5697522e-07
3.6462173e-07
4.2180416e-07
2.4588315e-07
1.2856906e-06
-2.8641244e-06
-7.0760239e-07
5.7962815e-07
4.104496e-07
5.7821762e-07
-8.1317314e-07
6.96967e-07
-6.903467e-07
1.5202816e-06
-1.2051167e-06
9.6523015e-07
1.4515239e-06
7.8599761e-07
7.3244932e-07
-3.4774884e-06
5.5180256e-07
-4.7303647e-07
-1.5608369e-06
2.1924958e-06
2.5653999e-06
-1.0062346e-07
-1.7194642e-06
-7.7954497e-07
-2.0971911e-06
-1.4451878e-06
-1.2534068e-07
-2.6339821e-07
-3.0781439e-06
6.0295605e-07
1.3655779e-06
2.2244455e-07
-8.5892497e-07
-2.7933785e-06
-2.1482883e-06
4.9295677e-07
-4.3942644e-08
-7.0827564e-07
-6.2444088e-07
2.8378766e-06
1.5130868e-06
-7.9621151e-07
9.5538418e-07
-2.5516741e-06
5.1947046e-07
-4.7001429e-07
-9.4159214e-07
-1.5973835e-06
-9.3193951e-07
-2.4397713e-06
-4.0796549e-06
-4.4333972e-07
-6.0045425e-07
-5.2964691e-07
4.2828628e-07
-1.7487259e-06
-6.8653924e-07
-1.64269e-06
-5.0943158e-07
-1.0450682e-06
-1.7087829e-06
-1.9114912e-06
-9.1497332e-07
-1.210968e-06
-4.7694702e-07
-6.1548387e-08
4.177608e-07
9.7634435e-07
-1.6391322e-06
-8.020322e-07
-2.1590418e-06
-1.202092e-06
2.1409455e-06
5.5353068e-07
6.4548145e-07
-1.0147103e-06
3.8111272e-07
-1.1283245e-06
-2.1624168e-06
-2.3818244e-06
-3.3109887e-06
-8.148095e-07
-1.8097983e-06
-5.5163412e-06
-2.8129135e-06
-6.8908036e-07
3.1110236e-07
-2.1966932e-06
-3.7220517e-06
-1.0897058e-06
-3.192346e-06
-1.2844309e-06
-1.9372971e-06
-3.0192276e-06
-4.1229575e-06
-8.553122e-07
-1.9583648e-06
-1.8749436e-06
-2.3127874e-06
-2.2167666e-06
-2.9340574e-06
-3.0145924e-06
-3.3266593e-06
-2.9117881e-06
-5.0325374e-06
-5.1767521e-07
-2.8076371e-06
-9.6585741e-07
-2.7112379e-06
-2.5872689e-06
-2.5273325e-06
-2.9669013e-06
8.1364951e-09
-4.0218263e-06
6.4686378e-07
-3.0090481e-06
-2.4757553e-06
7.4264102e-07
-8.356047e-07
-2.7856842e-06
-3.3176978e-06
-2.6676062e-06
-1.4840554e-06
-2.5085031e-06
-4.2617656e-06
-3.8535136e-06
-2.7215618e-06
-2.3052498e-06
1.7973366e-06
-2.3955892e-06
-2.6557003e-06
-3.2478798e-06
4.3805613e-07
-5.3699069e-06
-4.7743844e-06
-1.9753949e-06
-3.7791742e-06
2.1090338e-06
1.432186e-06
2.3755253e-06
-3.3299611e-06
-2.4202739e-06
-2.4651658e-06
-4.652874e-06
-3.4565599e-06
-2.5436868e-06
-2.7656304e-06
-2.5121571e-06
4.2076277e-07
-4.0351755e-07
-2.83811e-06
-1.809478e-06
-1.6247245e-06
)
;
    }
    minZ
    {
        type            calculated;
        value           uniform 0;
    }
    maxZ
    {
        type            calculated;
        value           uniform 0;
    }
    bottomWater_to_rightSolid
    {
        type            calculated;
        value           uniform 0;
    }
    bottomWater_to_leftSolid
    {
        type            calculated;
        value           uniform 0;
    }
    bottomWater_to_heater
    {
        type            calculated;
        value           uniform 0;
    }
}


// ************************************************************************* //
