/*--------------------------------*- C++ -*----------------------------------*\
| =========                 |                                                 |
| \\      /  F ield         | OpenFOAM: The Open Source CFD Toolbox           |
|  \\    /   O peration     | Version:  v2012                                 |
|   \\  /    A nd           | Website:  www.openfoam.com                      |
|    \\/     M anipulation  |                                                 |
\*---------------------------------------------------------------------------*/
FoamFile
{
    version     2.0;
    format      ascii;
    class       volVectorField;
    location    "570/bottomWater";
    object      U;
}
// * * * * * * * * * * * * * * * * * * * * * * * * * * * * * * * * * * * * * //

dimensions      [0 1 -1 0 0 0 0];


internalField   nonuniform List<vector> 
1460
(
(-0.00026182953 -0.014918362 -0.0019660663)
(-0.0013522119 -0.016498681 -0.0025781569)
(-0.0011325767 -0.015949834 -0.0028993395)
(-0.00099732196 -0.016545991 -0.0021197896)
(-0.00091803161 -0.017807331 -0.0029702516)
(0.00046427671 -0.015156093 -0.0038770589)
(0.00048074572 -0.016747101 -0.0040661532)
(0.0018150106 -0.015852765 -0.0037535115)
(0.001547484 -0.015545607 -0.0018626188)
(-0.00050694988 -0.015254706 -0.001416577)
(-0.00053700687 -0.015835957 -0.00080856646)
(-0.0030271143 -0.013830334 -4.7222987e-05)
(-0.0025692992 -0.01237148 0.0011856656)
(-0.0013776325 -0.014381605 0.0016489475)
(-0.00066406872 -0.012631491 0.0010996489)
(0.0020313221 -0.012741059 0.0013609519)
(0.0026492435 -0.01484142 0.00040484331)
(0.0031204606 -0.01272806 0.0017755502)
(0.0042080708 -0.013227729 0.0017732585)
(0.0029666417 -0.01428782 0.0011000812)
(0.00034335354 -0.016815339 0.0010716408)
(-0.0022464216 -0.016349768 0.00019266746)
(0.0004361997 -0.010971579 -7.1113972e-05)
(0.0031212208 -0.014210116 -0.001119475)
(0.0011432423 -0.01727598 0.00020122576)
(0.00040363868 -0.018041324 0.0011594672)
(-0.0012282558 -0.012259277 -0.00068528169)
(0.0011910482 -0.010710936 0.0019558648)
(0.0032071423 -0.012819814 0.001512812)
(0.0012531714 -0.013663549 0.00099022132)
(-0.0028814958 0.017169741 -0.00250706)
(-0.00242575 0.018460115 -0.0036319745)
(0.0013418923 0.017193879 -0.0044006672)
(0.0020903071 0.018311 -0.0052192317)
(-0.0025532947 0.01883648 -0.0060615378)
(-0.0034524514 0.017101293 -0.0055032359)
(-0.0021402284 0.017499328 -0.0053966574)
(0.0019386626 0.01583466 -0.0024819402)
(0.0033410114 0.017805814 -0.0010732843)
(0.0011014161 0.017593159 -0.00093424475)
(-0.0046524068 0.017798204 -0.00044716352)
(-0.0068934659 0.014767088 0.00030723422)
(-0.0019964794 0.0031430484 -0.00010064954)
(-0.0034740513 0.0059545662 0.0015725731)
(-0.00039290441 0.0027744208 0.0014793539)
(0.00089397625 0.0023985313 0.0010306431)
(0.0032699801 0.013050853 0.0012566328)
(0.0037958287 0.0046771092 0.0021697225)
(0.0054208265 0.010842252 0.0020283993)
(0.005954004 0.015975574 0.0016807134)
(-0.0025488672 0.018725826 0.00077764231)
(-0.0061261687 0.016244011 -0.00041714567)
(-0.0017971005 0.0011736776 -0.001034509)
(0.004050478 0.015430786 -0.0033908925)
(0.0034615745 0.018813 -0.0034333626)
(-0.0036148146 0.018522456 -0.0021574412)
(-0.0026497105 0.010199187 -0.00074270925)
(0.00023017061 -0.0019682083 0.001163122)
(0.0029350913 0.010385273 0.00057643426)
(0.0032320366 0.015576273 0.001056123)
(-0.00062255904 0.00099025995 -0.00047435082)
(0.0012157589 -0.016863578 0.0042149495)
(-0.0031648478 -0.013089347 0.0018836977)
(-0.00035775074 0.0050562686 -0.0028468299)
(-0.0012667993 0.0055627355 -0.0027922838)
(0.00023509587 -0.00014038896 -0.0028969642)
(0.00256425 -0.016607732 0.0035690281)
(-0.0018379983 -0.017575301 0.0052886568)
(-0.0019969086 -0.010749341 0.0025018991)
(0.00043621722 0.0022257899 0.00018228628)
(-0.00095682 0.0026203416 -0.0011101242)
(0.0049968714 -0.01351596 -0.0036434466)
(0.0045857457 -0.015453757 -0.004094581)
(-0.0025615083 -0.016110723 -0.0024593593)
(-0.00040982837 -0.013704301 -3.0691184e-05)
(-0.001927287 -0.014357472 2.1199979e-06)
(0.0016736107 -0.013944459 0.0030124471)
(0.0015661752 -0.015919377 -0.00049161989)
(-0.0040701557 -0.014471218 -0.0019114162)
(0.0022940731 -0.0017608393 -0.00069102682)
(-0.0013512271 0.0061917813 0.00082576151)
(0.0042587737 -0.0098344768 0.0009189492)
(-0.0016290525 -0.015020808 -0.00054725973)
(-0.0055651602 -0.01096954 -0.0020549711)
(0.00036474281 0.0048100166 -0.0032383442)
(-0.0019993604 -0.0010092472 -0.0011416523)
(0.0048446678 -0.012588692 0.0012928065)
(0.00062286483 -0.014022105 -0.00019775304)
(-0.0039230212 -0.014463507 -0.0024310768)
(0.00059523305 -0.0022386796 -0.00052211115)
(0.0029138857 0.0080099621 0.0010544757)
(0.0018438225 0.012405487 -7.816332e-05)
(-0.0061701546 0.012008134 -0.0015064828)
(-0.0032184595 0.0092937823 -0.00086103923)
(-0.00072197598 0.010069398 -0.00098892429)
(0.0028330184 0.0076111927 -0.001076518)
(0.0037521268 0.011367219 -0.00090387224)
(-0.0047790279 0.011944262 -5.6362348e-05)
(-0.0052422546 0.010076732 0.00035563166)
(-0.0022458282 0.0083486034 0.00021276775)
(0.0020309239 0.007975371 -0.0010330578)
(0.0037262518 0.010606343 -0.0019435312)
(0.003364327 0.011135862 -0.0016594856)
(-0.0014325934 0.011853105 -0.00082092883)
(0.0012097551 -0.0039329913 -0.00023522083)
(-0.0016023727 -0.0054277235 4.5625933e-05)
(-6.750778e-05 0.0030174659 -0.00018757075)
(-0.001317041 0.010821444 -0.00018001475)
(-0.0032534303 0.0089069003 -0.0021293031)
(-0.0013967451 0.0067514558 -0.00084597368)
(0.00084372473 0.0088957688 0.00096397325)
(0.0043084707 0.010298404 0.0016000783)
(-0.0036344512 0.010326056 0.0021604866)
(-0.0063126 0.010722894 -7.3148644e-05)
(-0.0021219202 0.007820306 -0.00022013254)
(0.0034284751 0.003417621 0.001542439)
(0.0024677412 0.0018701971 0.00054766939)
(0.0024056552 0.0050739089 0.0013652803)
(-0.0024322361 0.010603319 -0.0028591449)
(-0.0021068892 0.0072176663 -0.0020122335)
(-0.0021865083 -0.0048798224 0.003775667)
(-0.0013326297 -0.0021458131 0.0033252256)
(-0.0025505798 -0.0026416457 0.0027930904)
(-0.0021398555 0.0014648197 0.0017931028)
(0.00056838669 0.0034340845 0.0015626409)
(0.0014826008 -0.0015037512 0.0023051593)
(5.6961582e-06 -0.0027004657 0.00317772)
(0.00037569592 -0.0014614238 0.0029532043)
(0.0015908624 -0.011354703 0.001692841)
(-0.0028593897 -0.0038398548 0.0018534856)
(0.0016634063 -0.001557137 -0.00011153826)
(0.0019977947 -0.0093724145 -0.00074454686)
(0.0039041177 -0.0073230405 -0.00038114433)
(0.0056723885 -0.0088467585 -0.00048644278)
(0.005713215 -0.009486693 -0.00066975259)
(-0.0037506319 -0.0097956909 -0.0019491959)
(-0.0054342974 -0.0095227597 -0.0026463706)
(-0.0046559226 -0.0086507555 -0.0017292021)
(-0.0022334962 -0.0081642576 -0.0019884882)
(-0.0011349243 -0.0040416454 -0.0016820155)
(0.0010760066 -8.9096622e-05 0.00067135167)
(0.0036116634 -0.0047263944 0.00067874468)
(0.0035591651 -0.0053438648 0.0010384791)
(0.0040534488 -0.0097521658 0.0012191361)
(0.0024916991 -0.0087086531 0.0017996559)
(0.00048256826 -0.010061891 -0.00055974028)
(-0.0027368852 -0.0090975856 -0.0021549531)
(-0.0040171764 -0.0070194632 -0.0010673294)
(-0.0025600606 -0.0027421897 -2.5431817e-05)
(-0.00020267838 -0.0042121377 0.00016555088)
(-0.0018998887 -0.014683651 -0.0025242244)
(-0.0021783091 -0.011676532 -0.0017272582)
(-0.00021595756 -0.01182309 -0.0023370591)
(6.5246476e-05 -0.015736797 -0.0041074956)
(-0.0023842729 -0.016591248 -0.0043325413)
(-0.001815671 -0.014395823 -0.0039493904)
(-0.00090049844 -0.012667167 -0.0012579378)
(0.0025090202 -0.011391152 0.00036621651)
(0.0042011675 -0.0122505 -0.00099993856)
(0.0016544356 -0.014531778 -0.0020302026)
(0.00045214495 -0.016970488 -0.0020129947)
(-0.0010070053 -0.018483114 0.00044183362)
(-0.0021866417 -0.015904504 0.0027853713)
(-0.0026024816 -0.016292717 0.0025360631)
(-0.0016252052 -0.011699317 0.0028284525)
(0.0010681294 -0.012293073 0.0012883481)
(0.0027447133 -0.011780808 -2.3197778e-05)
(0.0040402415 -0.013094777 0.00085960286)
(0.0028681444 -0.013142091 0.00016139092)
(0.0011397613 -0.016205059 -0.00023931707)
(-0.0011090111 -0.016948944 0.00028874439)
(-0.002241725 -0.015916216 -0.001386328)
(-0.00080296008 -0.012779142 -0.00095431537)
(0.0027212518 -0.011433271 -0.0025905216)
(0.0031976489 -0.015003799 -0.0021148384)
(-0.00051701013 -0.016033823 -0.00080468506)
(0.00072589204 -0.011704221 0.00058862762)
(0.0036745215 -0.012911909 0.0018447791)
(0.002900829 -0.014302537 0.00066936103)
(0.00038745781 -0.015614045 -0.0002784692)
(-0.0042084678 0.016090598 0.00029768027)
(-0.00077573021 0.0053376475 0.0020952843)
(-0.0012687313 0.0042038872 -0.00056738287)
(0.0021842511 0.016854871 -0.006033574)
(-0.0031864139 0.016891019 -0.006467204)
(-0.0035492309 0.010882153 -0.0036802698)
(-0.00067380921 0.00044567038 0.00092335215)
(-0.00055703905 -0.0024349568 0.0018533317)
(0.00531259 0.013133988 0.0019578961)
(0.0034324394 0.016967872 0.00044900808)
(-0.00065461446 0.019097537 -0.002601066)
(-0.0036334731 0.019997271 0.0014228643)
(-0.0060935185 0.017144807 0.0051588773)
(-0.0063397088 0.014763311 0.004818877)
(-0.0026709181 0.002174905 0.0021832329)
(0.00046878569 0.005069905 0.0026123603)
(0.0026928332 0.0028098053 -0.0002072875)
(0.0068886661 0.012902876 0.0032350343)
(0.0058541028 0.015888247 0.0029550694)
(0.0031928604 0.017958653 0.0015761154)
(-0.0051447176 0.018843485 -0.002133771)
(-0.0066888832 0.015903018 -0.0033104412)
(-0.0017605298 0.0041888562 -0.0020091954)
(0.00045142474 0.0039462294 -0.0021936706)
(0.0028601309 0.016066425 -0.0042880528)
(-0.0016168639 0.017418002 -0.0020276291)
(0.00071916868 -0.00028510022 0.00060634689)
(0.0029830123 0.010256403 0.0025564924)
(0.0039896758 0.016136184 0.0026706204)
(0.0025082772 0.017457498 0.0011223598)
(0.00097764666 -0.0067564178 0.0020084534)
(0.0033054193 -0.014634483 0.0040158749)
(-0.0025028004 -0.014035074 0.0025669333)
(-0.0018923835 -0.012153309 0.0024157012)
(-0.0016549824 -0.0077145831 0.0011460463)
(0.0008486574 -0.014302165 0.0021378117)
(-0.00021616743 -0.014790363 0.002330849)
(-0.0053450003 -0.015287471 0.0012602558)
(-0.0058019321 -0.013239692 0.00020155657)
(-0.00068184613 6.9662758e-05 0.00031370162)
(-0.0017508365 0.0030120257 -0.0021742842)
(-0.0012914059 -0.00026372146 -0.0014586947)
(-0.00092697666 -0.0030367707 -5.8448133e-05)
(0.00071898822 -0.015730298 -0.0017259999)
(-0.00047080311 -0.014362884 -0.001382155)
(0.0010953537 -0.013093407 0.00043503252)
(-0.0011870065 -0.015258427 -0.0019901758)
(-0.0031070961 -0.012947091 -0.0035512409)
(0.00011824771 0.00037757635 -0.0016155978)
(0.0012389616 0.0049162729 0.00085794332)
(-0.00078776558 0.0053608075 -0.00041617298)
(0.0045331726 -0.012348232 0.001860438)
(0.0024648699 -0.015368756 -0.00053527085)
(-0.0030048678 -0.013485759 0.00099579136)
(-0.0019149382 -0.012808153 0.0037976188)
(0.0036274347 -0.012925805 0.0057018774)
(0.00044386221 -0.015303376 0.00047178754)
(-0.0050755394 -0.014103367 -0.0028493806)
(-0.0028890439 -0.0079453312 -0.0022632627)
(0.00013083066 -7.1990176e-05 -0.00081741199)
(0.0024000971 0.005700396 0.0020251582)
(0.0025696483 0.0084729757 0.00015099329)
(0.00067181222 0.0062273871 2.8458495e-05)
(-0.0016542135 0.010338961 0.0011452662)
(-0.0032062007 0.008242963 0.0006428578)
(-0.0027935542 0.0041434788 6.5859595e-05)
(-0.0042828129 0.007011936 -0.0013703383)
(-0.0052591979 0.0078040628 -0.0018905831)
(-0.0051970328 0.0076660891 -0.0014065499)
(-0.0029298531 0.0074821707 0.0001200876)
(4.1335624e-05 0.008327264 0.00066442492)
(0.00034467555 0.0084139348 -0.00079263498)
(0.0020583799 0.0076432484 -0.00044500271)
(0.00045853555 0.010798258 -0.0020924792)
(-0.00065698167 -0.0034715713 -0.00066992652)
(-0.0016076007 0.00052236981 -0.00037644932)
(-0.0016687839 0.010257041 -0.001116172)
(-0.004616183 0.0087832293 -0.0029475186)
(-0.0028887954 0.0066180568 -0.0025454604)
(-7.9820785e-05 0.0092677751 0.00047903272)
(0.0025093556 0.0080814898 0.0022646184)
(0.0060767323 0.010074369 0.0023264373)
(0.0012424768 0.010943683 0.0020295774)
(0.0014699622 0.0025575368 0.00039703208)
(-0.00021465083 -0.0015047651 0.0032000399)
(0.0021902461 0.0073700948 0.0048720163)
(-0.00088124376 0.0096482485 0.0019193614)
(-0.0044730237 0.0096572953 -0.0008200525)
(-0.0037800201 0.0067635416 -0.00090171374)
(-0.0021574635 0.0074926356 0.00037933129)
(-0.0011960259 -0.010165056 0.004537695)
(0.00023320479 -0.0099098733 0.0064858377)
(-0.00052545211 -0.0092282771 0.0068733895)
(-0.0016203437 -0.0072161878 0.0058242754)
(0.00018844863 -0.0057962872 0.0059673343)
(-0.00087640816 -0.0088184975 0.0055592863)
(-0.0024948799 -0.0095235402 0.0062413094)
(-0.0017405588 -0.010101624 0.0045285027)
(-0.0027116847 -0.010675529 0.0017025713)
(-0.0030894982 -0.0046048676 0.0016448064)
(-0.00082481815 -0.00047641405 0.00018104317)
(0.00091218794 -0.00084401725 -0.0024580266)
(0.00260142 -0.0015279068 -0.00067717445)
(0.0046907955 -0.0071969387 -0.00077031938)
(0.0019094181 -0.0095159483 -0.002003505)
(-0.0060353991 -0.0091920754 -0.0033218685)
(-0.0052010574 -0.0070278723 -0.0033039955)
(-0.0042926841 -0.0056830833 -0.0026601264)
(-0.0028768427 -0.0018546263 -0.0025852589)
(-4.0135849e-05 0.0019964182 -0.00016734259)
(0.0029506807 -0.0012599807 0.0013351047)
(0.0047305583 -0.0045685034 0.0020176028)
(0.0053304997 -0.0051716781 0.0026028346)
(0.0060288435 -0.0084734301 0.0022997781)
(0.00040924013 -0.010696602 0.0012460571)
(-0.0039869498 -0.0083882676 -0.001271115)
(-0.0013155052 -0.0026453784 -0.00079995869)
(6.0924226e-05 -0.005481246 -0.0016583193)
(0.0012114504 -0.01087532 0.0011807468)
(-0.001222248 -0.0085201434 -0.0011159938)
(-0.002238669 -0.016598972 -0.00048498525)
(-0.0028956022 -0.013306327 0.00029491557)
(-0.0021473359 -0.013062548 -0.00082115488)
(-0.00093383617 -0.012747486 -0.0018059451)
(-0.0011268625 -0.012979346 -0.0029245301)
(0.0010672155 -0.012460769 -0.0029974233)
(0.0028674231 -0.012382697 -0.00085274391)
(0.0042423078 -0.014909518 -0.00053188787)
(0.0035881351 -0.016374009 -0.0023963378)
(0.0015917359 -0.016410311 -0.0036128887)
(0.00095338154 -0.016402525 -0.0038423308)
(-0.00055848285 -0.017584983 -0.001873221)
(-0.001563021 -0.016429594 -0.00085518814)
(-0.00061775177 -0.016803219 0.00074236794)
(-0.0023783914 -0.013410082 0.0023027831)
(0.000990598 -0.011012284 0.0016754106)
(0.0035950445 -0.013194928 0.0019698112)
(0.0028633466 -0.014063742 0.00080884215)
(0.0013568703 -0.017229828 -0.00065108694)
(-0.00078217431 -0.015683774 0.00067932467)
(-0.0032881964 -0.013883021 -0.00024275939)
(-0.0027597248 -0.011897252 -0.0016499088)
(-0.00071408198 -0.0125625 -0.0015081307)
(0.00096998494 -0.012140638 -0.00062120248)
(0.0023382835 -0.011723265 0.00070680122)
(0.0038245072 -0.011771456 0.0010520508)
(0.0043232693 -0.013562623 0.0021174516)
(0.0031464476 -0.014466228 0.0017825276)
(0.0015046168 -0.017768035 0.0010975388)
(0.00042209146 -0.019039634 1.3391003e-05)
(-0.0053761463 0.017102857 0.0023143213)
(-0.003069733 0.0072027835 0.002648085)
(-0.0023680963 0.0034256613 0.00091024198)
(-0.0006314291 0.0034359245 -0.00052150064)
(-0.0017729688 0.0023985959 -0.0024181278)
(0.00027946741 0.00034507908 -0.0029690935)
(0.0026441434 0.003175182 0.00014766865)
(0.0053612364 0.01337854 0.0023003566)
(0.0053452001 0.017665872 0.00094935276)
(-0.0005852563 0.018244531 -0.0029184151)
(-0.0021826544 0.016961741 -0.0056434091)
(-0.0002225102 0.018462916 -0.0051854288)
(-0.0022715091 0.017704693 -0.0027306556)
(-0.0037727737 0.018334754 0.00026190985)
(-0.0047961536 0.014678735 0.0023405296)
(0.0030811398 0.0014500118 0.0017731491)
(0.0051235529 0.010089475 0.0022787826)
(0.0063167149 0.015829737 0.0025848802)
(0.0028899521 0.018662619 0.0010016029)
(-0.0048848599 0.017786366 -0.00056523539)
(-0.0065991732 0.015051229 -0.002562906)
(-0.0031323414 0.0050461621 -0.0030072006)
(-0.0018300802 0.0050791061 -0.0025870956)
(0.0006894156 0.0021212807 -0.00043931838)
(0.0027170846 0.0016410504 0.0023408753)
(0.0032212847 0.0028582794 0.0028284983)
(0.0056207821 0.013075383 0.0044159717)
(0.0045746223 0.016314148 0.0039668456)
(0.0006156831 0.019319673 0.00044379535)
(-0.00031629811 0.020240321 -0.00064680463)
(-0.00074423859 -0.0034921675 0.0017080532)
(0.0032697988 -0.014387475 0.0015183436)
(-0.00052987292 -0.013689228 0.0017110314)
(-0.00024544929 -0.01385435 0.0011417206)
(-0.0015231247 -0.01376916 -8.3829248e-05)
(-0.0011187489 -0.013991256 -0.0019016636)
(-0.0023678926 -0.013787119 -0.0016332996)
(-0.0041050023 -0.01365356 -0.0039431954)
(0.0011767728 -0.00048929329 -0.00083295025)
(0.00023122138 0.0032218418 -0.0012375304)
(-5.4066088e-05 -0.017206787 0.0043796857)
(-0.0029393838 -0.012710323 0.00054323368)
(0.00010798076 -0.00013338115 -0.0016234367)
(-0.00078104697 -0.0017450066 -0.0015510634)
(0.0037682314 -0.013668039 -0.00083423566)
(0.0045623779 -0.014572641 -0.00034464173)
(-0.0014483339 -0.01403201 -0.0044655485)
(0.00043160595 0.00058245338 -0.0018900111)
(0.0013137433 0.0067477521 -0.0017756521)
(-0.00024942729 0.0043112282 0.00049725096)
(0.0046981848 -0.011457627 0.00087896783)
(0.0026926928 -0.01456379 -0.00058089918)
(0.00023828546 -0.012901346 -0.0022518844)
(0.00045283633 -0.013365374 8.9161879e-05)
(0.0014188896 -0.013419433 0.0032819014)
(-0.00012141026 -0.0153219 0.0019621887)
(-0.0033985228 -0.013379632 -0.0025125701)
(-0.0008902301 -0.00063222104 0.0001888031)
(-0.0022343856 0.00016968868 -0.00099866142)
(-7.6955993e-05 -0.011024323 -0.00028082873)
(0.0019660623 0.0079145725 2.0633166e-07)
(0.0028463872 0.0065684279 0.00088864153)
(0.0010910166 0.0012037994 0.00149787)
(-0.000484784 -0.0012413858 0.0024674537)
(-0.0016471139 -0.0020546806 -0.00022563636)
(-0.0014812956 -0.0022389807 -0.0017836429)
(-0.0023802833 0.0013227556 -0.00071046251)
(-0.0043802808 0.0060628648 -0.0025676032)
(-0.003065961 0.0065000359 -0.0021932458)
(0.0027724748 0.0085292517 0.0011478787)
(0.0062215744 0.012185196 0.0022676653)
(-0.00090096724 0.012819047 0.00015813779)
(-0.0019667867 0.0079400734 -0.0014024382)
(0.0022243487 0.0071260178 -0.0025652155)
(0.001857713 0.00045718351 0.00041110762)
(0.0013565712 0.005134793 0.0011663045)
(-0.0035855883 0.0097538414 -0.0031046828)
(-0.0031678199 0.0072670208 -0.0032944265)
(-8.4362315e-05 0.010353585 -0.0024935223)
(0.0027511405 0.0083509583 0.00021234676)
(0.0055145278 0.0097020433 0.0021552532)
(0.0011767947 0.0087700455 -0.0014340219)
(0.0018288102 0.0012251828 -0.0007871578)
(0.0012814261 -0.0029441831 -0.00059605963)
(0.0011544788 0.0022029819 0.0015131549)
(0.00040359255 0.009450304 -0.00031987289)
(-0.0037603597 0.010231865 -0.0022061709)
(-0.0032627755 0.0071750622 -0.0016476257)
(0.0008364482 0.0050485466 -0.00058817284)
(0.0028325658 0.011841376 0.0016435136)
(0.0012342002 -0.0076631107 -0.00099918912)
(0.0029516236 -0.010896536 0.00056324761)
(0.0029706726 -0.010921897 0.0019914909)
(0.00076415164 -0.0094477268 0.0043524701)
(-0.001164277 -0.0083825263 0.0032218729)
(-0.0033435801 -0.0096602951 0.00049858844)
(-0.0047213867 -0.010599437 0.00086190847)
(-0.0045085453 -0.01039687 -7.2928146e-05)
(-0.0041007491 -0.0092680391 -0.00015052514)
(-0.0036991883 -0.0093963846 0.0014586646)
(-0.0024137655 -0.0088053054 0.0028804032)
(0.00044441266 -2.5736408e-05 0.0022351657)
(0.0033595521 -0.0013445906 0.0017229622)
(0.0051406517 -0.0071857022 0.0024836633)
(0.00058882661 -0.01048756 -0.0006388534)
(-0.005077972 -0.0079606892 -0.0032579641)
(-0.0043628619 -0.0046015055 -0.0027726156)
(-0.0035614893 -0.0020403627 -0.0026526111)
(-0.00096533426 0.003587142 -0.0023142558)
(0.0026285772 0.0010168906 0.00069734174)
(0.0047990117 -0.0026138068 0.0016138166)
(0.0063576512 -0.0062129769 0.0025665375)
(0.0066637673 -0.0080997053 0.003296054)
(0.0025591561 -0.0094487816 0.0012509998)
(-0.0044769896 -0.0068101885 0.00025462476)
(-0.0026024305 -0.0020095694 -0.0003713299)
(-0.00163606 -0.0037896653 -0.00093730173)
(0.00041066951 -0.0070891113 -0.0015596372)
(-0.0028883095 -0.0082209207 -0.003578659)
(-0.0015528594 -0.0020383989 -0.0012295566)
(-0.0015803417 -0.015804591 0.0014005579)
(-0.0033808789 -0.014847431 0.0021713773)
(-0.0019533867 -0.012548662 0.0023451324)
(-0.0011960856 -0.013559451 0.0014441196)
(-0.0010009377 -0.012511139 0.00083957764)
(0.002643933 -0.012086765 0.00041659453)
(0.0033556674 -0.012829028 0.00092683271)
(0.0029708878 -0.016270106 -8.468004e-05)
(-0.00033305989 -0.018585336 -0.0022863395)
(-0.002422321 -0.01594341 -0.0035952557)
(-0.00092522321 -0.012181592 -0.00097355736)
(0.0012665631 -0.0114327 0.00067877072)
(0.001076353 -0.011750957 -0.0011968101)
(0.0022857473 -0.012486498 -0.002018768)
(0.0030329642 -0.013300019 -0.0026792982)
(0.0034241768 -0.016333006 -0.0011939344)
(0.0029886808 -0.015738417 -0.00054872899)
(0.0013660484 -0.017673209 -0.00075537564)
(-2.7764296e-05 -0.017354768 -0.00029356351)
(-0.0020311477 -0.014726725 0.00036503494)
(-0.0034271558 -0.013875066 -0.00018863295)
(-0.0027594007 -0.011400168 -0.00092072353)
(-3.6786775e-05 -0.012306446 0.00023152335)
(0.0022659781 -0.012274353 0.0014140854)
(0.0039867744 -0.013336587 0.002157103)
(0.0038138311 -0.014305562 0.0022758234)
(0.0032138526 -0.015471859 0.0012795542)
(0.0028543315 -0.016357125 0.00097981578)
(0.0018661967 -0.017027092 -0.0013716646)
(0.00054924086 -0.016823929 -0.0017552394)
(-0.0050793308 0.017631178 0.0041086455)
(-0.005789675 0.014047975 0.0052338178)
(-0.0029490615 0.0034955375 0.0036826055)
(-0.0019893604 0.0097644229 0.002822558)
(0.00058637119 0.0012192663 0.00087788175)
(0.0032884236 0.00021024825 0.00054802618)
(0.0048203038 0.0075805846 0.0022013115)
(0.0064180925 0.016868528 0.0027564797)
(-0.0036828534 0.019681878 -0.0020019983)
(-0.0055828422 0.013985032 -0.0030030312)
(-0.0010909564 -0.00092099571 0.0021344755)
(-0.00015210969 0.0026370834 0.001294965)
(0.00045196875 0.0036959955 -0.0010558576)
(0.0012694937 0.0071208617 -0.0022301294)
(0.0038311753 0.0099242617 -0.0013863452)
(0.0063014086 0.014903332 -0.00014838774)
(0.0071765288 0.017270556 0.00091312232)
(0.0045887876 0.019235946 -0.0018197553)
(-4.5307505e-05 0.019076223 -0.0021979539)
(-0.0056933038 0.016778631 -0.00071917752)
(-0.006088969 0.012939655 -0.0012047804)
(-0.0028866902 0.0020890316 -0.0016936527)
(0.00012040029 0.00013624655 0.00024118224)
(0.0013769083 0.00013356376 0.00068092019)
(0.0050405903 0.0091127864 0.0024892098)
(0.0059296958 0.014751176 0.0044245435)
(0.0043618291 0.01714869 0.0035415227)
(0.0014791045 0.018088238 0.0010424645)
(-0.0003688958 0.018645392 -0.0038827167)
(0.00092780841 0.018380401 -0.0021384768)
(-0.0021804696 0.0027646116 0.0016405326)
(0.0052818944 -0.014415399 -0.00065024773)
(-0.00029432836 -0.015484953 0.0016339606)
(-0.00027572383 -0.013465952 0.0031495624)
(0.0020922009 -0.014296048 0.00010134134)
(0.0013965821 -0.014257787 -0.0011172436)
(-0.0018913122 -0.014098135 0.00096096847)
(0.0013871784 0.0001356102 0.0018518799)
(-0.0018347852 0.005055877 -0.0010126238)
(0.0046509437 -0.013845796 0.0045111917)
(0.0015615451 -0.015475181 0.0049703319)
(-0.00092899686 -0.014033816 0.00091903316)
(0.00069799026 -0.013817257 -0.00050237782)
(0.00055054057 -0.013406661 0.00062704388)
(0.0031249513 -0.013982431 0.0014818268)
(0.0014513573 -0.016395706 -0.0012779226)
(0.0024305557 -0.0036971376 -0.00091623251)
(0.0019021844 0.0042313713 -0.0029847321)
(0.0014626799 0.0060090473 -0.0024799678)
(-4.7965262e-05 -0.00043381099 -0.0011158484)
(0.0047002762 -0.014807205 -0.00073161861)
(0.0022878306 -0.014027808 -0.00079949613)
(0.001342605 -0.013467086 0.00040328252)
(-0.001619414 -0.014369304 -0.0021513506)
(-0.0032719785 -0.013768269 -0.0030542885)
(0.00095763432 -0.0045590578 0.0001920635)
(0.0010755643 0.0029225813 0.0013572151)
(0.0010240109 0.0025103041 0.0010401585)
(-0.00036735188 -0.014679968 0.0057386537)
(-0.00082822334 -0.012838405 0.001516539)
(0.001593836 0.0076903813 0.0012365186)
(0.0041456612 0.010035517 0.00072138316)
(-0.00017194067 0.0090983293 0.0044072674)
(0.00059801982 0.0011744452 0.0023870884)
(0.0010587744 -0.0046960354 -0.00031816841)
(-0.00013245364 -0.0028793397 -0.0018977863)
(-0.0017166502 0.0045615484 0.0026119735)
(-0.0025345892 0.0071158376 0.00010679314)
(0.00088301306 0.0089743528 0.001348465)
(0.0041459014 0.01129197 0.0034353069)
(0.0020847449 0.0076052589 0.0012841149)
(0.0021923381 0.0014728872 -0.00011045315)
(0.0032195761 -0.0020047774 -0.00033206815)
(0.0021976127 -0.0026748257 0.0011602758)
(0.0034137588 0.0046553481 0.0015990906)
(-0.00017206125 0.010684558 0.0014823378)
(-0.0030435008 0.0076980585 -0.001564633)
(-0.0015271002 0.0093793187 -0.0016694284)
(0.00038787699 0.0097919944 -0.00099213638)
(0.0029206887 0.0075282277 -0.00055684881)
(0.004231558 0.010289407 -0.00073548934)
(0.0024883532 0.001277437 -0.00056584457)
(0.00015623184 -0.0030444988 0.00027113753)
(0.00073733718 0.0029346364 8.703381e-05)
(-0.00075144115 0.0063833994 -6.9368966e-05)
(-0.00078505407 0.0074757412 -0.0017752659)
(-0.00021962728 0.0085961597 -4.5720123e-06)
(0.0029782945 0.0086930127 0.0020718521)
(0.0028423942 0.013183602 0.0024049928)
(-0.0038049119 0.012755957 -0.00077488998)
(0.001649636 -0.00096732347 -0.002056864)
(0.0037530975 -0.0056556335 -0.0026405196)
(0.0060874171 -0.0077502654 -0.0030794036)
(0.0063074592 -0.0091305731 -0.0030611271)
(0.0046084323 -0.0096411472 -0.0028204232)
(-0.0035080162 -0.0090254506 -0.0046503956)
(-0.0043125621 -0.0071173421 -0.0046472691)
(-0.0032711639 -0.0027071687 -0.0037235112)
(-0.00012814637 -0.0026335607 -0.0029084608)
(0.0031913693 -0.0077377239 -0.0030727521)
(0.0055365345 -0.010039959 -0.0024589904)
(0.0053584047 -0.0096449117 0.00026787444)
(0.0038685148 -0.0095812337 0.00026646919)
(-0.00099697517 -0.0099083882 0.0015044439)
(-0.0052537685 -0.0070627369 -0.00039816599)
(-0.0035244 -0.0027366042 -0.00054809021)
(-0.0033951474 -0.0030136998 -0.0011977486)
(-0.0022662098 0.00078483558 -0.0013612481)
(0.00051954564 0.0010218571 0.0022694457)
(0.0026939046 -0.0025387159 0.0023425235)
(0.0053268677 -0.0076899265 0.0020884357)
(0.0062299724 -0.0096633982 0.0008557551)
(0.0026659682 -0.01025112 0.00016593042)
(-0.00072883806 -0.011100338 0.0014124906)
(-0.002648645 -0.0085851957 0.0025205188)
(-0.0038411659 -0.0028116509 0.0014564921)
(-0.0015656032 -7.8915943e-05 0.0012835733)
(-0.0010136165 -0.0028548412 0.00061204587)
(0.00019285319 -0.0029748715 0.00023935082)
(0.00063309319 -0.010318237 0.0015149317)
(-0.00051455765 -0.017037463 0.00093166162)
(-0.0029740786 -0.015567379 0.0014054099)
(-0.0032260311 -0.015845181 0.0019006113)
(-0.0022440803 -0.012634147 0.00090504746)
(0.00093261575 -0.012668808 0.00031087209)
(0.0026399239 -0.012549362 0.0015018459)
(0.002861666 -0.016942905 0.0022746245)
(0.00030073233 -0.018522949 0.001822596)
(-0.0031207388 -0.016645833 0.00045416247)
(-0.0019406213 -0.012487564 -0.0013671262)
(0.0014350362 -0.012942617 0.00084559296)
(0.0039372815 -0.013654712 0.0022566409)
(0.00099504423 -0.016074394 0.0029757016)
(-0.00046044532 -0.019120744 -0.00039873853)
(-0.0018222991 -0.016143098 -0.0013043729)
(-0.0035529249 -0.014868689 -0.00033525397)
(-0.0046279287 -0.013432793 0.00021018695)
(-0.0028223535 -0.01225288 0.00062919028)
(0.00033386711 -0.011891583 0.0017831459)
(0.0024607704 -0.012457639 0.0030423222)
(0.001972079 -0.01567789 0.0022339334)
(8.4261872e-05 -0.017461143 -3.9040934e-05)
(-0.00031668629 -0.017074775 -0.0019891308)
(-0.0020460591 -0.013825316 -0.0024110977)
(-0.00014358881 -0.011030758 0.00032528427)
(0.0029737477 -0.01625263 -0.0017797119)
(-0.0038033232 0.01839998 0.0038855018)
(-0.0064335106 0.017461684 0.0049396291)
(-0.0067804528 0.014461319 0.0048091504)
(-0.0025971602 0.0040048754 0.0018322977)
(0.0014018716 0.0042744209 0.00081078872)
(0.0035420695 0.0053500536 0.0019331813)
(0.0069071621 0.016723763 0.0041064817)
(0.0024419219 0.019942912 0.0023733402)
(-0.0076422236 0.01568207 -0.001999373)
(-0.00105561 -0.0021933031 -0.0034148434)
(-0.0022783904 -0.002561111 -0.0015431941)
(0.0044215995 0.013736039 0.003521528)
(0.00074513406 0.016976311 0.0048664105)
(0.00024022927 0.02010379 -0.0050360257)
(-0.00041376928 0.017631999 -0.0033149488)
(-0.0060256835 0.016255543 -0.00044097455)
(-0.0071049542 0.010977464 2.8631028e-05)
(-0.003169119 -0.0012331716 -0.0004581108)
(-0.0014745628 0.0011593372 0.0014362355)
(0.0035305025 0.0091861833 0.002530014)
(0.004825406 0.016438202 0.0021473147)
(0.0032196275 0.018781689 -0.00028110739)
(-0.0029589167 0.017555282 -0.004631651)
(-0.0033756591 0.014076693 -0.0038373444)
(-0.00023489957 -0.0020015556 0.0032214726)
(0.0032189418 0.016831889 0.0013327006)
(0.00032729178 0.0052908228 0.00090917483)
(-0.00030198863 0.0015769703 0.00079240626)
(0.0040237599 -0.01418394 -0.0022051014)
(0.0013051957 -0.015432748 -1.885197e-05)
(0.00038480069 -0.01340288 -0.0011423515)
(0.00062555633 -0.014189393 -0.0007004915)
(-0.00058989484 -0.015620765 -0.002602403)
(0.0013923471 0.0069644483 0.00036640617)
(0.0027076389 -0.010893025 -0.0024673723)
(0.0032642261 -0.015787474 -0.0047823488)
(-0.0053903961 -0.015731696 -0.0039075871)
(-0.0054650018 -0.013922847 -0.0035004631)
(-0.0017218383 -0.0097897011 -0.0026511981)
(-0.0010169655 -0.012869498 0.00048779757)
(0.0017516283 -0.0056531521 0.003277115)
(0.00064537269 -0.0022387914 -0.00093404504)
(0.0048914805 -0.012931573 -0.0026318143)
(0.00019048245 -0.015389613 -0.0023566696)
(-0.0055280713 -0.013496799 -0.00068530213)
(-0.0038147738 -0.014147934 -0.0024846148)
(-0.0014998567 -0.0096124519 -0.0018498716)
(0.0028176714 0.0040442522 -0.00098592588)
(0.00043388854 0.00094890873 -0.00051666555)
(0.005833511 -0.01091069 0.0041398889)
(0.00066197216 -0.015570376 0.004832128)
(-0.004271841 -0.011107946 0.0011436726)
(0.0015985814 0.010105496 -8.8907615e-05)
(0.0038329698 0.0073134869 -0.0016935764)
(0.0055440321 0.010008083 -0.001393783)
(0.00030422927 0.0099191832 0.0013683359)
(0.0014714934 -0.0012355578 -0.0012179926)
(0.00062026932 -0.00041561799 -0.00057557247)
(-0.0029752788 0.011634573 -0.0014055833)
(-0.0011923165 0.009492736 2.4296656e-06)
(0.0036076855 0.011328754 -0.00020653096)
(0.0018222803 0.011397727 -0.0029816746)
(0.00056592005 0.011392903 -0.00078003765)
(-0.00078525158 0.0032618371 -0.0027040898)
(-0.00017840025 -0.00065422624 -0.0034072803)
(-0.0040096624 0.012236157 0.00099298411)
(-0.0025461589 0.0047885502 0.0020984648)
(0.00081717787 0.0050877693 -0.00024894468)
(0.0031562413 0.010460961 -0.0023789075)
(0.0007925125 0.010740591 0.0023078865)
(-0.0010075468 0.0034814214 0.0014205901)
(0.00050640381 -0.0021467072 -0.00038701522)
(-0.0021126761 0.00065806347 0.00073720163)
(0.0018524018 0.009274114 -0.00045984037)
(0.0032223837 0.0085213973 0.00082910807)
(0.0045536477 0.011022562 0.0026845416)
(0.00069896367 0.011301649 0.00020503222)
(-0.0016151853 0.01012272 -0.0021848646)
(0.0025879671 0.0035231181 -0.0016512388)
(0.0042973512 -0.00044222235 -0.002314912)
(0.0056378308 -0.0028147699 -0.0022513175)
(0.0058784782 -0.0053970159 -0.0026175937)
(0.0055177885 -0.00885752 -0.0026757359)
(-0.0047786794 -0.0086971256 -0.0032199758)
(-0.0042983643 -0.0039211891 -0.0025888227)
(-0.0021578939 0.00097879456 -0.0021721903)
(0.0011958796 -0.0057003832 -0.0031064877)
(0.0022732065 -0.004997504 -0.0039899679)
(0.0048713923 -0.0063475027 -0.0039629483)
(0.0053498147 -0.0090780045 -0.0046495935)
(0.003068431 -0.010073796 -0.0046973614)
(0.00042569653 -0.0035780182 0.0018139863)
(0.0025279551 -0.010532842 0.0015334222)
(-0.0019775494 -0.0096358406 -0.0010132299)
(0.00060024018 -0.0074408938 -0.0027631466)
(0.0035045612 -0.0071358355 -0.0037124805)
(0.0041209489 -0.0096813134 -0.0045786765)
(0.0024515136 -0.010061072 -0.0033765023)
(-0.0032390417 -0.0087386102 0.0022807893)
(-0.0031098418 -0.002782484 0.0029305863)
(-0.0013036749 -0.001681559 0.0031178849)
(0.00024732343 -0.0037264192 0.0026903086)
(0.0011386251 -0.0063936897 0.0032608006)
(0.0011634544 -0.011791512 0.0022194244)
(0.00010739865 -0.016913532 0.00067677218)
(-0.0016737966 -0.016159705 0.0005159889)
(-0.0016359656 -0.016229055 0.000446597)
(-0.0025068184 -0.015922417 0.0010489932)
(0.0003819587 -0.011421516 0.00058220498)
(0.0038406386 -0.014973712 0.0019129225)
(0.0038974461 -0.015251044 0.0025394127)
(0.0027085473 -0.016324015 0.0023762391)
(0.0015238377 -0.015417229 0.00059021462)
(0.00086140309 -0.012847404 0.0015941404)
(0.0017424455 -0.013890546 0.0025199534)
(0.0021351532 -0.01403566 0.00100444)
(0.0002020183 -0.014959676 0.0014024404)
(-0.0020095933 -0.014423869 -0.0018274487)
(0.00010858324 -0.010238704 -0.0011162119)
(0.0014026069 -0.016677599 -0.00045242534)
(-0.0013719852 -0.017192371 0.00098053725)
(-0.00149552 -0.014073207 0.0023206231)
(-0.00028365058 -0.011201538 0.0018977009)
(0.00054106134 -0.015065754 0.0015016352)
(-0.0024940474 -0.015913907 0.0014850113)
(-0.0033106565 -0.012870941 0.00080875715)
(-0.0032259736 -0.011637223 0.00032800484)
(-0.0017079377 -0.01265625 -0.00024193135)
(0.0020367139 -0.013703787 0.00079076779)
(0.0021078759 -0.017736218 0.00026281065)
(-0.0020698594 0.018187988 5.8722319e-05)
(-0.0044410013 0.018144497 -0.00063672965)
(-0.0057484688 0.01803355 -0.00012657041)
(-0.0049809693 0.015799341 0.0004538056)
(0.00056448063 0.0011471152 0.00033955753)
(0.0049152651 0.012634129 0.0024655124)
(0.0065856394 0.017332881 0.0041821977)
(0.0036199121 0.01830501 0.003440319)
(-0.0028319275 0.017276662 0.0016333328)
(-0.0011078214 0.013173404 0.0020513549)
(0.00015910913 0.013276915 0.005715191)
(0.002742735 0.016455543 0.0040593364)
(0.00064078503 0.017177817 0.0044248348)
(-0.0014078301 0.015779171 -0.0043859223)
(0.0021364839 0.0027701519 0.00091515503)
(0.004143675 0.016629064 0.00043310901)
(-0.0060841363 0.017816924 0.0010919847)
(-0.0053580651 0.01109178 0.0008302549)
(-0.0039038404 0.0059589164 0.00037480554)
(0.00074300226 0.017122611 0.0013239022)
(-0.0023646829 0.017512675 0.00041108289)
(-0.0011533695 0.010949606 -0.0011244641)
(-0.0012069516 0.0030580631 -0.0011576315)
(-0.0010213149 -0.0025932218 -0.00027531019)
(0.0013743983 0.0065906946 0.0010592779)
(0.005574254 0.017704667 0.0011118896)
(6.6123725e-05 0.0036920126 0.0011549467)
(0.00095704946 0.0038131249 -0.00062639557)
(-0.00042242659 -0.00014174379 0.00016095694)
(0.0027642345 -0.01582534 -0.0030770419)
(0.00087115656 -0.014885424 -0.00066873854)
(-0.0023497553 -0.01505572 0.00069073011)
(0.0017301801 -9.3765578e-05 0.0027400368)
(0.00070677658 0.0043200402 0.00081677177)
(0.0013486791 -0.002701486 -0.0023199037)
(0.0028737298 -0.013775488 -0.0058706125)
(-0.0020486129 -0.015359514 -0.0041372769)
(-0.00063526534 -0.0052246629 0.0023943556)
(-0.0010403588 -0.0020458356 0.0044423294)
(0.0046205568 -0.015118743 0.0020660271)
(0.00038999664 -0.014079522 0.0049512968)
(-0.0011582585 -0.00034393392 0.0011576386)
(-0.0017627752 0.0027273068 -0.0013539972)
(-0.00046449974 -0.015090871 -0.0063052767)
(-0.0060985155 -0.014918162 -0.0030386202)
(-0.0049205324 -0.011548804 -0.0015194576)
(-0.00043261687 -0.012002974 -2.4578231e-05)
(0.0037144669 -0.014020538 -3.6416861e-05)
(0.0033099801 -0.014387371 -0.00087052013)
(-0.00078971952 -0.01517561 0.00072910664)
(-0.0052936574 -0.013029109 0.0016964946)
(0.00081363879 -0.0018528149 0.00084033836)
(0.0012733368 0.009759447 0.0015224354)
(0.0024483918 0.009247039 0.00094671814)
(0.0047370812 0.0073162985 0.00057373272)
(0.0029741485 0.010144811 -0.0011305004)
(0.00077436312 -0.00046943186 -0.00088204784)
(-0.0019420033 0.0040717236 0.0013752895)
(-0.0020907122 0.0067415523 -0.0018757102)
(0.00024642833 0.009479409 0.00026551699)
(0.0033474587 0.0084176567 -0.004129708)
(0.0030385046 0.011125309 -0.0047737988)
(-0.0025606984 0.011310714 -0.0035029676)
(-0.0029559313 0.0080290541 0.0001030929)
(-0.0013200261 0.0055658241 0.0022797848)
(-0.00019797187 0.0038175971 -0.00034931885)
(-0.00208826 0.0089628741 0.0016569185)
(-0.0017783012 0.0084262933 0.002141541)
(0.00066850263 0.0084924544 -0.0028922037)
(0.00248634 0.011727672 -0.0030727843)
(-0.0032218046 0.0090179994 0.00072990994)
(-0.0027886798 0.0033311794 0.00013172807)
(-0.0030141768 0.00079179966 0.0020657025)
(-0.001414203 0.0032236431 0.0030099086)
(-0.0013266746 0.0076101914 0.0021909778)
(-0.0020127467 0.010218535 0.0020548471)
(-0.0037412734 0.0061237116 0.0019101379)
(-0.0021509115 0.0075569228 0.0010605926)
(0.0020529685 0.0030155237 0.0018899057)
(0.0039346289 0.0015862387 0.0013275026)
(0.0054463752 -0.00089359453 0.0010626258)
(0.0057019332 -0.0049671527 0.0010624656)
(0.0040316733 -0.0088273471 -0.00032567069)
(-0.0041994663 -0.0093591456 -0.0022500826)
(-0.0040197782 -0.0028310133 -0.0016721698)
(-0.0019060008 0.0012398602 -0.0011217079)
(0.0014801218 -0.0022092839 -0.0035573407)
(0.0019868821 -0.0047544267 -0.0029994066)
(0.0029366691 -0.0051248345 -0.0029759363)
(0.0037285208 -0.0070164104 -0.0040828728)
(0.0023981534 -0.0085263593 -0.0033801146)
(-0.0023782918 -0.009887323 0.002180525)
(-0.0031993712 -0.0088068525 -0.0017794175)
(-0.0019146931 -0.0018433739 -0.0011175783)
(-0.00034858195 -0.00025376047 -0.0026091947)
(0.0019827205 -0.0027694332 -0.0025105859)
(0.0023054962 -0.0070457533 -0.0045632528)
(0.0015092432 -0.0080022868 -0.0052924998)
(-0.0024868948 -0.010040151 0.00012175827)
(-0.0041783096 -0.0090689812 0.0036887961)
(-0.0039515059 -0.0084117259 0.0042569135)
(-0.0016275334 -0.007879441 0.0036160815)
(-3.3732309e-05 -0.011321344 0.0036461625)
(-0.0010045802 -0.0093019776 0.0027859716)
(-0.00057749711 -0.015944308 -0.001620686)
(-0.002498212 -0.015127295 -0.0022869296)
(-0.0020025372 -0.014260208 -0.0031102171)
(-0.00084084365 -0.012694663 -0.0027472583)
(0.00192076 -0.012635348 -0.0019736214)
(0.0038560438 -0.015903369 -0.002283868)
(0.003511874 -0.015003013 -0.0012307316)
(0.002130188 -0.016263781 -0.00064115537)
(0.0012057679 -0.017056334 -0.0022138786)
(-0.00070188152 -0.016502263 -0.0030142429)
(-0.00083150817 -0.01629303 -0.0025562693)
(-0.0017095306 -0.016580077 -0.0012422656)
(-0.0028783632 -0.015584184 0.00026662183)
(-0.0038589833 -0.013668159 0.001320144)
(-0.0036322091 -0.011793183 0.0013628872)
(-0.0025838568 -0.01232914 0.0013034025)
(-0.001141853 -0.012823123 0.0011554153)
(-0.0001285884 -0.012056064 -0.0013859433)
(0.0025333015 -0.012889498 -0.00073372575)
(0.0043003066 -0.014113376 -3.2284181e-05)
(0.0020075865 -0.016345304 0.00062007551)
(0.0011311443 -0.01836944 0.001626057)
(0.00038667451 -0.017189206 0.0025057326)
(-0.00019502521 -0.018908931 0.0012301414)
(-0.0012382497 -0.017784722 0.0021849633)
(-0.0020644361 -0.016348282 0.0023866909)
(-0.0028296644 -0.015503542 0.0028509833)
(-0.003767459 -0.015119843 0.0024490812)
(-0.00027683892 -0.011783327 0.00032314446)
(0.0022426742 -0.018323889 0.0022622382)
(-0.0036639827 0.017892605 -0.003591619)
(-0.005119373 0.016527509 -0.0047788624)
(-0.0034610391 0.011000944 -0.0043869586)
(-0.00077539778 0.0067125699 -0.0031722065)
(0.0024173884 0.0046671535 -0.0016317779)
(0.0064818835 0.014460477 -0.0025045027)
(0.0073140898 0.017224621 -0.0018443142)
(0.0049522049 0.018135828 -0.0011689327)
(0.00078064142 0.018830851 -0.0019605702)
(-0.0021478933 0.018646728 -0.0027404173)
(-0.0018357514 0.018224947 -0.00046908435)
(-0.0030746505 0.018346977 -0.00057142619)
(-0.0055582304 0.016948966 0.0016878713)
(-0.0055608506 0.010935521 0.0010485275)
(-0.0048661348 0.0042256774 0.00097056271)
(-0.0028822062 0.0038794033 0.0013936475)
(-0.002004364 0.0035362905 0.0016179943)
(0.0008833821 0.0024201655 0.00046595522)
(0.0018541503 0.00062671501 0.00043141196)
(0.0078931694 0.013983896 -0.00076170523)
(0.0052689017 0.017929225 -0.0011431058)
(-0.0023657737 0.019507684 0.0026211978)
(-0.0016797277 0.018691596 0.0032976341)
(-0.0005581164 0.020161067 0.0023615261)
(-0.0026336937 0.018868784 0.0043855259)
(-0.0024639203 0.01723714 0.0047532105)
(-0.0033017791 0.016067606 0.0054723853)
(-0.0022148669 0.012929884 0.0038864337)
(0.00071026329 -0.0028014237 -0.0016777364)
(0.0043805665 0.017716666 0.00020081553)
(-0.0008136825 0.0035071902 -0.00063547497)
(0.0031264782 -0.007578731 0.0020630539)
(0.0010990958 -0.01524444 0.0012189797)
(0.00059800838 -0.014080627 0.00024393425)
(-0.00025277106 -0.014973094 0.0019592279)
(-0.0038187676 -0.015674347 0.0024656683)
(0.001196717 -0.00019956344 0.00020192983)
(0.0012181021 0.0025817328 0.00042669513)
(0.0019831877 0.0036971179 -0.001017664)
(0.00068654058 -5.5105176e-05 -0.001710217)
(-0.0019625558 0.001174089 -0.00038194922)
(-0.0019517498 0.0027402829 6.0849437e-06)
(-0.001051581 0.00023673908 0.0020274731)
(0.0036293204 -0.014421701 -0.0036554257)
(-0.0028827105 -0.013915288 -0.0025315993)
(-0.000809008 -0.013323011 -0.00044638988)
(-0.0017886786 -0.013802607 0.00034869158)
(0.0020473672 -0.013320177 0.0024539307)
(-0.002320987 -0.015067789 0.0016779935)
(-0.0050429578 -0.012319399 0.0024432531)
(-8.2272686e-05 0.0033791186 -0.0012855218)
(-0.0035841992 -0.0016914158 -0.00081652452)
(-0.0040160024 -0.012480313 -0.0014204907)
(-0.0047082413 -0.0067271114 0.00068339147)
(-0.0036482092 -0.0080471487 0.00051444541)
(-0.0007238692 -0.009852945 -0.0021108592)
(0.0028925907 -0.0096965622 -0.0032050239)
(0.0069886528 -0.015530993 -0.0049257241)
(-1.082235e-05 -0.01574341 -0.0033051496)
(-0.0043240197 -0.0095158967 -0.0012364447)
(0.0019029971 0.0086824745 0.00059332477)
(0.0052782323 0.009145597 0.0022821272)
(0.0015456696 0.010992443 -0.00010318246)
(0.00075245587 -0.0021110274 0.00010583244)
(-0.00094225363 0.0028082586 0.0010019744)
(-0.0035363759 0.01011226 0.001193888)
(-0.0041595212 0.0073080577 0.0015343757)
(-0.00085877473 0.0091287472 0.00049636033)
(0.0010925107 0.0092542548 -0.0013311712)
(0.0002058035 0.0077268624 -0.00065269472)
(-0.00092215502 0.0077313204 -0.00077081398)
(-0.00011885425 0.0087605839 0.00063462574)
(0.0026860915 0.0076217513 0.0010682099)
(0.0032432816 0.010681531 -0.002441282)
(-0.0024782426 0.0044345286 -0.0025126787)
(-0.00018060817 -0.002252142 -0.00098378476)
(-0.0018288063 -0.0033368872 0.00064215244)
(-0.00083075304 0.0003884208 0.0011293141)
(-0.0006414337 0.011590179 0.00016516205)
(-0.0048355402 0.011373465 0.00078851379)
(-0.0022775179 0.0085881239 -0.0016533814)
(0.00044442813 0.0091050804 -0.0022362035)
(-0.0004434461 0.013280821 0.00077183976)
(-0.0047489728 0.010473559 0.00048078758)
(-0.0045987989 0.0098927802 -0.0015473532)
(-0.0025246774 0.0042064152 -0.0038681653)
(-0.0017086614 -0.0005387962 -0.0029776568)
(0.0014737364 0.015171217 -0.0018978363)
(-0.0027601322 0.011054851 0.0020900803)
(-0.0012092057 0.0081529747 1.7456196e-05)
(0.0020016731 -5.6241963e-05 0.0028647082)
(0.0039121405 -0.0031871316 0.0033724489)
(0.0055127746 -0.0063228683 0.0030983335)
(0.0043439855 -0.0096151965 0.0031647826)
(-0.0055220057 -0.0098068904 -0.00041165956)
(-0.0045481533 -0.0058094976 -0.00024704652)
(-0.0043819914 -0.0021302688 -0.00021686415)
(-0.0020784168 0.0011660691 0.00025348094)
(0.0013014649 0.0016585563 -0.0014791008)
(0.0017578769 -0.0021959962 -0.00063673181)
(0.0013174398 -0.0021029631 -0.0012559306)
(0.0015867084 0.00010244466 -0.0017655129)
(0.0020182666 -0.00095799553 -0.0011218936)
(0.0038550357 -0.0039013666 -0.0016898561)
(0.005194721 -0.0071679275 -0.0020868059)
(0.0035532664 -0.0089166899 -0.0031835208)
(-0.0020728432 -0.0096123519 -0.00044473796)
(-0.0058855537 -0.0093760265 0.0014697381)
(-0.0051396957 -0.0064494861 0.00078107376)
(-0.0029325211 -0.0043349328 0.00075622698)
(-0.00086352192 -0.0038741319 0.00055290108)
(-0.002993116 -0.0068011412 0.00028042456)
(-0.0023502295 -0.002256724 -0.0018733834)
(-0.0015087351 0.00034448595 -0.0025941429)
(0.00038989759 -0.0035949082 -0.0025309113)
(0.0022253478 -0.010913703 -0.0027420322)
(-0.0037859009 -0.011433392 -0.0017916608)
(-0.0029090754 -0.012064268 -0.001584842)
(-0.00026498259 -0.010919192 -0.0044169745)
(0.00047935942 -0.01153786 -0.0027583557)
(-0.0017509497 -0.015794344 -0.001479042)
(-0.0031729469 -0.013161509 -0.0016574022)
(-0.0015182267 -0.01243204 -0.00096163198)
(-0.0009115481 -0.012500732 -0.00024453161)
(0.0013292659 -0.014199569 -0.00060776555)
(0.0042587231 -0.012701503 -0.00073767374)
(0.0050427654 -0.013778762 -0.0011838482)
(0.0030119216 -0.015729592 -0.001418285)
(0.0013510595 -0.015962105 -0.0016597504)
(-0.00097843471 -0.015729534 -0.0029236469)
(-0.0012661122 -0.015580342 -0.0028005945)
(-0.0016090516 -0.015526972 -0.0021699262)
(-0.0023024244 -0.016722374 -0.00061089143)
(-0.0031335959 -0.016716302 0.0015142848)
(-0.0035410455 -0.016277598 0.0022615029)
(-0.0031612654 -0.015597097 0.0025032491)
(-0.0016521573 -0.012424051 0.002381814)
(-0.00012780525 -0.011867386 0.001162734)
(0.0022371463 -0.011357569 0.0011716375)
(0.0035543315 -0.013646802 0.00013967984)
(0.0014288647 -0.01549026 -0.000103652)
(0.0010911795 -0.016971453 -0.00051577665)
(0.0010752695 -0.017368015 -0.0010425956)
(0.0012626019 -0.017047665 -0.0013737271)
(0.00014183231 -0.016956247 5.181141e-05)
(5.4584652e-05 -0.016273018 -0.00085730918)
(-9.693014e-05 -0.015445511 -0.00076235263)
(0.000296074 -0.01614795 -0.0016074259)
(0.00019540928 -0.016024253 0.0030767554)
(5.4855117e-06 -0.015665266 0.0022629561)
(-0.0044146929 0.016982814 -0.0018828435)
(-0.0036374482 0.0094979122 -0.0016376355)
(-0.0013740596 0.0010438307 -0.00081753895)
(-0.00085968079 0.0025570204 0.00065705143)
(0.0025251508 0.0017530631 0.00032140942)
(0.0032371137 0.00081518329 -0.00049772478)
(0.0077070221 0.014220848 -0.00096336104)
(0.0049305508 0.017783234 -0.0015449048)
(-0.0028441499 0.018220019 -0.0037677351)
(-0.0037424993 0.016871574 -0.0053730287)
(-0.0013530575 0.01462028 -0.0046787957)
(0.00055652707 0.016528575 -0.0062850096)
(-0.0014007207 0.018086141 -0.002426837)
(-0.0050917328 0.018293916 0.0028684615)
(-0.0070255214 0.016880921 0.0046366755)
(-0.005485396 0.012845541 0.0040676434)
(-0.003265618 0.0036107049 0.0016945056)
(-0.00082030098 0.0006269763 0.00065842736)
(-6.1036559e-05 -0.0004348688 -0.0005846524)
(0.0043767385 0.014693947 -5.5799685e-05)
(0.0026055055 0.017408656 -0.00012681941)
(-0.0024208085 0.018534463 -0.0016700262)
(-0.0017908676 0.018534156 -0.0030770229)
(0.0022848627 0.017969685 -0.0040268083)
(0.0013331358 0.018714833 -0.0020933344)
(-0.00039325694 0.01813149 -0.0029260603)
(-0.00028263301 0.017462581 -0.001861557)
(-0.00085822716 0.017817573 -0.00093304198)
(0.00094606849 0.017271988 0.0049444665)
(0.0026265665 0.017408472 0.0033309217)
(-3.2735266e-05 -0.0032066732 -0.00049694255)
(0.0034811031 -0.014333085 0.0016568239)
(0.0018205135 -0.014191725 0.00016002038)
(0.0017574043 -0.014038801 0.0015497103)
(0.0022268855 -0.014793394 0.001186686)
(-0.0036772479 -0.015861589 -0.0012110555)
(-0.004786439 -0.012650495 8.3178639e-05)
(0.00091762234 0.0039490598 0.00011564553)
(-0.0017030021 0.0041465025 8.7322443e-05)
(0.0011388861 -0.016548573 0.005724212)
(-0.0029817634 -0.016465052 0.0050516257)
(-0.0035159333 -0.0083661568 0.0023960343)
(-0.001876216 0.0016481251 0.00084681779)
(-0.0026015874 0.0029036645 0.0029430563)
(-0.002707623 -0.0034450472 0.0026610788)
(0.0022812909 -0.014389948 -0.0021234338)
(-0.0017589296 -0.013840302 -0.002794646)
(-0.00071546763 -0.013936938 -0.002121059)
(-0.0038701933 -0.014933308 -0.0038639392)
(-0.0063548547 -0.013569845 -0.0015465671)
(-0.0019919801 -0.0010502196 0.00072773682)
(-0.0024649286 -0.00070739147 0.0019665451)
(-0.001010708 -0.0172382 0.002821416)
(-0.0029028057 -0.014205571 0.0023725987)
(0.0010387674 0.0015945771 -0.00077880455)
(0.0011347501 0.001858624 0.00021301259)
(0.00078254656 0.0016960792 0.00042129695)
(-0.00048432555 -0.0036504519 -0.0011669046)
(-0.0025796518 -0.014538448 -0.0022650598)
(0.00017062442 -0.00059236969 0.0013739849)
(0.0029681883 0.007912627 2.1732506e-05)
(0.0016644365 0.0089749839 0.00076454244)
(0.0026001981 -0.0015357054 0.00023882224)
(9.2199756e-05 -0.0045572217 0.0018694136)
(0.0015156903 0.0083827556 0.0022050834)
(-0.001711998 0.010709472 0.00034536288)
(-0.0041154142 0.0091208893 -0.0012281116)
(-0.0016231041 0.0081451783 0.00030426585)
(0.0017561654 0.0083728572 0.0020883728)
(0.0025277987 0.011925309 0.0038927874)
(-0.0023496319 0.013185783 0.0038430662)
(-0.0041568569 0.010004514 0.0029492383)
(-0.0025534398 0.0083136844 0.0020887891)
(-0.0010415604 0.0085640697 0.0018288165)
(0.0019244218 0.0076983374 0.001839107)
(0.0013004574 0.011232011 0.00013019403)
(-0.0015972647 -0.00033458566 -0.0019854656)
(-0.0020220964 -0.0023832771 -0.001924211)
(-0.0015163554 0.0083723019 -0.00056728867)
(-0.0042790465 0.011325365 -0.00093754558)
(-0.0019502178 0.0051437677 0.0020411558)
(0.0010967641 0.0043641804 0.003266004)
(0.0045787821 0.012862292 0.00054468723)
(-0.0058972257 0.012622959 -0.00077577705)
(-0.0042725878 0.0086953163 -0.00040028243)
(-0.00093367602 0.0086244701 0.0024633785)
(0.0018373956 0.0080792369 0.0030399515)
(0.0034569009 0.0079043548 0.0017621392)
(-0.00090107474 0.011824092 0.0013295742)
(-0.0033530006 0.0080708753 0.00029284419)
(0.0020280994 -0.0052390505 0.0023391457)
(0.0038309664 -0.0097938456 0.0026951613)
(0.0054678447 -0.010056198 0.0029094453)
(-0.0018182103 -0.010637382 0.002687182)
(-0.0064209503 -0.0094138007 0.0017923668)
(-0.0047501925 -0.0060651114 0.00072135761)
(-0.0038880809 -0.0053273425 0.00030238682)
(-0.0019898597 -0.00017137406 0.00069892181)
(0.0012107012 -0.00015185604 0.0022400019)
(0.0014553621 -0.0082822966 0.0030412307)
(0.00014023883 -0.0090331774 0.0042385912)
(-0.0011901358 -0.0029252414 0.0036562712)
(-0.00029072038 2.5826327e-05 0.0018387915)
(0.001454458 -0.00019166483 0.0019597812)
(0.0017654577 -0.0061119532 8.7730443e-05)
(0.0015638891 -0.0052988695 -0.0020055013)
(0.0035971622 -0.0083729991 -0.0037393492)
(-0.0037663819 -0.01092461 -0.0041404653)
(-0.0040049772 -0.0091452232 -0.0028637301)
(-0.0015272544 -0.0079528208 -0.0003759755)
(-0.00012421903 -0.010331301 0.0020008133)
(-0.0047027683 -0.010091318 0.0030204395)
(-0.0030294527 -0.0047081709 0.0036604494)
(-0.0020861854 0.00054695917 0.001868929)
(0.00078359541 -0.0020068401 0.001250996)
(-0.0011732994 -0.008064555 -0.00081337505)
(-0.0031072514 -0.0044640362 -0.0026677399)
(-0.00224828 -0.0014935422 -0.00051275688)
(-0.0011083542 0.00013032845 -0.00018750735)
(-2.3526202e-05 -0.0025460401 -0.0019307344)
(-0.0021562019 -0.015397748 0.0007650599)
(-0.0028532378 -0.012463985 0.00073913206)
(-0.0019906517 -0.012123877 0.0019604794)
(-0.00034495362 -0.011863973 0.0020800237)
(0.0024578889 -0.012453371 0.00080069803)
(0.0036963534 -0.016096048 0.0010810393)
(0.0020681269 -0.017180671 -0.00048329032)
(-0.00092023659 -0.017394089 -0.0014604334)
(-0.0028272785 -0.014142387 -0.0026033033)
(-0.0030139403 -0.012521659 -0.0024642188)
(-0.0010584334 -0.012131836 -0.0018839474)
(0.0008836821 -0.011903108 -0.002874612)
(0.0020306839 -0.013443445 -0.0028162828)
(0.0028034074 -0.015979623 -0.002405247)
(0.0023345123 -0.016691407 -0.0015771291)
(0.0018621604 -0.016639073 -0.00031217262)
(0.001092337 -0.015754493 0.0027181517)
(0.0011148055 -0.01638668 0.0029325208)
(0.0012427949 -0.016752459 0.0025186498)
(0.00016761199 -0.016847424 -0.0010952061)
(-0.0021536479 -0.014311587 -0.0024416515)
(-0.0021177727 -0.014195767 -0.0030274001)
(-0.0014026619 -0.010732224 -0.001431212)
(0.0017802308 -0.011081197 -0.0011830295)
(0.0013160517 -0.015716552 -0.001416174)
(-0.00014855492 -0.015512996 -0.0033386279)
(0.00046530603 -0.016032942 -0.0034121711)
(0.0011116722 -0.016100691 -0.003920972)
(0.0010826224 -0.015297344 -0.0031380721)
(0.00028630737 -0.015123524 -0.0026970115)
(-0.0050793762 0.01630481 -0.00024993541)
(-0.0031642555 0.0065917221 -0.0013518256)
(-0.0028078728 0.0028557917 0.0012128946)
(0.00024533049 0.0016602931 0.0021684044)
(0.0032019128 0.0033221275 0.00017824086)
(0.0074605958 0.015614256 0.0015292006)
(0.0064001658 0.019035835 0.00060239595)
(-0.0041546961 0.018939923 -0.0031162165)
(-0.0065895842 0.014781038 -0.0038544082)
(-0.0038795071 0.0050687155 -0.001124967)
(-0.0015666385 0.0017453574 -0.00038908352)
(0.00068601635 0.0045169212 -0.0024267019)
(0.0015265835 0.009631215 -0.0038353094)
(0.0047120305 0.016778993 -0.0056322219)
(0.004750132 0.018249444 -0.0054881889)
(0.0026915592 0.01836297 -0.0031168741)
(-0.0025239163 0.016968232 0.0048161726)
(-0.001597743 0.015171037 0.0060142657)
(0.0018330643 0.017600081 0.0057561025)
(-0.001832961 0.018779553 0.00046057294)
(-0.0059833345 0.016160462 -0.001977335)
(-0.0057283085 0.012227242 -0.0023135049)
(-0.0030219331 0.0023763371 0.00010509535)
(-0.00025892043 0.0040054133 -0.00067200911)
(0.00086614311 0.017458155 -0.0045064349)
(-0.00030973219 0.016051257 -0.0063454009)
(0.0016547858 0.013914818 -0.0057650902)
(0.0031165885 0.014414038 -0.0053943251)
(0.0039044207 0.017017242 -0.0044083496)
(0.0030211294 0.017067909 -0.0038542809)
(0.0002229099 -0.0028779639 -0.0024971616)
(0.0017591804 -0.014881976 -0.0043668006)
(-0.0017301928 -0.014024751 -0.0015816252)
(0.00026584013 -0.014018127 6.459181e-05)
(0.00044094536 -0.014787904 -0.0035784104)
(-0.0042033536 -0.0150366 -0.0064576683)
(0.0037166363 0.0058292689 -0.00073694382)
(-0.0011577595 0.0064216102 -0.0018322449)
(0.0027604587 -0.0091645639 0.0016985785)
(0.0017475843 -0.015752779 0.0030138663)
(-0.00095077835 -0.014573166 0.0034746806)
(-0.0009592099 -0.013661527 0.0021458213)
(-0.0032586753 -0.014636107 0.0020473635)
(-0.0033267883 -0.011079728 -3.5850056e-05)
(0.0014413506 -0.0008823611 -0.0045189227)
(0.0016395907 0.0041723839 -0.0027562356)
(-0.0011979977 -0.00070389937 0.0029979996)
(0.0015004611 -0.017282112 0.0003209555)
(-0.0018683991 -0.014325959 -0.0047782265)
(-0.00064477972 3.551171e-05 0.00011852367)
(-0.00034542923 -0.0040624094 0.0015284302)
(0.00043228843 -0.014184135 0.0063981899)
(-0.0010694866 -0.014119441 0.0035409786)
(-0.0027097958 -0.013449265 0.00083539241)
(0.00051143916 -0.010218023 -0.0021321099)
(0.0041562422 -0.01520009 0.0019840064)
(0.0029330394 -0.016444437 0.0035865444)
(0.00044904274 -0.016491675 0.0045450322)
(-0.00064520429 -0.0043841537 -0.00044045151)
(0.0004742463 0.0037664812 -0.0017951101)
(0.0034477413 0.0077703392 -0.0017103602)
(0.0015442262 0.010133111 0.00090775048)
(0.0017183595 -0.00066869148 -0.00023172818)
(-0.0020984486 -0.0050860739 0.002282397)
(0.00324729 0.006303479 -0.00094373924)
(-0.0047633349 0.011210646 -0.0015091766)
(-0.0011636678 0.0087407526 -0.0025828965)
(0.0012977782 0.0094341411 0.0004515018)
(0.0040221107 0.0087663581 0.001803191)
(0.00082966108 0.010057137 0.00015304149)
(0.00049423953 0.0031599867 0.002187501)
(0.00067360028 0.0033761869 0.00022792641)
(-0.0012439954 0.011039242 0.00028456138)
(-0.0039859518 0.010676416 0.00010128007)
(-0.0015937834 0.0072716959 -0.0010905808)
(0.0012120203 0.0084651697 -0.0023542671)
(0.0024816574 0.0073726665 0.00271751)
(0.0050632413 0.010199463 0.0013156089)
(-0.00082507795 0.013016572 -0.001918477)
(-0.0023431894 0.0080197681 -0.0016803954)
(0.0017230724 0.0075868201 0.0034447785)
(0.0016051775 0.0098078329 0.0031423831)
(0.0023981678 0.0010109478 0.00026416923)
(0.0013005865 0.00038904927 0.00039795107)
(0.001853694 0.0044030927 -0.00042794747)
(0.0034759822 0.011585769 0.00067832664)
(0.00017585163 0.013233346 0.0023491943)
(-0.0039635798 0.011604657 0.001009101)
(-0.0042028242 0.0082260628 -0.00078885089)
(-0.001149828 0.0090290011 -0.00086873439)
(0.00065558451 -0.0073032333 -0.0031566506)
(0.0026979277 -0.009670349 -0.0041123532)
(0.004432279 -0.0094679836 -0.0040598378)
(-0.0045300625 -0.010485609 0.0010748097)
(-0.0067234253 -0.0076847866 0.0014369286)
(-0.0054565553 -0.0032052624 0.00036461706)
(-0.0030302934 0.00085668606 -0.00018250997)
(0.00048522636 0.0020247997 0.0010669588)
(0.0031471271 -0.0037277949 0.0023926975)
(0.0041056648 -0.0082130207 0.0040365548)
(0.0030326753 -0.010480305 0.0055055237)
(-0.0016151296 -0.0081209388 0.0054781927)
(-0.0017447651 -0.0057971939 0.003654465)
(-0.00010154655 -0.0082406776 0.0036673377)
(-0.0022282413 -0.0071005048 0.00015082135)
(-0.00070413236 -8.7702062e-05 -0.0019706233)
(0.00081042736 -0.0078266829 -0.0037631623)
(-0.0035946451 -0.010226172 -0.0041043773)
(-0.0011481445 -0.00086307372 -0.0035728011)
(0.0023458934 -0.0016895828 -0.0023975977)
(0.0036373698 -0.0059750895 -0.0022411777)
(0.0052250699 -0.010467748 -0.0022352446)
(0.0041961489 -0.011091729 0.00065460729)
(0.00048075508 -0.0090767722 0.0042433708)
(-0.0027305991 -0.0097616668 0.0031511886)
(-0.0041059354 -0.0073497018 0.0029914431)
(-0.0025760631 -0.0014482429 0.0031723411)
(-0.0020459622 -0.0051432334 0.0028866134)
(-0.0018487298 -0.0049133163 0.0031408653)
(-0.0017251808 0.00071907555 0.0010362208)
(-0.00052900975 -0.016477972 0.0015928458)
(-0.0019379631 -0.018575077 0.0021025236)
(-0.0014727349 -0.018454197 0.0020957094)
(-0.0019413222 -0.016171804 0.0016584056)
(-0.0002510398 -0.010948335 -0.00031392127)
(0.0021470259 -0.018191012 -0.00087214799)
(-0.001215493 -0.01713163 -0.00094893645)
(-0.0034527506 -0.015501134 -0.00082291074)
(-0.0037321913 -0.012815914 -0.0016111129)
(-0.0029277767 -0.013291755 -0.0011158071)
(-0.0015789371 -0.013438364 -0.00061239786)
(0.00037146529 -0.012937104 -0.0010710582)
(0.0023328454 -0.012625243 -0.0018361934)
(0.0031760709 -0.012464911 -0.0021449086)
(0.0027492799 -0.013963132 -0.0019504441)
(0.0027440099 -0.013104868 -0.0015861224)
(0.0035443645 -0.01548652 -0.00055832012)
(0.0020047823 -0.015885909 9.7886456e-07)
(0.0012598252 -0.017638667 -0.0005534097)
(-0.00061705246 -0.015023617 -0.0015638619)
(-0.0037364344 -0.012964759 -0.001707522)
(-0.0016182979 -0.012726249 -0.0011038112)
(0.0014329852 -0.01149188 -0.00047544675)
(0.0029936562 -0.016406862 -0.00055760243)
(-0.0024938517 -0.0163525 -0.0021990606)
(-0.00090064263 -0.011047583 -0.0022366036)
(0.00021568709 -0.011758256 -0.0019931158)
(0.0023456043 -0.012344232 -0.0013555059)
(0.0038205101 -0.012081756 -0.0013041524)
(0.0023378836 -0.014554322 -0.0017662157)
(-0.0038090586 0.018295627 0.0028859195)
(-0.0043916945 0.019849305 0.0040205334)
(-0.0032398956 0.019024182 0.0043641253)
(-0.0021001546 0.01651473 0.0039435114)
(0.0010639146 0.002725023 -0.00037206092)
(0.0055182925 0.017979468 -0.0013089413)
(-0.0028306044 0.019256259 -0.0021354412)
(-0.0077102448 0.015594256 -0.0026183044)
(-0.004537039 0.0052898744 -0.0018653888)
(-0.004729443 0.0055951679 -0.0017296758)
(-0.0017162233 0.0045091075 -0.00047744943)
(0.00044099595 0.0014891912 -0.00078540817)
(0.0023549327 0.002331435 -0.0021225841)
(0.0025841739 0.0052653653 -0.0022296171)
(0.0027424776 0.010970284 -0.0029171399)
(0.00079238143 0.0072033456 -0.00083451666)
(0.0052695519 0.01656848 -0.0012304541)
(0.0040135959 0.018064385 0.00096725489)
(0.001280378 0.019079831 0.0020492594)
(-0.0056545209 0.016345828 3.4927289e-05)
(-0.0069915253 0.0099319956 0.00041688815)
(-0.001920654 -0.0016880281 0.0005255977)
(-0.0012968148 0.0019636657 -0.00014164768)
(0.0051810716 0.017174187 0.00037925661)
(-0.0029716911 0.016860469 -0.0022821275)
(0.00011809039 -0.0012233616 -0.00083047017)
(0.00064761902 0.00059199169 -0.0010199635)
(0.0025920718 -0.001223327 0.00049922247)
(0.0042000689 0.0076015778 0.00024729107)
(0.0046996281 0.015650809 -0.00098569606)
(-0.0014091909 0.0035234926 0.00035823567)
(0.00031375627 -0.011738149 -0.0033339897)
(-0.0034474913 -0.012495291 -0.00061074567)
(0.0030508268 -0.011508354 -0.001426883)
(0.00086459421 -0.014116471 -0.0012846379)
(0.00020538388 -0.0088708192 -0.0039116102)
(7.0723503e-05 0.0061798466 -0.0014474522)
(0.0020757036 -0.015301189 0.0020251726)
(0.00075060233 -0.015800564 0.0014587835)
(-0.0031974271 -0.013363536 -0.00017067385)
(-0.00026414101 -0.013610814 0.0011432466)
(0.00035659576 -0.013617637 0.0011155863)
(0.0005924201 -0.01358369 -0.00025400596)
(-0.00053397232 -0.01357184 0.00084512762)
(0.002283332 -0.01429273 0.0019398488)
(-0.0024648698 -0.015226498 0.0039139309)
(-0.0031087009 -0.012823612 0.0015605691)
(0.0020361284 0.0023076468 0.00065876273)
(0.0013836501 0.0065781629 0.0011870429)
(-0.00019229776 0.0016717234 0.0010455072)
(0.004056039 -0.012915181 0.0032748773)
(0.0016474921 -0.015185354 0.0036772078)
(-0.0054321353 -0.013647094 0.0012438087)
(-0.0042335327 -0.0089437378 -0.0011529658)
(0.0023948513 -0.011807513 -0.0014247592)
(0.0032045308 -0.013966551 0.0005488417)
(0.0022185702 -0.01337012 0.0016358552)
(0.00021040851 -0.014339964 0.0031017814)
(-0.0036466823 -0.012438039 0.0028132155)
(0.0012245837 -0.0027115077 0.0016554924)
(0.0018023935 0.0094172103 1.0744824e-05)
(0.0039011265 0.012218609 0.00062224887)
(-0.0028121593 0.010808043 0.003164805)
(-0.0017028451 0.005061421 0.00128875)
(-0.00060282569 -0.0029304177 -0.00029101575)
(-0.0037195913 0.0054837421 -0.0012623978)
(0.0013491403 0.0087419504 -0.0014915088)
(0.0039211218 0.01163576 0.0022298193)
(-0.00057208987 0.010158794 0.00046139048)
(-0.0012563717 0.0027554592 0.0013929065)
(0.00012564771 -0.0017162436 0.0023627233)
(0.00064268138 -0.0029684826 0.0022973399)
(0.00087553226 -0.0014524689 0.0015280645)
(0.00022101202 -0.0014232294 0.0018883157)
(0.0015186976 0.0062461186 0.0033250981)
(-0.0002226998 0.011462234 0.0042690131)
(-0.0039675458 0.01139861 0.0018698167)
(-0.0021466261 0.0076357545 -0.0016598442)
(0.0011880449 0.0098995577 -0.00113753)
(0.0028552181 0.0077051337 0.00017793107)
(0.0042468007 0.0093028912 0.0016968703)
(0.0024198162 0.011139765 0.00094774287)
(-0.00094044046 0.009994285 0.00071563911)
(-0.00048979671 0.0027284781 -0.00083005742)
(0.0010304747 -0.00062512034 -0.0013240486)
(-0.0005656428 -0.0035856945 0.00012950978)
(7.8197401e-05 0.0021646512 -0.00012399764)
(-0.00073907667 0.0065116301 -0.0013216073)
(-0.0023055741 0.0049593107 0.0012076215)
(-0.00089027334 0.0071870971 0.0012863022)
(-0.0003325609 -0.001121138 -0.0018371527)
(0.0028140219 -0.00078354551 -0.0017523138)
(0.0028999419 -0.0016063816 -0.00053846852)
(0.00569708 -0.0075607605 -0.0012609967)
(0.00024133324 -0.010289044 0.00084860742)
(-0.0046340367 -0.0098885993 0.0025308885)
(-0.0028553762 -0.0046567057 0.0021312976)
(5.4948487e-05 -0.0062236192 0.0028878776)
(0.0033754068 -0.0069356612 0.0024175725)
(0.0047345157 -0.0092368435 0.0037187734)
(0.0033788404 -0.0098454763 0.0042993505)
(0.00030036598 -0.0092494394 0.0048180496)
(-0.001305406 -0.0087201029 0.0045309696)
(-0.0036721695 -0.0095971302 0.0037665074)
(-0.0060688312 -0.0086642027 0.0020481455)
(-0.004221961 -0.0048252986 0.0016426452)
(-0.0021478621 -0.0032676038 -0.00028674626)
(-0.0021513333 -0.0015890217 -0.0013383837)
(-0.0003932757 0.0025180423 -0.0011274229)
(0.0030991742 -0.00022116212 -0.00043926927)
(0.0036236933 -0.0047856044 -0.00034299019)
(0.0042466202 -0.0046353169 -0.00049679326)
(0.005722948 -0.0070465639 -0.0012256097)
(0.0053029736 -0.0090208634 1.4631099e-06)
(0.0031420774 -0.010006334 0.00069758913)
(-0.0027960655 -0.0091085694 0.0039086443)
(-0.0035242506 -0.008477214 0.0048501486)
(-0.0029922539 -0.0099976105 0.0042465094)
(-0.0023786558 -0.0087255541 0.0035565185)
(-0.0019597263 -0.0041578087 0.0025623748)
)
;

boundaryField
{
    minX
    {
        type            fixedValue;
        value           uniform (0 0 0);
    }
    maxX
    {
        type            fixedValue;
        value           uniform (0 0 0);
    }
    minY
    {
        type            fixedValue;
        value           uniform (0 0.001 0);
    }
    minZ
    {
        type            fixedValue;
        value           uniform (0 0 0);
    }
    maxZ
    {
        type            fixedValue;
        value           uniform (0 0 0);
    }
    bottomWater_to_rightSolid
    {
        type            fixedValue;
        value           uniform (0 0 0);
    }
    bottomWater_to_leftSolid
    {
        type            fixedValue;
        value           uniform (0 0 0);
    }
    bottomWater_to_heater
    {
        type            fixedValue;
        value           uniform (0 0 0);
    }
}


// ************************************************************************* //
