/*--------------------------------*- C++ -*----------------------------------*\
| =========                 |                                                 |
| \\      /  F ield         | OpenFOAM: The Open Source CFD Toolbox           |
|  \\    /   O peration     | Version:  v2012                                 |
|   \\  /    A nd           | Website:  www.openfoam.com                      |
|    \\/     M anipulation  |                                                 |
\*---------------------------------------------------------------------------*/
FoamFile
{
    version     2.0;
    format      ascii;
    class       surfaceScalarField;
    location    "540/topAir";
    object      phi;
}
// * * * * * * * * * * * * * * * * * * * * * * * * * * * * * * * * * * * * * //

dimensions      [1 0 -1 0 0 0 0];
oriented        oriented;


internalField   nonuniform List<scalar> 
3140
(
9.502528e-06
-3.0532125e-07
7.1780095e-08
9.6886068e-06
-2.6754906e-07
8.1477215e-08
9.8661952e-06
-2.4798242e-07
7.0395854e-08
1.0009478e-05
-1.9577603e-07
5.248908e-08
1.01124e-05
-1.3214944e-07
2.9216323e-08
1.0184658e-05
-7.3539341e-08
1.260135e-09
1.0260525e-05
-2.6092485e-08
-4.9819581e-08
1.0362654e-05
1.5474191e-08
-1.1768861e-07
1.0499329e-05
7.9624939e-08
-2.1642372e-07
1.069379e-05
1.6339416e-07
-3.580173e-07
1.0942025e-05
3.0913597e-07
-5.5756939e-07
1.1216986e-05
5.5277096e-07
-8.2795841e-07
1.1466613e-05
9.2292687e-07
-1.1727872e-06
1.1699978e-05
1.3589909e-06
-1.5925099e-06
1.1883727e-05
1.8515306e-06
-2.0353456e-06
1.1997017e-05
2.3370466e-06
-2.4503025e-06
1.2023702e-05
2.7713131e-06
-2.797872e-06
1.1962959e-05
3.1244659e-06
-3.063512e-06
1.1838378e-05
3.3758964e-06
-3.2510067e-06
1.1692196e-05
3.5176288e-06
-3.3710062e-06
1.1565479e-05
3.5615881e-06
-3.4342561e-06
1.1483982e-05
3.5319569e-06
-3.4496429e-06
1.1455168e-05
3.453196e-06
-3.4233559e-06
1.1470456e-05
3.3450174e-06
-3.3590541e-06
1.1506455e-05
3.2229359e-06
-3.2573642e-06
1.15164e-05
3.1048289e-06
-3.1126543e-06
1.1409954e-05
3.0193767e-06
-2.9099115e-06
1.1014742e-05
3.0222018e-06
-2.6227135e-06
9.985468e-06
3.2432611e-06
-2.2083189e-06
4.0079869e-06
-1.608666e-06
9.1131689e-06
-2.2840889e-07
7.8886591e-08
9.0850771e-06
-3.4181502e-07
1.023559e-07
9.0894766e-06
-3.6039188e-07
1.0800703e-07
9.1399426e-06
-3.5524456e-07
1.0899734e-07
9.2350472e-06
-3.3207744e-07
1.048141e-07
9.3690603e-06
-3.0091488e-07
9.3346075e-08
9.5452599e-06
-2.746916e-07
7.2374227e-08
9.7796917e-06
-2.580599e-07
3.9135235e-08
1.0097996e-05
-2.2826577e-07
-1.0385143e-08
1.0531262e-05
-1.6894568e-07
-1.0090771e-07
1.1103793e-05
-3.0214606e-08
-2.331601e-07
1.1805778e-05
2.737431e-07
-4.2301159e-07
1.2548484e-05
8.625809e-07
-6.8253455e-07
1.3209321e-05
1.6859683e-06
-9.8813367e-07
1.3710733e-05
2.6327527e-06
-1.2831204e-06
1.3986009e-05
3.5693941e-06
-1.5082844e-06
1.4020693e-05
4.3814742e-06
-1.6456461e-06
1.3858281e-05
5.0195511e-06
-1.733481e-06
1.3580965e-05
5.4687983e-06
-1.8161922e-06
1.3281098e-05
5.7315821e-06
-1.9142884e-06
1.3020372e-05
5.831155e-06
-2.0084832e-06
1.2823241e-05
5.8040729e-06
-2.0739667e-06
1.2689619e-05
5.6845814e-06
-2.0959857e-06
1.260464e-05
5.4985585e-06
-2.0658053e-06
1.254362e-05
5.2615776e-06
-1.9734e-06
1.2460688e-05
4.9931905e-06
-1.7988759e-06
1.2268875e-05
4.7343269e-06
-1.5130618e-06
1.1817393e-05
4.5746417e-06
-1.0862267e-06
1.0880837e-05
4.6959005e-06
-4.966742e-07
5.2986675e-06
3.8354416e-07
9.1696559e-06
-2.1004017e-07
8.0934467e-08
9.0007603e-06
-2.7941673e-07
1.0649533e-07
8.8178256e-06
-2.9272356e-07
1.152642e-07
8.6332147e-06
-2.9211755e-07
1.2148154e-07
8.4593299e-06
-2.8441896e-07
1.2622323e-07
8.3014589e-06
-2.7206863e-07
1.2902062e-07
8.1566575e-06
-2.6052365e-07
1.3062734e-07
8.0210854e-06
-2.5569389e-07
1.331986e-07
7.9124478e-06
-2.597064e-07
1.4006806e-07
7.8726232e-06
-2.7978688e-07
1.5065206e-07
8.0148301e-06
-3.2981435e-07
1.5738104e-07
8.4996453e-06
-3.4938182e-07
1.3844988e-07
9.3911197e-06
-1.0410443e-07
7.5484617e-08
1.058906e-05
4.9996012e-07
-1.1856468e-08
1.1682488e-05
1.579195e-06
-4.0107675e-08
1.2486091e-05
2.708032e-06
5.7247068e-08
1.290872e-05
3.5896928e-06
3.683636e-07
1.3015893e-05
4.2308622e-06
6.8058818e-07
1.2927779e-05
4.6614608e-06
8.9459713e-07
1.2775854e-05
4.9074662e-06
9.7547825e-07
1.2637503e-05
4.9887295e-06
9.806574e-07
1.2530312e-05
4.9304373e-06
9.8120134e-07
1.2444853e-05
4.7694245e-06
1.0014459e-06
1.2356141e-05
4.5395404e-06
1.0489437e-06
1.2245949e-05
4.2687039e-06
1.1046271e-06
1.2089898e-05
3.9785236e-06
1.1727204e-06
1.1849738e-05
3.7056556e-06
1.2715858e-06
1.148063e-05
3.5268296e-06
1.4210464e-06
1.0886892e-05
3.6144354e-06
1.6817685e-06
4.2965807e-06
2.0505609e-06
8.9798624e-06
7.9048225e-08
8.5970551e-06
1.0338856e-07
8.1933042e-06
1.1102533e-07
7.7856272e-06
1.1555737e-07
7.3828064e-06
1.1839977e-07
6.9912314e-06
1.1950406e-07
6.6106822e-06
1.2002314e-07
6.2328148e-06
1.2217034e-07
5.8435147e-06
1.2958966e-07
5.4166014e-06
1.4712065e-07
4.9010736e-06
1.8570471e-07
4.2875183e-06
2.641576e-07
3.7813148e-06
4.0201296e-07
3.6846502e-06
5.9620328e-07
4.3452642e-06
9.1721261e-07
5.4871164e-06
1.5642729e-06
6.4818486e-06
2.5929982e-06
7.2609691e-06
3.4498505e-06
7.8933913e-06
4.0273366e-06
8.4485033e-06
4.3509999e-06
8.9506716e-06
4.4856668e-06
9.3941478e-06
4.4865516e-06
9.7521615e-06
4.4114339e-06
1.0001743e-05
4.2903257e-06
1.0131214e-05
4.1398719e-06
1.0152801e-05
3.9578257e-06
1.0092222e-05
3.7674672e-06
1.0042036e-05
3.5789093e-06
1.0259286e-05
3.4005184e-06
2.946825e-06
9.6145189e-06
-3.0501313e-07
3.1261219e-08
9.9161447e-06
-2.686806e-07
4.8540891e-08
1.0197453e-05
-2.6173e-07
5.0823569e-08
1.043171e-05
-2.270923e-07
4.5325626e-08
1.0612366e-05
-1.8557613e-07
3.4133146e-08
1.0751923e-05
-1.5407388e-07
1.576336e-08
1.085342e-05
-1.4052068e-07
-1.0828507e-08
1.0926674e-05
-1.4800046e-07
-4.2988687e-08
1.0981169e-05
-1.8248045e-07
-8.8498727e-08
1.1025461e-05
-2.5067818e-07
-1.5170607e-07
1.1069102e-05
-3.6327345e-07
-2.3800236e-07
1.1124261e-05
-5.3145697e-07
-3.5166783e-07
1.1210707e-05
-7.672109e-07
-4.9188748e-07
1.1409975e-05
-1.136087e-06
-6.5523136e-07
1.1717594e-05
-1.5305652e-06
-8.1159863e-07
1.2082715e-05
-1.8647209e-06
-9.4967074e-07
1.2410354e-05
-2.0379752e-06
-1.0864474e-06
1.2623461e-05
-2.0352731e-06
-1.240284e-06
1.2703099e-05
-1.920424e-06
-1.4091189e-06
1.2687868e-05
-1.7793304e-06
-1.5751412e-06
1.2632588e-05
-1.6598326e-06
-1.717478e-06
1.2579574e-05
-1.5687302e-06
-1.8257661e-06
1.2549054e-05
-1.4969694e-06
-1.8931963e-06
1.2545019e-05
-1.4355655e-06
-1.9160502e-06
1.2567229e-05
-1.3806059e-06
-1.8942947e-06
1.2607828e-05
-1.320415e-06
-1.8257958e-06
1.2640085e-05
-1.2341252e-06
-1.6971218e-06
1.2602891e-05
-1.0736457e-06
-1.4956827e-06
1.2376908e-05
-7.13418e-07
-1.2475514e-06
2.9401558e-07
-1.0021432e-06
9.2380598e-06
-2.2995331e-07
3.4734746e-08
9.357116e-06
-3.4589759e-07
6.0514909e-08
9.5021401e-06
-3.6974265e-07
7.0992953e-08
9.6865072e-06
-3.7523483e-07
7.2768089e-08
9.9062807e-06
-3.6903198e-07
6.8487866e-08
1.0149432e-05
-3.6090895e-07
5.7014749e-08
1.0407665e-05
-3.6250803e-07
3.6102074e-08
1.0678686e-05
-3.8389194e-07
3.9662176e-09
1.0968841e-05
-4.3569725e-07
-4.737171e-08
1.1274548e-05
-5.3716136e-07
-1.2018753e-07
1.160949e-05
-7.0961642e-07
-2.2181266e-07
1.1992471e-05
-9.8141765e-07
-3.5605802e-07
1.2450715e-05
-1.390841e-06
-5.1710346e-07
1.2968575e-05
-1.964852e-06
-6.7706801e-07
1.352609e-05
-2.5658209e-06
-8.0517047e-07
1.4021576e-05
-2.9405156e-06
-9.2788458e-07
1.4347304e-05
-2.9059481e-06
-1.1035449e-06
1.4455937e-05
-2.5421943e-06
-1.335558e-06
1.4374746e-05
-2.065598e-06
-1.5903263e-06
1.4192288e-05
-1.6792611e-06
-1.8324839e-06
1.3983565e-05
-1.4238242e-06
-2.0364514e-06
1.377159e-05
-1.2487398e-06
-2.1828718e-06
1.3560565e-05
-1.1306969e-06
-2.2525151e-06
1.3353886e-05
-1.0607537e-06
-2.2358251e-06
1.3181834e-05
-1.0557898e-06
-2.1290224e-06
1.3092436e-05
-1.1103826e-06
-1.9240057e-06
1.3159191e-05
-1.2236034e-06
-1.5977462e-06
1.3587485e-05
-1.423941e-06
-1.176166e-06
1.5088782e-05
-1.7885783e-06
-9.3883401e-07
-2.0538798e-06
-1.0684531e-06
9.2969715e-06
-2.1243473e-07
3.5403425e-08
9.2783653e-06
-2.8315851e-07
6.2360451e-08
9.2472726e-06
-2.9834621e-07
7.4958294e-08
9.215831e-06
-3.0198933e-07
7.9675291e-08
9.1946648e-06
-3.010734e-07
7.9427888e-08
9.1870664e-06
-2.9795175e-07
7.3657793e-08
9.1926328e-06
-2.9853221e-07
6.1079249e-08
9.2110528e-06
-3.0983532e-07
4.0713382e-08
9.2422217e-06
-3.4012656e-07
1.3315973e-08
9.2939405e-06
-4.0501395e-07
-3.323128e-08
9.379218e-06
-5.3201998e-07
-1.0551544e-07
9.5123749e-06
-7.6634025e-07
-2.098115e-07
9.7160316e-06
-1.1725965e-06
-3.4644971e-07
1.0007945e-05
-1.7928132e-06
-4.7583924e-07
1.0338109e-05
-2.4138565e-06
-5.2257323e-07
1.0617098e-05
-2.6848174e-06
-4.7850853e-07
1.0863306e-05
-2.4014903e-06
-3.8397001e-07
1.0981038e-05
-1.7157193e-06
-2.6550123e-07
1.097941e-05
-9.3939964e-07
-2.3151421e-07
1.0876096e-05
-2.6109262e-07
-3.4018735e-07
1.0776621e-05
9.3503972e-08
-4.3688075e-07
1.0714842e-05
2.3182235e-07
-4.3634553e-07
1.0683612e-05
2.3470391e-07
-3.3087733e-07
1.065333e-05
1.5020088e-07
-1.2952685e-07
1.0592718e-05
1.6288907e-09
1.0832689e-07
1.0462781e-05
-1.9695827e-07
3.8802569e-07
1.030237e-05
-5.0253721e-07
7.0921492e-07
1.020621e-05
-8.1389062e-07
9.0521317e-07
1.0675183e-05
-1.1044464e-06
5.2686257e-07
-1.3526284e-06
-4.4467403e-07
9.1011769e-06
3.4387294e-08
8.8612601e-06
6.0144819e-08
8.6021104e-06
7.182682e-08
8.3399402e-06
7.5736216e-08
8.082605e-06
7.4659467e-08
7.8360836e-06
6.8071523e-08
7.6027895e-06
5.4782557e-08
7.3812098e-06
3.3911843e-08
7.163986e-06
6.6830932e-09
6.9508766e-06
-4.4789134e-08
6.7235327e-06
-1.1897873e-07
6.4541662e-06
-2.3282735e-07
6.1106502e-06
-4.2709384e-07
5.6650304e-06
-7.5117993e-07
5.2130353e-06
-1.0459777e-06
4.9462464e-06
-8.5647009e-07
4.914663e-06
2.1995354e-07
4.9135325e-06
1.7321617e-06
5.0360908e-06
2.9626984e-06
5.427491e-06
3.6965483e-06
5.9348068e-06
4.0702618e-06
6.4388856e-06
4.2130163e-06
6.8644056e-06
4.2192322e-06
7.1801522e-06
4.1228964e-06
7.3950274e-06
3.9260794e-06
7.5443096e-06
3.6121149e-06
7.598998e-06
3.2115834e-06
7.6346363e-06
2.7320938e-06
8.1711167e-06
1.7648433e-06
2.0287663e-07
9.591807e-06
-3.0697086e-07
1.5411594e-08
9.884035e-06
-2.6931454e-07
2.5636518e-08
1.016421e-05
-2.5878457e-07
2.9439478e-08
1.0400449e-05
-2.1965723e-07
2.8746753e-08
1.0583029e-05
-1.7354878e-07
2.5098945e-08
1.0717136e-05
-1.3741446e-07
1.9061406e-08
1.0810701e-05
-1.1519691e-07
1.0794552e-08
1.0875356e-05
-1.0658471e-07
-1.0630928e-09
1.0914892e-05
-1.1440797e-07
-1.3630686e-08
1.093684e-05
-1.4428316e-07
-2.9356824e-08
1.095133e-05
-2.0626623e-07
-4.6155289e-08
1.0976633e-05
-3.171809e-07
-5.9589173e-08
1.1046311e-05
-5.0253508e-07
-5.8574056e-08
1.1252901e-05
-8.3187029e-07
-2.8976025e-08
1.1536468e-05
-1.150524e-06
5.6780308e-08
1.1792691e-05
-1.3872371e-06
1.8301576e-07
1.1965139e-05
-1.5546045e-06
2.9740144e-07
1.2052962e-05
-1.7112836e-06
3.8486375e-07
1.2070887e-05
-1.8729732e-06
4.4774457e-07
1.2039441e-05
-2.037751e-06
4.961554e-07
1.1989352e-05
-2.2066034e-06
5.4165454e-07
1.1938745e-05
-2.3660332e-06
5.9356259e-07
1.1883005e-05
-2.4904717e-06
6.558245e-07
1.1805664e-05
-2.5614438e-06
7.2579901e-07
1.1697055e-05
-2.5809298e-06
7.9927108e-07
1.1576281e-05
-2.5750248e-06
8.7629894e-07
1.1513399e-05
-2.5701886e-06
9.4611643e-07
1.1624166e-05
-2.5312179e-06
9.4047089e-07
1.180869e-05
-2.0787354e-06
6.7013447e-07
-6.288717e-07
-4.0989853e-09
9.2099392e-06
-2.2983172e-07
1.6624113e-08
9.3160529e-06
-3.4508108e-07
3.0166032e-08
9.4581957e-06
-3.6683228e-07
3.689568e-08
9.6424107e-06
-3.6873311e-07
3.7625302e-08
9.8613646e-06
-3.5742992e-07
3.3408866e-08
1.0099554e-05
-3.4247423e-07
2.3874827e-08
1.0346818e-05
-3.3388899e-07
7.5148886e-09
1.0600152e-05
-3.3905649e-07
-1.6914087e-08
1.085763e-05
-3.6713721e-07
-5.2143329e-08
1.112477e-05
-4.3107931e-07
-1.0054545e-07
1.1415801e-05
-5.5650659e-07
-1.6258797e-07
1.1763166e-05
-7.8843473e-07
-2.3208522e-07
1.2221918e-05
-1.1915551e-06
-2.8660809e-07
1.2747854e-05
-1.7525392e-06
-2.8189133e-07
1.3196696e-05
-2.1693493e-06
-2.3475123e-07
1.341379e-05
-2.2893946e-06
-2.4263404e-07
1.3389221e-05
-2.2792914e-06
-3.5440787e-07
1.3209372e-05
-2.309126e-06
-5.5822171e-07
1.2913677e-05
-2.344718e-06
-8.234253e-07
1.2539972e-05
-2.3924386e-06
-1.1048251e-06
1.2124173e-05
-2.4794713e-06
-1.3488457e-06
1.1675161e-05
-2.582548e-06
-1.5190218e-06
1.1182262e-05
-2.6536877e-06
-1.5990377e-06
1.0635e-05
-2.6692161e-06
-1.5846875e-06
1.0032351e-05
-2.6498784e-06
-1.462946e-06
9.4326676e-06
-2.6879705e-06
-1.2195615e-06
9.0864495e-06
-2.8768841e-06
-9.572892e-07
9.4517283e-06
-3.2113484e-06
-8.8041364e-07
1.08837e-05
-3.171743e-06
-1.3047743e-06
-1.4873933e-06
-2.2094509e-06
9.2698482e-06
-2.1213697e-07
1.6819511e-08
9.2390046e-06
-2.8254655e-07
3.0667538e-08
9.2056774e-06
-2.9667439e-07
3.8125514e-08
9.1756731e-06
-2.9877036e-07
3.9714556e-08
9.157297e-06
-2.9580199e-07
3.617341e-08
9.1515738e-06
-2.8987247e-07
2.6776006e-08
9.1554906e-06
-2.8627737e-07
9.5463642e-09
9.1660309e-06
-2.909821e-07
-1.790725e-08
9.1832455e-06
-3.114826e-07
-5.9561073e-08
9.202311e-06
-3.6183741e-07
-1.2154853e-07
9.2220301e-06
-4.7264742e-07
-2.0910337e-07
9.2522016e-06
-7.0520162e-07
-3.2321999e-07
9.342693e-06
-1.183479e-06
-4.4500447e-07
9.5042006e-06
-1.902314e-06
-4.8768552e-07
9.4198309e-06
-2.2053798e-06
-4.0338014e-07
8.9765138e-06
-1.9340173e-06
-3.9289618e-07
8.3430596e-06
-1.4949198e-06
-5.3760039e-07
7.8826602e-06
-1.3801222e-06
-7.3672197e-07
7.4172341e-06
-1.0963844e-06
-1.0170096e-06
6.8693976e-06
-8.5634778e-07
-1.3313085e-06
6.2652925e-06
-7.5326043e-07
-1.5628267e-06
5.6461845e-06
-7.7873222e-07
-1.626795e-06
5.0496489e-06
-8.813607e-07
-1.5148194e-06
4.5422859e-06
-1.0345108e-06
-1.2668683e-06
4.1443586e-06
-1.2537403e-06
-9.0033465e-07
3.9376284e-06
-1.577029e-06
-5.2702516e-07
4.1689434e-06
-1.9980965e-06
-4.1384108e-07
4.8985083e-06
-2.4872552e-06
-5.6792619e-07
5.7527072e-06
-2.0173824e-06
-1.5256702e-06
6.6049578e-07
-3.0759235e-06
9.0748065e-06
1.6394577e-08
8.8227016e-06
2.9701109e-08
8.5611885e-06
3.6663573e-08
8.3003552e-06
3.7797038e-08
8.045437e-06
3.3773716e-08
7.7998955e-06
2.3738376e-08
7.5632471e-06
5.1512726e-09
7.3304194e-06
-2.4245086e-08
7.0968818e-06
-7.1265057e-08
6.8376479e-06
-1.473967e-07
6.5159591e-06
-2.6994263e-07
6.0522559e-06
-4.7433159e-07
5.2774717e-06
-8.3580967e-07
4.0355191e-06
-1.4122577e-06
2.6197175e-06
-1.8409266e-06
1.5130521e-06
-1.6907751e-06
1.4584636e-06
-1.2279068e-06
1.6652106e-06
1.4117421e-07
1.9785821e-06
1.5497089e-06
2.4213835e-06
2.3953833e-06
2.9206935e-06
2.8166837e-06
3.3723616e-06
2.9821897e-06
3.7086603e-06
3.0013294e-06
3.8715959e-06
2.9252456e-06
3.8117847e-06
2.7322835e-06
3.6290685e-06
2.2181486e-06
3.5210056e-06
1.3218713e-06
3.8482132e-06
-8.0703385e-08
5.8865493e-06
-2.2983549e-06
-4.935435e-06
9.5861086e-06
-3.0725446e-07
5.5437296e-09
9.8707012e-06
-2.6890552e-07
9.9609115e-09
1.0144676e-05
-2.5663867e-07
1.2114734e-08
1.0375763e-05
-2.1458074e-07
1.2251855e-08
1.0553691e-05
-1.6362798e-07
1.0807685e-08
1.0684504e-05
-1.1971951e-07
7.9758703e-09
1.0777371e-05
-8.5867587e-08
3.8033654e-09
1.0839169e-05
-6.1578504e-08
-1.3004722e-09
1.0880459e-05
-4.6067841e-08
-8.8446382e-09
1.0911547e-05
-4.2819e-08
-1.7577464e-08
1.0953111e-05
-6.0957491e-08
-2.6637012e-08
1.1046292e-05
-1.2078054e-07
-3.1714476e-08
1.1256135e-05
-2.4679161e-07
-2.1068418e-08
1.1620612e-05
-4.136695e-07
2.1257597e-08
1.198098e-05
-3.887846e-07
8.663131e-08
1.2234458e-05
-2.2547924e-07
1.5667558e-07
1.2379323e-05
-8.0515711e-08
2.3504936e-07
1.2467154e-05
-3.1860554e-08
3.3151239e-07
1.2526436e-05
-6.052995e-08
4.5269688e-07
1.2581887e-05
-1.5415687e-07
6.0033873e-07
1.2651524e-05
-2.950603e-07
7.7502621e-07
1.2729448e-05
-4.5263763e-07
9.7911966e-07
1.279503e-05
-6.0482754e-07
1.2088769e-06
1.2835457e-05
-7.4745432e-07
1.4497505e-06
1.2854446e-05
-8.7156682e-07
1.6727229e-06
1.2838456e-05
-9.1469356e-07
1.8334713e-06
1.2683836e-05
-7.3991083e-07
1.8745973e-06
1.2202411e-05
-2.6615685e-07
1.7299661e-06
1.077981e-05
8.1581005e-07
1.2985804e-06
3.0047452e-06
6.0816713e-07
9.2022707e-06
-2.296768e-07
5.7434529e-09
9.2967468e-06
-3.4455538e-07
1.1338297e-08
9.4277523e-06
-3.6525971e-07
1.4509439e-08
9.6009657e-06
-3.6504459e-07
1.4873427e-08
9.8080626e-06
-3.498663e-07
1.2546702e-08
1.0033193e-05
-3.283428e-07
7.3619646e-09
1.0264775e-05
-3.0938222e-07
-5.6235121e-10
1.049986e-05
-2.9891532e-07
-1.4673168e-08
1.0739725e-05
-3.0433576e-07
-3.3749833e-08
1.0996018e-05
-3.4042511e-07
-5.9230585e-08
1.1301321e-05
-4.3967193e-07
-8.9140707e-08
1.1727387e-05
-6.6491355e-07
-1.1390415e-07
1.2391051e-05
-1.0826737e-06
-1.1412004e-07
1.3168327e-05
-1.4052205e-06
-6.724156e-08
1.37736e-05
-1.2089572e-06
-1.9641502e-08
1.4160881e-05
-8.4818422e-07
-7.1266743e-09
1.4376378e-05
-6.1313653e-07
-3.716578e-08
1.4451882e-05
-5.7860708e-07
-8.6698247e-08
1.4402793e-05
-6.7892575e-07
-1.5526637e-07
1.4256684e-05
-8.7045107e-07
-2.4108918e-07
1.402378e-05
-1.0838768e-06
-3.2500436e-07
1.3694887e-05
-1.2668521e-06
-3.73207e-07
1.3248219e-05
-1.3945301e-06
-3.5969972e-07
1.2697334e-05
-1.4919984e-06
-2.8617753e-07
1.2143248e-05
-1.5952568e-06
-1.8218304e-07
1.1787584e-05
-1.6612759e-06
-1.1562911e-07
1.1690706e-05
-1.394938e-06
-2.0579275e-07
1.1625175e-05
-5.6152956e-07
-5.2549809e-07
1.1373702e-05
9.0842538e-07
-1.0851872e-06
3.0009305e-06
-1.8517519e-06
9.2625141e-06
-2.1213596e-07
5.7236041e-09
9.2198876e-06
-2.8258149e-07
1.131818e-08
9.1745353e-06
-2.9638002e-07
1.4596037e-08
9.1318011e-06
-2.976257e-07
1.5027758e-08
9.0987241e-06
-2.9312348e-07
1.2505155e-08
9.0751614e-06
-2.8465299e-07
6.6460993e-09
9.0558147e-06
-2.7724498e-07
-3.2477829e-09
9.0368445e-06
-2.7670276e-07
-2.1153943e-08
9.0121457e-06
-2.9160971e-07
-4.7593836e-08
8.9770566e-06
-3.4008933e-07
-8.6801523e-08
8.935794e-06
-4.6549086e-07
-1.420269e-07
8.9313186e-06
-7.7636953e-07
-2.0728552e-07
9.1498641e-06
-1.5022136e-06
-2.4400959e-07
9.5545962e-06
-2.0924373e-06
-2.059323e-07
9.5001651e-06
-1.4163011e-06
-1.4347926e-07
9.0972646e-06
-6.7450023e-07
-1.6564648e-07
8.541441e-06
-3.5471034e-07
-2.4211238e-07
7.8628955e-06
-2.4974481e-07
-3.8892298e-07
7.1299524e-06
-3.7538045e-07
-5.8979108e-07
6.3420893e-06
-5.6100903e-07
-8.5593148e-07
5.5325988e-06
-7.5637579e-07
-1.0857169e-06
4.7325062e-06
-9.5505292e-07
-1.1469403e-06
3.9451692e-06
-1.1292535e-06
-1.0061674e-06
3.2207296e-06
-1.2967786e-06
-7.5517892e-07
2.7955619e-06
-1.5674345e-06
-5.2101008e-07
3.0111893e-06
-1.9461697e-06
-4.7419674e-07
3.9730154e-06
-1.8816826e-06
-9.0321925e-07
5.1333398e-06
-6.742379e-07
-1.6305067e-06
5.8125172e-06
1.1133414e-06
-2.4226107e-06
3.854691e-06
-3.1952413e-06
9.0676871e-06
5.522223e-09
8.8039939e-06
1.0810832e-08
8.5305237e-06
1.3751681e-08
8.2568923e-06
1.3800733e-08
7.9867325e-06
1.0808016e-08
7.7213818e-06
4.4339964e-09
7.4565905e-06
-7.3045232e-09
7.1834324e-06
-2.7792061e-08
6.8810699e-06
-6.0514991e-08
6.5082816e-06
-1.1470121e-07
5.9800771e-06
-2.072334e-07
5.1039484e-06
-3.7457795e-07
3.4771471e-06
-7.1135498e-07
1.2563181e-06
-1.2871248e-06
-7.527046e-07
-1.2613786e-06
-2.1397331e-06
-9.8219305e-07
-3.0326995e-06
-6.9322225e-07
-2.9526635e-06
-1.920955e-07
-2.2716353e-06
4.9101375e-07
-1.4855884e-06
1.0472898e-06
-7.9676114e-07
1.371433e-06
-2.9776128e-07
1.5284463e-06
-1.7055714e-08
1.5914566e-06
1.0622927e-08
1.6008515e-06
-3.6992615e-07
1.544305e-06
-1.0294729e-06
9.2625721e-07
-1.1490244e-06
-4.5960099e-07
2.3029905e-07
-2.1630413e-06
2.5616539e-06
-3.5575752e-06
-4.7620732e-06
9.5830471e-06
-3.0771276e-07
-8.0492402e-10
9.8635562e-06
-2.6953702e-07
-9.9789736e-10
1.0133844e-05
-2.5724413e-07
-9.1325606e-10
1.0361773e-05
-2.1495578e-07
-7.052214e-10
1.0536608e-05
-1.635863e-07
-4.2584418e-10
1.0663901e-05
-1.1921554e-07
-9.0051007e-11
1.075239e-05
-8.5016118e-08
3.3713236e-10
1.0810505e-05
-6.0204448e-08
8.1495084e-10
1.0846521e-05
-4.610253e-08
1.2709381e-09
1.087528e-05
-4.788691e-08
1.6074126e-09
1.0927514e-05
-7.994324e-08
1.2120659e-09
1.1068233e-05
-1.7018349e-07
-1.9320363e-09
1.1382965e-05
-3.2282633e-07
-1.2453849e-08
1.1821124e-05
-3.7899831e-07
-3.7643227e-08
1.2195478e-05
-2.2047259e-07
-6.7482961e-08
1.2467483e-05
-2.1834866e-08
-9.4048143e-08
1.267341e-05
1.505134e-07
-1.2179146e-07
1.2842232e-05
3.19136e-07
-1.5665983e-07
1.3005631e-05
4.9177792e-07
-2.0243846e-07
1.3188371e-05
6.7797728e-07
-2.5993482e-07
1.3396208e-05
8.9223686e-07
-3.239563e-07
1.3603893e-05
1.1583638e-06
-3.8486731e-07
1.3764735e-05
1.483261e-06
-4.3182396e-07
1.3831643e-05
1.8455346e-06
-4.5756469e-07
1.3758352e-05
2.2141008e-06
-4.6083603e-07
1.3462731e-05
2.5808637e-06
-4.4206767e-07
1.2781338e-05
2.9697642e-06
-4.0159787e-07
1.1451939e-05
3.4083584e-06
-3.3485863e-07
9.0399244e-06
3.9653234e-06
-2.403827e-07
5.0426989e-06
-1.3031562e-07
9.1978736e-06
-2.2981215e-07
-1.063063e-09
9.2860465e-06
-3.4483078e-07
-1.5422462e-09
9.4104639e-06
-3.6550632e-07
-1.6469131e-09
9.5769428e-06
-3.6509193e-07
-1.4702474e-09
9.7764506e-06
-3.4952258e-07
-1.0256668e-09
9.9924323e-06
-3.2744564e-07
-3.9049936e-10
1.0214064e-05
-3.0787737e-07
6.6798397e-10
1.0435058e-05
-2.9771622e-07
1.8439132e-09
1.065839e-05
-3.0631105e-07
3.1317363e-09
1.0901563e-05
-3.5424943e-07
3.9810846e-09
1.1217782e-05
-4.8746139e-07
2.2304797e-09
1.1729505e-05
-7.9002755e-07
-5.5976689e-09
1.2591187e-05
-1.2645203e-06
-3.3770022e-08
1.3352883e-05
-1.1214392e-06
-8.6452947e-08
1.3920353e-05
-6.9102614e-07
-1.167169e-07
1.4366298e-05
-3.5185519e-07
-1.2329035e-07
1.4709552e-05
-9.9227442e-08
-1.3132109e-07
1.4969222e-05
1.1702218e-07
-1.4475637e-07
1.5183705e-05
2.8633611e-07
-1.6372643e-07
1.5411656e-05
4.0375414e-07
-1.9181101e-07
1.5678961e-05
5.2033893e-07
-2.1369559e-07
1.5937054e-05
7.5622425e-07
-2.1821352e-07
1.6113152e-05
1.1718677e-06
-2.0976741e-07
1.6161617e-05
1.7372031e-06
-2.090522e-07
1.604494e-05
2.3721646e-06
-2.0469629e-07
1.5654259e-05
3.0686538e-06
-1.9245176e-07
1.474835e-05
3.8603277e-06
-1.6841388e-07
1.308366e-05
4.6723901e-06
-1.0052809e-07
1.0369193e-05
5.6269019e-06
-4.6659493e-09
6.9703933e-06
1.2004062e-07
9.2581204e-06
-2.1217587e-07
-1.0739869e-09
9.2088782e-06
-2.8270777e-07
-1.5647225e-09
9.156135e-06
-2.9648896e-07
-1.6801085e-09
9.1051622e-06
-2.9761019e-07
-1.4831665e-09
9.0620259e-06
-2.9293927e-07
-9.4397062e-10
9.0255702e-06
-2.8433251e-07
-1.3395445e-11
8.9898113e-06
-2.768639e-07
1.4955821e-09
8.9448908e-06
-2.7759772e-07
3.6456983e-09
8.8815879e-06
-2.9738277e-07
6.7782336e-09
8.7908993e-06
-3.614198e-07
1.1056115e-08
8.6807738e-06
-5.3492288e-07
1.55649e-08
8.6687582e-06
-9.9752339e-07
1.2243903e-08
9.2756567e-06
-2.1003836e-06
-1.5231028e-08
9.4875879e-06
-1.4318333e-06
-1.0903751e-07
9.3522316e-06
-5.6478866e-07
-1.352953e-07
9.1580612e-06
-2.189932e-07
-1.0433513e-07
8.8402997e-06
4.9293858e-08
-7.3081505e-08
8.4478659e-06
1.7486648e-07
-5.4808813e-08
8.0601898e-06
1.2454991e-07
-4.0605683e-08
7.6508263e-06
-3.0467872e-08
-1.1418612e-08
7.3041861e-06
-2.4704217e-07
3.0245742e-08
7.2903723e-06
-4.382843e-07
6.044846e-08
7.8366585e-06
-4.6701733e-07
7.8852666e-08
8.8165771e-06
-1.6227384e-07
1.5181538e-07
1.0024494e-05
3.5724815e-07
2.8081319e-07
1.1010349e-05
1.2109591e-06
4.0152776e-07
1.1117506e-05
2.4353322e-06
4.2828259e-07
1.0384617e-05
3.3471887e-06
4.5060972e-07
8.6249902e-06
4.5020963e-06
4.9343284e-07
6.0419151e-06
5.090639e-07
9.0633566e-06
-1.0595657e-09
8.7929991e-06
-1.5414118e-09
8.5119055e-06
-1.6457098e-09
8.2295134e-06
-1.4193721e-09
7.9481942e-06
-8.1403178e-10
7.6679787e-06
3.1498444e-10
7.3815919e-06
2.2164039e-09
7.0708511e-06
5.3489607e-09
6.7021457e-06
1.0805323e-08
6.2052528e-06
2.0769188e-08
5.4234762e-06
3.9616116e-08
3.9758968e-06
7.5439798e-08
1.0278495e-06
1.3528552e-07
-1.8166497e-06
1.0993869e-07
-3.690966e-06
4.5306888e-08
-5.011447e-06
1.1880569e-07
-5.8846342e-06
2.2951756e-07
-6.2485126e-06
3.455912e-07
-6.0643736e-06
4.2916997e-07
-5.4937423e-06
4.4334409e-07
-4.7754728e-06
4.0325608e-07
-4.0697636e-06
3.810105e-07
-3.3415494e-06
3.9166535e-07
-2.3266855e-06
4.175456e-07
-8.6068812e-07
4.2545828e-07
7.849704e-07
4.8827099e-07
1.9598204e-06
8.0303564e-07
2.2179702e-06
9.3251362e-07
2.3573453e-06
8.2396153e-07
3.5810548e-07
9.5829976e-06
-3.0772532e-07
-7.0919022e-09
9.8634301e-06
-2.6950598e-07
-1.1908608e-08
1.013366e-05
-2.5717031e-07
-1.3951056e-08
1.0361597e-05
-2.148218e-07
-1.3795633e-08
1.0536565e-05
-1.6334801e-07
-1.2016507e-08
1.0664163e-05
-1.1877406e-07
-8.8832012e-09
1.0753242e-05
-8.4238197e-08
-4.476058e-09
1.0811774e-05
-5.8891115e-08
1.205229e-09
1.0848114e-05
-4.3445746e-08
8.4072866e-09
1.0875208e-05
-4.2003361e-08
1.6532586e-08
1.0918426e-05
-6.6295844e-08
2.4259788e-08
1.1031029e-05
-1.4146705e-07
2.6784154e-08
1.1296245e-05
-2.8885629e-07
1.0861612e-08
1.1722051e-05
-4.2442977e-07
-3.9276479e-08
1.210453e-05
-3.2511592e-07
-1.2493323e-07
1.2362385e-05
-1.2959872e-07
-2.2224832e-07
1.2525015e-05
3.2550147e-08
-3.1708201e-07
1.2631761e-05
1.5345599e-07
-4.1717413e-07
1.2724504e-05
2.3432548e-07
-5.3007624e-07
1.2850942e-05
2.7182799e-07
-6.5913052e-07
1.3039193e-05
2.9608944e-07
-8.0972056e-07
1.3278423e-05
3.6356163e-07
-9.8970323e-07
1.351694e-05
5.3131079e-07
-1.2043699e-06
1.3688913e-05
8.1326099e-07
-1.4461518e-06
1.373787e-05
1.1709734e-06
-1.6846793e-06
1.3573302e-05
1.5855697e-06
-1.867462e-06
1.3043418e-05
2.04926e-06
-1.9257397e-06
1.1892263e-05
2.6101227e-06
-1.798738e-06
9.6957548e-06
3.3737557e-06
-1.4219326e-06
4.7401709e-06
-7.0378423e-07
9.1977732e-06
-2.2981715e-07
-7.77673e-09
9.2858631e-06
-3.4481588e-07
-1.4323553e-08
9.4102554e-06
-3.6544429e-07
-1.7765707e-08
9.576859e-06
-3.6494304e-07
-1.7951933e-08
9.7767914e-06
-3.4920347e-07
-1.5100323e-08
9.9935457e-06
-3.2678896e-07
-9.1253701e-09
1.0216164e-05
-3.0649735e-07
3.1639675e-10
1.0438715e-05
-2.9480605e-07
1.521736e-08
1.0663254e-05
-2.9989086e-07
3.5047854e-08
1.0903882e-05
-3.393531e-07
6.0709367e-08
1.1202492e-05
-4.5251018e-07
8.9822188e-08
1.1658411e-05
-7.1576659e-07
1.1271169e-07
1.2420337e-05
-1.1880256e-06
1.0327262e-07
1.3214229e-05
-1.3326811e-06
2.7935494e-08
1.3773995e-05
-9.2189427e-07
-7.9525377e-08
1.4168705e-05
-5.3380253e-07
-1.1355477e-07
1.4453296e-05
-2.8810643e-07
-9.4512904e-08
1.4663536e-05
-1.6042477e-07
-3.9928548e-08
1.4784547e-05
-1.0119058e-07
5.2452042e-08
1.4893475e-05
-2.0784024e-07
1.8024385e-07
1.504031e-05
-3.862976e-07
3.2104816e-07
1.5255553e-05
-4.9715108e-07
4.2080169e-07
1.555128e-05
-4.1833737e-07
4.2764472e-07
1.5862664e-05
-7.3178526e-08
3.3812823e-07
1.5995307e-05
6.0425509e-07
1.9320952e-07
1.5805568e-05
1.4650552e-06
7.71156e-08
1.5138128e-05
2.3940858e-06
1.134422e-07
1.3746717e-05
3.4114008e-06
4.5269137e-07
1.137158e-05
4.6607592e-06
1.0528268e-06
6.301485e-06
1.7918309e-06
9.2580259e-06
-2.1217426e-07
-7.7837124e-09
9.2086982e-06
-2.8269391e-07
-1.4360978e-08
9.1559678e-06
-2.9644468e-07
-1.795132e-08
9.1052615e-06
-2.9750174e-07
-1.8220113e-08
9.0629082e-06
-2.9269467e-07
-1.5101177e-08
9.0281042e-06
-2.8380229e-07
-8.1975007e-09
8.9949227e-06
-2.7573051e-07
3.9094012e-09
8.9553593e-06
-2.7487867e-07
2.3281443e-08
8.90127e-06
-2.9076598e-07
5.1743222e-08
8.8247222e-06
-3.4466688e-07
9.2919293e-08
8.7278555e-06
-4.8993334e-07
1.4985606e-07
8.6743106e-06
-8.6936179e-07
2.1937999e-07
8.9891789e-06
-1.7898919e-06
2.7183949e-07
9.3988898e-06
-2.0606097e-06
2.1097777e-07
9.1017088e-06
-8.3134652e-07
7.3150438e-08
8.8047789e-06
-4.0674706e-07
6.7208202e-08
8.3509701e-06
-7.2956163e-08
1.6706858e-07
7.7095681e-06
5.5590453e-08
3.723141e-07
6.9258802e-06
-1.1134394e-08
6.5441195e-07
5.9395146e-06
-2.0898451e-07
9.7749261e-07
4.8358099e-06
-5.0913345e-07
1.2593099e-06
3.8872024e-06
-8.6571399e-07
1.3825191e-06
3.4960589e-06
-1.1986214e-06
1.2608404e-06
4.1413507e-06
-1.4373759e-06
8.8644242e-07
5.8962004e-06
-1.305915e-06
4.4800651e-07
7.9574878e-06
-5.1912142e-07
3.2747876e-07
9.2123527e-06
7.6044217e-07
7.9747445e-07
9.4544845e-06
2.0184449e-06
1.5832437e-06
8.6781584e-06
3.4831345e-06
2.4266057e-06
5.1733572e-06
3.1653235e-06
9.0632744e-06
-7.557557e-09
8.7928555e-06
-1.3818321e-08
8.5118295e-06
-1.7066418e-08
8.2298478e-06
-1.6941458e-08
7.9496495e-06
-1.3312344e-08
7.6718939e-06
-5.7335616e-09
7.3900752e-06
8.302721e-09
7.0896049e-06
3.0939017e-08
6.7429343e-06
6.6708499e-08
6.2942451e-06
1.2479067e-07
5.6211455e-06
2.227825e-07
4.427965e-06
3.9926819e-07
2.0253155e-06
7.4843862e-07
-1.2073528e-06
1.2930396e-06
-3.4348344e-06
1.4464063e-06
-4.9750079e-06
1.2566946e-06
-5.9656707e-06
1.1519224e-06
-6.4073158e-06
8.4775234e-07
-6.1611186e-06
1.7772328e-07
-5.4219442e-06
-4.9885334e-07
-4.5577567e-06
-9.6496404e-07
-3.7930233e-06
-1.2453903e-06
-3.1935878e-06
-1.4031287e-06
-2.7371328e-06
-1.4729321e-06
-2.1666792e-06
-1.4468157e-06
-1.2228057e-06
-9.6841493e-07
-3.1244068e-08
3.7412107e-07
9.1202024e-07
2.0080068e-06
1.888726e-06
3.3208899e-06
4.1512712e-06
9.5859583e-06
-3.0731268e-07
-1.6752917e-08
9.870261e-06
-2.688497e-07
-2.7344109e-08
1.0143904e-05
-2.5648431e-07
-3.1083984e-08
1.0374642e-05
-2.1431975e-07
-3.018304e-08
1.0552187e-05
-1.6322308e-07
-2.6304026e-08
1.0682545e-05
-1.1913787e-07
-2.006716e-08
1.0774776e-05
-8.504075e-08
-1.1627242e-08
1.0836037e-05
-6.0135815e-08
1.0058525e-10
1.0875679e-05
-4.3534366e-08
1.2317802e-08
1.0902647e-05
-3.7912489e-08
2.747428e-08
1.093389e-05
-5.0551405e-08
4.3503154e-08
1.1002671e-05
-9.8659938e-08
5.6457572e-08
1.1165816e-05
-2.0980057e-07
5.7047491e-08
1.1501634e-05
-4.1037762e-07
3.4336504e-08
1.1874996e-05
-4.6448713e-07
-3.5166806e-08
1.2159097e-05
-3.4313871e-07
-1.6489184e-07
1.232019e-05
-1.9712415e-07
-2.8313244e-07
1.2405939e-05
-1.379072e-07
-3.6762061e-07
1.2463346e-05
-1.7744087e-07
-4.1328804e-07
1.2527332e-05
-2.9744861e-07
-4.2976298e-07
1.2615898e-05
-4.700057e-07
-4.3332018e-07
1.2720041e-05
-6.5853276e-07
-4.4110551e-07
1.2811508e-05
-8.3518914e-07
-4.6667035e-07
1.2870181e-05
-9.9606684e-07
-5.1420777e-07
1.2904731e-05
-1.1432674e-06
-5.8016925e-07
1.2920436e-05
-1.2259041e-06
-6.6002e-07
1.2840065e-05
-1.1098158e-06
-7.374339e-07
1.2441339e-05
-6.5263621e-07
-7.4918331e-07
1.1232232e-05
3.1501379e-07
-5.2717147e-07
2.5649812e-06
1.2493725e-07
9.2019663e-06
-2.2970854e-07
-1.8379473e-08
9.2961044e-06
-3.445511e-07
-3.2761344e-08
9.4267766e-06
-3.6516291e-07
-3.9759238e-08
9.5996961e-06
-3.648075e-07
-4.0381635e-08
9.8065554e-06
-3.494107e-07
-3.5767204e-08
1.0031445e-05
-3.2753677e-07
-2.5608318e-08
1.0263107e-05
-3.0791445e-07
-8.4607919e-09
1.0497822e-05
-2.9609225e-07
1.6473886e-08
1.0735577e-05
-2.9854556e-07
5.2320111e-08
1.0985153e-05
-3.2794982e-07
1.0117811e-07
1.1272263e-05
-4.119242e-07
1.6406569e-07
1.1655462e-05
-6.0567638e-07
2.3643803e-07
1.2236117e-05
-9.8793128e-07
3.0051392e-07
1.298208e-05
-1.4467317e-06
3.1794099e-07
1.3619917e-05
-1.4594811e-06
2.7740177e-07
1.3997229e-05
-1.1010541e-06
2.6697498e-07
1.4166611e-05
-8.2083961e-07
3.5988502e-07
1.4181044e-05
-7.5186366e-07
5.5980998e-07
1.4067606e-05
-8.4852644e-07
8.3699767e-07
1.3863815e-05
-1.0579388e-06
1.1443652e-06
1.3593409e-05
-1.3041663e-06
1.4253052e-06
1.3247599e-05
-1.5238291e-06
1.6314776e-06
1.2794845e-05
-1.6887533e-06
1.7333879e-06
1.2235146e-05
-1.8193851e-06
1.7201926e-06
1.1666834e-05
-1.9695442e-06
1.5861605e-06
1.13192e-05
-2.1395362e-06
1.3356025e-06
1.1336149e-05
-2.0896508e-06
1.0708022e-06
1.1614865e-05
-1.4570334e-06
9.6909091e-07
1.1832539e-05
-1.9379181e-07
1.3265983e-06
1.7415463e-06
2.1637742e-06
9.2622124e-06
-2.1214379e-07
-1.8601767e-08
9.2191882e-06
-2.8256997e-07
-3.3319888e-08
9.1734767e-06
-2.9631583e-07
-4.1088823e-08
9.1305103e-06
-2.9746526e-07
-4.2597717e-08
9.097423e-06
-2.9279678e-07
-3.8629198e-08
9.0742016e-06
-2.8402362e-07
-2.8490018e-08
9.0564707e-06
-2.7595083e-07
-1.0323373e-08
9.0398893e-06
-2.74129e-07
1.7900833e-08
9.0186257e-06
-2.8584345e-07
6.0307754e-08
8.9876655e-06
-3.2649549e-07
1.224297e-07
8.9475666e-06
-4.3146204e-07
2.0949734e-07
8.9239313e-06
-6.8670311e-07
3.2404076e-07
9.0361209e-06
-1.2834112e-06
4.5512188e-07
9.3655315e-06
-2.1081968e-06
5.4344974e-07
9.4286295e-06
-1.9524385e-06
5.0505985e-07
8.8923456e-06
-9.5546674e-07
4.6033492e-07
8.2380596e-06
-5.7852361e-07
5.8184179e-07
7.4514113e-06
-3.7310021e-07
7.8339218e-07
6.6851958e-06
-4.9130373e-07
1.0669017e-06
5.9216834e-06
-6.9258818e-07
1.379782e-06
5.1596528e-06
-8.9900875e-07
1.6215353e-06
4.4184438e-06
-1.0970527e-06
1.7038892e-06
3.7281178e-06
-1.3165379e-06
1.5879794e-06
3.0874504e-06
-1.56876e-06
1.28652e-06
2.6262739e-06
-1.8892621e-06
8.3730236e-07
2.7504055e-06
-2.3361551e-06
4.0668e-07
3.6718664e-06
-2.5190197e-06
3.07509e-07
5.0821527e-06
-1.7648864e-06
4.7671666e-07
6.1792222e-06
-9.8752241e-08
1.2197717e-06
1.3555329e-06
2.8213395e-06
9.0674062e-06
-1.815681e-08
8.8033449e-06
-3.2329047e-08
8.5295649e-06
-3.960422e-08
8.2558162e-06
-4.0659934e-08
7.9859104e-06
-3.6205263e-08
7.7215728e-06
-2.5421363e-08
7.4598836e-06
-5.9605473e-09
7.1927078e-06
2.3984444e-08
6.9024319e-06
7.1140062e-08
6.5555953e-06
1.4513185e-07
6.0862307e-06
2.6068632e-07
5.35114e-06
4.4765895e-07
4.0472772e-06
7.6896934e-07
1.9436326e-06
1.2907187e-06
-3.5971792e-07
1.8082158e-06
-1.9305295e-06
1.8762986e-06
-2.8931272e-06
1.5400658e-06
-2.8357964e-06
4.220425e-07
-2.0721231e-06
-1.0718574e-06
-1.1306588e-06
-2.1310918e-06
-2.9725797e-07
-2.6973191e-06
3.1019813e-07
-2.9511253e-06
6.117091e-07
-3.0230974e-06
5.6025273e-07
-2.9930341e-06
8.5298034e-08
-2.8662328e-06
-7.8937686e-07
-2.4359617e-06
-1.3862888e-06
-1.5553746e-06
-8.8857032e-07
-2.6038514e-07
8.6695301e-07
1.4583018e-06
3.8961182e-06
9.5915249e-06
-3.0706177e-07
-3.2231874e-08
9.8832495e-06
-2.6922959e-07
-4.9819743e-08
1.0162825e-05
-2.5856379e-07
-5.2065186e-08
1.0398418e-05
-2.1931487e-07
-4.6422481e-08
1.0580295e-05
-1.7307274e-07
-3.5060078e-08
1.071362e-05
-1.3679191e-07
-1.6539011e-08
1.0806273e-05
-1.1440302e-07
1.0199017e-08
1.086962e-05
-1.0547771e-07
4.2337866e-08
1.0906937e-05
-1.1287414e-07
8.7973789e-08
1.0924588e-05
-1.4158025e-07
1.5146582e-07
1.0929915e-05
-2.003671e-07
2.3851001e-07
1.0935547e-05
-3.0352186e-07
3.541278e-07
1.0966947e-05
-4.7429872e-07
4.9940849e-07
1.1122592e-05
-7.9765336e-07
6.7521692e-07
1.138468e-05
-1.1518289e-06
8.5287531e-07
1.1648861e-05
-1.4424271e-06
1.0111228e-06
1.1847269e-05
-1.644162e-06
1.1601447e-06
1.1964782e-05
-1.8071359e-06
1.319575e-06
1.2013173e-05
-1.9576418e-06
1.4937553e-06
1.2014631e-05
-2.1017276e-06
1.6686059e-06
1.1999625e-05
-2.2423514e-06
1.8225707e-06
1.1985656e-05
-2.3733696e-06
1.9454449e-06
1.1969687e-05
-2.4793917e-06
2.0289097e-06
1.1937852e-05
-2.549002e-06
2.0681512e-06
1.1884879e-05
-2.5863297e-06
2.0620684e-06
1.1834403e-05
-2.6142114e-06
2.0089267e-06
1.1859903e-05
-2.655311e-06
1.8976816e-06
1.207922e-05
-2.6777758e-06
1.7152898e-06
1.2452675e-05
-2.3760383e-06
1.4817811e-06
-1.2166674e-06
1.2102971e-06
9.2093963e-06
-2.2988361e-07
-3.5986239e-08
9.3149127e-06
-3.4509151e-07
-6.2416855e-08
9.4564244e-06
-3.6672582e-07
-7.3108266e-08
9.6400397e-06
-3.6846424e-07
-7.484428e-08
9.8584868e-06
-3.5693246e-07
-7.0347142e-08
1.0096294e-05
-3.4165062e-07
-5.8543972e-08
1.0343259e-05
-3.3255391e-07
-3.7253965e-08
1.059565e-05
-3.3679964e-07
-4.568611e-09
1.0850909e-05
-3.6292755e-07
4.7146082e-08
1.111244e-05
-4.227646e-07
1.2085162e-07
1.1389884e-05
-5.3857343e-07
2.2481055e-07
1.1707461e-05
-7.4978152e-07
3.6502515e-07
1.2111013e-05
-1.118472e-06
5.4089655e-07
1.2584627e-05
-1.6861462e-06
7.3236446e-07
1.3044792e-05
-2.2375671e-06
9.0239755e-07
1.3297068e-05
-2.4698107e-06
1.0416157e-06
1.3306603e-05
-2.4972288e-06
1.203253e-06
1.315218e-05
-2.5047803e-06
1.4120578e-06
1.2890238e-05
-2.5078619e-06
1.6496491e-06
1.2564587e-05
-2.5177806e-06
1.8868507e-06
1.2209754e-05
-2.5565627e-06
2.0954618e-06
1.1834123e-05
-2.6211676e-06
2.256417e-06
1.1420379e-05
-2.6784432e-06
2.3480939e-06
1.0949316e-05
-2.7097611e-06
2.3540792e-06
1.0413764e-05
-2.7282266e-06
2.2652776e-06
9.8690732e-06
-2.8157401e-06
2.082402e-06
9.5600357e-06
-3.0718182e-06
1.7954554e-06
9.9475058e-06
-3.5143535e-06
1.4159469e-06
1.150864e-05
-3.7796037e-06
1.165102e-06
-3.2739968e-06
1.2801827e-06
9.2693056e-06
-2.1215203e-07
-3.6679828e-08
9.2377492e-06
-2.8254242e-07
-6.431452e-08
9.2037063e-06
-2.9660894e-07
-7.7164737e-08
9.1731229e-06
-2.98598e-07
-8.1882255e-08
9.1544673e-06
-2.9545745e-07
-8.1449667e-08
9.14895e-06
-2.8923963e-07
-7.5384019e-08
9.1537107e-06
-2.8512096e-07
-6.2515845e-08
9.1656735e-06
-2.8881759e-07
-4.2041172e-08
9.1847675e-06
-3.0712473e-07
-1.4584092e-08
9.2057568e-06
-3.5271125e-07
3.1394061e-08
9.2248335e-06
-4.5146851e-07
1.033226e-07
9.2433927e-06
-6.5374415e-07
2.0944659e-07
9.285816e-06
-1.0615105e-06
3.5572638e-07
9.3910171e-06
-1.7641172e-06
5.1625522e-07
9.3914916e-06
-2.3496366e-06
6.1737615e-07
8.9942207e-06
-2.2042282e-06
5.9379066e-07
8.4132912e-06
-1.8269765e-06
4.9517305e-07
7.9532936e-06
-1.6188656e-06
3.6048709e-07
7.5404295e-06
-1.3039694e-06
2.7901748e-07
7.0987887e-06
-1.0306145e-06
3.3753999e-07
6.6055128e-06
-8.7908847e-07
4.4103963e-07
6.1039374e-06
-8.6251298e-07
4.5113633e-07
5.6217979e-06
-9.4707055e-07
3.4363637e-07
5.1954837e-06
-1.1094342e-06
1.1719886e-07
4.7900785e-06
-1.340958e-06
-1.4149481e-07
4.4377163e-06
-1.6716311e-06
-3.8482611e-07
4.4473749e-06
-2.1351001e-06
-6.411721e-07
5.0122089e-06
-2.8029388e-06
-8.0356051e-07
6.1870016e-06
-3.2205031e-06
-5.2102243e-07
-2.5080979e-06
4.0039137e-07
9.0742921e-06
-3.5650261e-08
8.8215025e-06
-6.2083836e-08
8.5593125e-06
-7.4025105e-08
8.2980032e-06
-7.7950616e-08
8.0430589e-06
-7.6720322e-08
7.7983081e-06
-6.9911912e-08
7.5637453e-06
-5.6520249e-08
7.3348465e-06
-3.5935554e-08
7.1079968e-06
-9.1353479e-09
6.8628742e-06
3.7543716e-08
6.5688214e-06
1.0327267e-07
6.1641675e-06
1.9857209e-07
5.5176573e-06
3.5398011e-07
4.4310343e-06
6.1360732e-07
3.0050717e-06
8.8778199e-07
1.9062567e-06
7.7569881e-07
1.7954362e-06
-1.6995736e-07
2.1050336e-06
-1.5014162e-06
2.5447967e-06
-2.8113093e-06
3.0074699e-06
-3.6215659e-06
3.5010557e-06
-4.0686146e-06
3.9424491e-06
-4.2547513e-06
4.2644747e-06
-4.2926693e-06
4.3869933e-06
-4.2259558e-06
4.2321636e-06
-4.0537151e-06
3.8590753e-06
-3.7362166e-06
3.4368273e-06
-3.2702231e-06
3.0526407e-06
-2.6814651e-06
2.7196779e-06
-1.4350753e-06
6.2589598e-07
9.6142169e-06
-3.0515824e-07
-7.2307105e-08
9.9151828e-06
-2.6862686e-07
-8.2139491e-08
1.0195714e-05
-2.6151289e-07
-7.1052861e-08
1.0429122e-05
-2.2671769e-07
-5.3074095e-08
1.0608813e-05
-1.850184e-07
-2.9688757e-08
1.0747243e-05
-1.5332559e-07
-1.5915107e-09
1.084736e-05
-1.396809e-07
4.9827058e-08
1.0918817e-05
-1.4734574e-07
1.1828909e-07
1.0970836e-05
-1.8208069e-07
2.1807758e-07
1.1011495e-05
-2.5061163e-07
3.6141274e-07
1.1049271e-05
-3.629221e-07
5.6355155e-07
1.1094431e-05
-5.2858833e-07
8.3728855e-07
1.1164e-05
-7.5684559e-07
1.1861794e-06
1.1339222e-05
-1.1120699e-06
1.6111462e-06
1.1625721e-05
-1.4963051e-06
2.0613396e-06
1.1984073e-05
-1.8337531e-06
2.4848528e-06
1.2323796e-05
-2.0209089e-06
2.8395346e-06
1.256567e-05
-2.0336547e-06
3.1096335e-06
1.268415e-05
-1.9258827e-06
3.2996183e-06
1.2707973e-05
-1.7779797e-06
3.4214373e-06
1.2688643e-05
-1.6462614e-06
3.4870706e-06
1.2667554e-05
-1.5401832e-06
3.5059136e-06
1.2665647e-05
-1.4542295e-06
3.4846331e-06
1.2688735e-05
-1.382234e-06
3.427456e-06
1.2741123e-05
-1.3248409e-06
3.3354868e-06
1.2824692e-05
-1.275828e-06
3.203191e-06
1.2923593e-05
-1.2122191e-06
3.0142618e-06
1.2977674e-05
-1.0732446e-06
2.7391838e-06
1.2858661e-05
-7.2465538e-07
2.3318113e-06
2.6221169e-07
1.7341608e-06
9.237439e-06
-2.3003707e-07
-7.9578803e-08
9.3557055e-06
-3.4594808e-07
-1.0336305e-07
9.4998886e-06
-3.6966726e-07
-1.0913625e-07
9.6834441e-06
-3.7498934e-07
-1.1012433e-07
9.9024879e-06
-3.6856953e-07
-1.0583168e-07
1.0144983e-05
-3.6021458e-07
-9.4135292e-08
1.040249e-05
-3.6166579e-07
-7.2754184e-08
1.0672575e-05
-3.8302584e-07
-3.8944727e-08
1.0960689e-05
-4.3483414e-07
1.180493e-08
1.1262626e-05
-5.354845e-07
1.0379254e-07
1.1590846e-05
-7.0515589e-07
2.3880144e-07
1.1961739e-05
-9.691155e-07
4.3459329e-07
1.2401614e-05
-1.3612339e-06
7.0528149e-07
1.2902144e-05
-1.9076997e-06
1.02724e-06
1.3463493e-05
-2.4987972e-06
1.343254e-06
1.3988855e-05
-2.9033857e-06
1.5856921e-06
1.4359757e-05
-2.9182631e-06
1.7297595e-06
1.4525604e-05
-2.6008152e-06
1.8137231e-06
1.4505857e-05
-2.141331e-06
1.8854381e-06
1.4373824e-05
-1.7302936e-06
1.9719588e-06
1.4216175e-05
-1.4541192e-06
2.0618535e-06
1.4058788e-05
-1.2548368e-06
2.1294443e-06
1.3904876e-05
-1.1094581e-06
2.1582908e-06
1.375053e-05
-1.0111703e-06
2.1383943e-06
1.3622608e-05
-9.8984323e-07
2.0589765e-06
1.3581071e-05
-1.0524234e-06
1.9007721e-06
1.3723274e-05
-1.1926582e-06
1.6330901e-06
1.426778e-05
-1.4210738e-06
1.217633e-06
1.5892394e-05
-1.801762e-06
6.1485522e-07
-2.1399509e-06
-2.5639676e-07
9.2963484e-06
-2.1246583e-07
-8.1640399e-08
9.2767934e-06
-2.8317706e-07
-1.0753254e-07
9.2447139e-06
-2.9830285e-07
-1.164515e-07
9.212388e-06
-3.0184186e-07
-1.2270539e-07
9.1905487e-06
-3.0078219e-07
-1.2739874e-07
9.1825354e-06
-2.9748312e-07
-1.3010195e-07
9.1878916e-06
-2.9788417e-07
-1.316518e-07
9.2062486e-06
-3.0901706e-07
-1.3440255e-07
9.2377093e-06
-3.3907006e-07
-1.4180143e-07
9.2897508e-06
-4.0294847e-07
-1.5317199e-07
9.3753311e-06
-5.2775059e-07
-1.5964494e-07
9.5082786e-06
-7.5498477e-07
-1.3759075e-07
9.7092378e-06
-1.1395305e-06
-6.6841467e-08
1.0003122e-05
-1.7131194e-06
2.78864e-08
1.0378754e-05
-2.3256e-06
6.8850277e-08
1.0717713e-05
-2.6384538e-06
-9.0018944e-09
1.1009593e-05
-2.4123667e-06
-3.0063739e-07
1.1194241e-05
-1.8011542e-06
-6.2123315e-07
1.1257046e-05
-1.069823e-06
-8.5243735e-07
1.1237508e-05
-4.1222478e-07
-9.5826676e-07
1.1191158e-05
4.6097928e-09
-9.6903418e-07
1.1178703e-05
1.8355365e-07
-9.7318658e-07
1.1193226e-05
2.1916477e-07
-9.9897168e-07
1.1194086e-05
1.6085886e-07
-1.0563186e-06
1.1143133e-05
3.2243557e-08
-1.1141364e-06
1.1036665e-05
-1.6119691e-07
-1.17157e-06
1.0930767e-05
-4.7874845e-07
-1.2515419e-06
1.0930323e-05
-8.4418527e-07
-1.3825996e-06
1.1468051e-05
-1.2350161e-06
-1.6280898e-06
-1.6010024e-06
-2.0184698e-06
9.1005832e-06
-7.974863e-08
8.8597415e-06
-1.0442118e-07
8.5996245e-06
-1.1221296e-07
8.3366228e-06
-1.1679273e-07
8.078731e-06
-1.1961263e-07
7.83202e-06
-1.2068566e-07
7.5989039e-06
-1.2128972e-07
7.3778465e-06
-1.2389597e-07
7.1622644e-06
-1.3262311e-07
6.9503235e-06
-1.5346197e-07
6.7246263e-06
-1.9877583e-07
6.4598505e-06
-2.9162466e-07
6.132191e-06
-4.578517e-07
5.7260191e-06
-6.9311775e-07
5.3450384e-06
-1.0558251e-06
5.1736469e-06
-1.6891723e-06
5.253108e-06
-2.6587972e-06
5.4266548e-06
-3.4729359e-06
5.5926052e-06
-4.0441651e-06
5.9353372e-06
-4.3741529e-06
6.3994881e-06
-4.5264375e-06
6.8663544e-06
-4.5369131e-06
7.2623682e-06
-4.4687735e-06
7.5493618e-06
-4.3516989e-06
7.7306675e-06
-4.202791e-06
7.850453e-06
-4.0177582e-06
7.9091289e-06
-3.8086445e-06
7.9614917e-06
-3.579391e-06
8.6015975e-06
-3.3120187e-06
-2.8523598e-06
9.5021469e-06
-3.0547082e-07
9.6875077e-06
-2.6748005e-07
9.8642429e-06
-2.4775485e-07
1.00066e-05
-1.9538758e-07
1.0108572e-05
-1.3160631e-07
1.0180007e-05
-7.2959979e-08
1.0255729e-05
-2.5802597e-08
1.0357751e-05
1.639411e-08
1.0494607e-05
8.1377205e-08
1.0688319e-05
1.6787481e-07
1.0932523e-05
3.1952465e-07
1.1197599e-05
5.7237604e-07
1.1428344e-05
9.5555813e-07
1.1637225e-05
1.4022478e-06
1.1799986e-05
1.8984019e-06
1.1905138e-05
2.3793584e-06
1.1941251e-05
2.8029428e-06
1.1904994e-05
3.1453406e-06
1.1813002e-05
3.3910554e-06
1.1700444e-05
3.5334898e-06
1.1605121e-05
3.5819789e-06
1.15517e-05
3.55905e-06
1.1548044e-05
3.4881776e-06
1.1587848e-05
3.3877743e-06
1.1652533e-05
3.2712348e-06
1.170261e-05
3.1539369e-06
1.1654539e-05
3.0636078e-06
1.1338147e-05
3.0573387e-06
1.0406172e-05
3.2660203e-06
4.021431e-06
9.1124182e-06
-2.2850012e-07
9.0834548e-06
-3.4188063e-07
9.0869099e-06
-3.6034489e-07
9.1364579e-06
-3.5505507e-07
9.2307784e-06
-3.3174787e-07
9.3642811e-06
-3.0057949e-07
9.5405073e-06
-2.7476031e-07
9.7755439e-06
-2.5774017e-07
1.0094771e-05
-2.2635945e-07
1.0528431e-05
-1.6232462e-07
1.1101727e-05
-1.4894054e-08
1.1794147e-05
3.15382e-07
1.2509536e-05
9.4703614e-07
1.3138645e-05
1.8024047e-06
1.3619294e-05
2.7631389e-06
1.3895522e-05
3.6908705e-06
1.3956292e-05
4.473849e-06
1.3834946e-05
5.082202e-06
1.3601921e-05
5.5111747e-06
1.3341588e-05
5.7672754e-06
1.3116789e-05
5.8699351e-06
1.2952707e-05
5.8536793e-06
1.2850235e-05
5.7498505e-06
1.2796132e-05
5.5810178e-06
1.2769562e-05
5.3574292e-06
1.2730977e-05
5.0939342e-06
1.2599727e-05
4.8287298e-06
1.2225358e-05
4.6505322e-06
1.1366594e-05
4.7416989e-06
5.3278715e-06
9.1688929e-06
-2.1007435e-07
8.9989215e-06
-2.7944369e-07
8.8148208e-06
-2.9269753e-07
8.6290665e-06
-2.9200761e-07
8.4541323e-06
-2.8421322e-07
8.295247e-06
-2.7179543e-07
8.1491102e-06
-2.6027285e-07
8.0124321e-06
-2.5546349e-07
7.9037292e-06
-2.5945766e-07
7.8676141e-06
-2.7937172e-07
8.0224546e-06
-3.2932821e-07
8.532076e-06
-3.3147137e-07
9.4288558e-06
-1.5475081e-08
1.0607023e-05
6.5404927e-07
1.166411e-05
1.7773637e-06
1.2465631e-05
2.8828414e-06
1.2923268e-05
3.7179656e-06
1.3077617e-05
4.3088164e-06
1.3035285e-05
4.7030094e-06
1.2914947e-05
4.9309694e-06
1.2803893e-05
5.013206e-06
1.2721006e-05
4.9642204e-06
1.2657772e-05
4.8145292e-06
1.2587474e-05
4.595006e-06
1.2497318e-05
4.3331122e-06
1.2370992e-05
4.0481043e-06
1.2176843e-05
3.7706498e-06
1.187233e-05
3.571863e-06
1.1363657e-05
3.6221088e-06
4.2825437e-06
8.9791278e-06
8.5952609e-06
8.1903485e-06
7.7815462e-06
7.3777186e-06
6.9852358e-06
6.603672e-06
6.224312e-06
5.832232e-06
5.3994018e-06
4.871308e-06
4.24825e-06
3.7750815e-06
3.7370003e-06
4.4607249e-06
5.6570674e-06
6.7188632e-06
7.5571899e-06
8.2182473e-06
8.7769807e-06
9.2652981e-06
9.6937333e-06
1.0040169e-05
1.0283705e-05
1.0413826e-05
1.0443588e-05
1.0404686e-05
1.0396001e-05
1.070477e-05
)
;

boundaryField
{
    maxY
    {
        type            calculated;
        value           nonuniform List<scalar> 
300
(
0
0
0
0
0
0
0
0
0
0
0
0
0
0
0
0
0
0
0
0
0
0
0
0
0
0
0
0
0
0
0
0
0
0
0
0
0
0
0
0
0
0
0
0
0
0
0
0
0
0
0
0
0
0
0
0
0
0
0
0
0
0
0
0
0
0
0
0
0
0
0
0
0
0
0
0
0
0
0
0
0
0
0
0
0
0
0
0
0
0
0
0
0
0
0
0
0
0
0
0
0
0
0
0
0
0
0
0
0
0
0
0
0
0
0
0
0
0
0
0
0
0
0
0
0
0
0
0
0
0
0
0
0
0
0
0
0
0
0
0
0
0
0
0
0
0
0
0
0
0
0
0
0
0
0
3.2311743e-27
0
0
0
0
3.2311743e-27
0
0
0
-3.2311743e-27
-3.2311743e-27
0
0
0
3.2311743e-27
3.2311743e-27
0
0
0
3.2311743e-27
0
0
0
0
0
0
0
0
0
0
0
0
0
0
0
0
0
-3.2311743e-27
0
0
0
0
0
0
0
-3.2311743e-27
0
-3.2311743e-27
0
0
-3.2311743e-27
-3.2311743e-27
0
0
3.2311743e-27
0
0
0
0
0
0
0
0
3.2311743e-27
0
0
0
3.2311743e-27
0
0
0
0
0
-3.2311743e-27
0
0
0
0
0
3.2311743e-27
-3.2311743e-27
0
0
0
0
0
0
0
0
0
0
0
-3.2311743e-27
0
0
0
0
0
0
0
0
0
0
0
0
0
0
0
0
0
0
0
0
0
0
0
0
0
0
0
0
0
0
0
0
0
0
0
0
0
0
0
0
0
0
0
0
0
0
0
0
0
0
0
0
)
;
    }
    minX
    {
        type            calculated;
        value           nonuniform List<scalar> 
40
(
-9.2689775e-06
-9.2689695e-06
-9.2689611e-06
-9.2689527e-06
-9.2689775e-06
-9.2689694e-06
-9.2689611e-06
-9.2689527e-06
-9.2689775e-06
-9.2689694e-06
-9.268961e-06
-9.2689527e-06
-9.2689775e-06
-9.2689694e-06
-9.268961e-06
-9.2689527e-06
-9.2689774e-06
-9.2689694e-06
-9.268961e-06
-9.2689527e-06
-9.2689774e-06
-9.2689694e-06
-9.268961e-06
-9.2689527e-06
-9.2689775e-06
-9.2689694e-06
-9.268961e-06
-9.2689527e-06
-9.2689775e-06
-9.2689694e-06
-9.268961e-06
-9.2689527e-06
-9.2689775e-06
-9.2689694e-06
-9.2689611e-06
-9.2689527e-06
-9.2689775e-06
-9.2689695e-06
-9.2689611e-06
-9.2689527e-06
)
;
    }
    maxX
    {
        type            calculated;
        value           nonuniform List<scalar> 
40
(
7.5925876e-06
9.2205224e-06
9.8474302e-06
1.1614986e-05
1.1488651e-05
1.8898305e-05
1.245603e-05
9.5319052e-06
1.1474341e-05
1.2849248e-05
6.1808247e-06
1.1581861e-05
7.177713e-06
1.1098232e-05
5.099763e-06
6.2200895e-06
4.7493785e-06
6.4990091e-06
5.8885237e-06
3.3172111e-06
5.5264066e-06
8.1194621e-06
7.1324289e-06
3.2460655e-06
7.8404136e-06
1.2267349e-05
6.8901403e-06
2.4839977e-06
1.259036e-05
1.4444771e-05
7.8301502e-06
3.4681041e-06
1.2078711e-05
1.9831643e-05
1.3345043e-05
1.0475983e-05
8.1212841e-06
9.8064658e-06
1.0390996e-05
1.2133565e-05
)
;
    }
    minZ
    {
        type            calculated;
        value           uniform 0;
    }
    maxZ
    {
        type            calculated;
        value           uniform 0;
    }
    topAir_to_rightSolid
    {
        type            calculated;
        value           nonuniform List<scalar> 
130
(
2.1175824e-22
2.1175824e-22
0
0
0
0
0
0
0
0
0
0
0
0
0
0
0
0
0
0
0
0
0
0
0
0
0
0
0
0
0
0
0
0
0
0
0
0
0
0
0
2.1175824e-22
0
0
0
0
0
0
0
0
0
0
0
0
2.1175824e-22
0
0
0
-2.1175824e-22
0
0
0
0
0
0
0
0
-2.1175824e-22
0
0
0
-2.1175824e-22
-2.1175824e-22
-2.1175824e-22
0
0
2.1175824e-22
2.1175824e-22
0
2.1175824e-22
0
0
2.1175824e-22
0
0
0
0
0
0
0
0
0
0
0
0
0
0
0
-4.2351647e-22
0
0
0
0
0
0
0
0
0
0
0
0
0
0
0
0
0
0
0
0
-2.1175824e-22
0
0
0
0
0
0
0
0
0
0
)
;
    }
    topAir_to_heater
    {
        type            calculated;
        value           nonuniform List<scalar> 
40
(
0
0
0
0
2.1175824e-22
0
0
0
-2.1175824e-22
0
0
0
0
0
0
0
0
0
0
0
0
0
0
0
0
0
0
0
0
-2.1175824e-22
0
0
0
0
0
0
0
0
0
0
)
;
    }
    topAir_to_leftSolid
    {
        type            calculated;
        value           nonuniform List<scalar> 
130
(
0
0
4.2351647e-22
0
0
0
0
0
0
0
0
0
0
0
0
0
0
0
0
0
0
0
0
0
0
0
0
0
0
0
0
0
-4.2351647e-22
0
0
0
0
0
0
0
0
0
0
0
0
0
0
0
0
0
0
0
0
0
0
0
0
0
0
0
0
0
0
0
0
0
0
0
0
0
0
0
0
0
0
0
0
0
0
0
0
0
0
0
0
0
0
0
0
0
0
0
0
0
0
0
0
-4.2351647e-22
0
0
0
0
0
0
0
0
0
0
-4.2351647e-22
0
0
0
0
0
0
0
0
0
4.2351647e-22
0
4.2351647e-22
0
0
0
0
0
0
0
0
2.1175824e-22
)
;
    }
}


// ************************************************************************* //
