/*--------------------------------*- C++ -*----------------------------------*\
| =========                 |                                                 |
| \\      /  F ield         | OpenFOAM: The Open Source CFD Toolbox           |
|  \\    /   O peration     | Version:  v2012                                 |
|   \\  /    A nd           | Website:  www.openfoam.com                      |
|    \\/     M anipulation  |                                                 |
\*---------------------------------------------------------------------------*/
FoamFile
{
    version     2.0;
    format      ascii;
    class       volVectorField;
    location    "140/topAir";
    object      U;
}
// * * * * * * * * * * * * * * * * * * * * * * * * * * * * * * * * * * * * * //

dimensions      [0 1 -1 0 0 0 0];


internalField   nonuniform List<vector> 
1200
(
(0.10199198 -0.001657141 0.00085448003)
(0.11078312 -0.001863166 0.0012821483)
(0.11835507 -0.0018680038 0.0013882414)
(0.12413083 -0.0016068077 0.001318753)
(0.1291045 -0.0011154934 0.0011019877)
(0.13373562 -0.0005121697 0.00071247488)
(0.13808961 0.00013234361 0.00011325805)
(0.14234886 0.00079263397 -0.00071992256)
(0.14669211 0.0014572252 -0.0019147095)
(0.15126399 0.0022107825 -0.0036565807)
(0.1562361 0.0032175011 -0.0061772766)
(0.16161875 0.0047074522 -0.0097490621)
(0.16692471 0.0069733572 -0.014635288)
(0.17141903 0.010013912 -0.020997799)
(0.17460979 0.013956905 -0.02874331)
(0.17620599 0.018451981 -0.037463871)
(0.17619747 0.022870902 -0.046489026)
(0.17500506 0.02663988 -0.055057403)
(0.17330026 0.029461473 -0.062527044)
(0.17167964 0.031315502 -0.068503496)
(0.17048597 0.032314 -0.072877182)
(0.169861 0.032614378 -0.075763896)
(0.16985564 0.032384252 -0.077377119)
(0.17045866 0.031778364 -0.077908634)
(0.17153989 0.030958523 -0.077452271)
(0.17271583 0.030147428 -0.075963651)
(0.17312253 0.029750357 -0.073214443)
(0.17097814 0.030653942 -0.068705835)
(0.16326065 0.034902084 -0.061515947)
(0.12183742 0.048706764 -0.049366165)
(0.098783806 -0.0027623935 0.00084873772)
(0.098548186 -0.0035629291 0.0012875764)
(0.098568363 -0.0037972008 0.0014819104)
(0.098736104 -0.0036016975 0.0015905445)
(0.099230256 -0.0031069397 0.0016496111)
(0.1001155 -0.0024874558 0.0016549684)
(0.10135398 -0.0018555593 0.0015979898)
(0.10293087 -0.0012787663 0.001462857)
(0.10508799 -0.0006895072 0.0012037298)
(0.10812175 0.00012366487 0.00071115527)
(0.11241307 0.0015423405 -0.00018081965)
(0.11853912 0.0042160545 -0.0016980139)
(0.12660551 0.0089383792 -0.0041478555)
(0.13622426 0.015951783 -0.0078845343)
(0.14628559 0.025270325 -0.013113377)
(0.1553058 0.036086806 -0.019641103)
(0.1621482 0.046891548 -0.026846053)
(0.16657176 0.056332034 -0.033946681)
(0.16905159 0.063775041 -0.040303857)
(0.1702485 0.069212831 -0.045536459)
(0.17070524 0.072837471 -0.049525964)
(0.17083448 0.074904677 -0.052319105)
(0.17093117 0.07571027 -0.053998048)
(0.17116359 0.075540654 -0.054622134)
(0.17153683 0.074690061 -0.05417357)
(0.17180479 0.07355628 -0.05248415)
(0.17131662 0.072863916 -0.049098233)
(0.16872994 0.07416554 -0.042918357)
(0.1628254 0.080694528 -0.031605646)
(0.13184244 0.097626236 -0.010680973)
(0.098948694 -0.0024703453 0.00087113175)
(0.098447119 -0.0036070906 0.0013278778)
(0.097201183 -0.0039867095 0.0015383392)
(0.095445174 -0.0040808973 0.0016691479)
(0.0936161 -0.0040427498 0.0017725326)
(0.091896574 -0.0039365507 0.0018609482)
(0.090293944 -0.0038242135 0.0019474659)
(0.088753825 -0.0037828643 0.0020539214)
(0.087243914 -0.0037602358 0.0022218724)
(0.085828877 -0.0036787507 0.0024984433)
(0.084720663 -0.0034285749 0.002908108)
(0.084464277 -0.0026100414 0.0033781911)
(0.086671487 0.00011039313 0.0035868673)
(0.093085304 0.0067283749 0.0030689971)
(0.10329149 0.018541034 0.0015412166)
(0.11566177 0.034443871 -0.0010265975)
(0.12762163 0.051385576 -0.003936321)
(0.13784998 0.066551848 -0.0064465047)
(0.14617806 0.078570543 -0.0083314229)
(0.15265787 0.087208018 -0.0097742498)
(0.15738286 0.092782571 -0.011034801)
(0.16065221 0.095754669 -0.012356593)
(0.16282467 0.096588311 -0.013640812)
(0.16415389 0.095757636 -0.014582957)
(0.16469875 0.093706927 -0.014885928)
(0.1642914 0.090890308 -0.014115237)
(0.16251962 0.087991108 -0.011749236)
(0.15858557 0.086478467 -0.006882397)
(0.15252019 0.089785724 0.0021588231)
(0.1250398 0.10436966 0.018804433)
(0.096938256 -0.0014209234 0.00083820439)
(0.09496571 -0.0020841664 0.0012578946)
(0.091600694 -0.0022908642 0.0014299389)
(0.087394735 -0.0023319257 0.0015199535)
(0.083113833 -0.0022934184 0.0015830305)
(0.079001036 -0.0021950245 0.0016331336)
(0.075037397 -0.0020613768 0.0016860384)
(0.071160135 -0.001922137 0.0017684136)
(0.067295544 -0.0017889529 0.0019217263)
(0.063328328 -0.0016951516 0.002211538)
(0.059047813 -0.0017762892 0.0027447877)
(0.054116453 -0.0022890829 0.0037108833)
(0.048183703 -0.0030129887 0.0054323775)
(0.041188478 -0.0022569842 0.0083220306)
(0.036992003 0.0044491379 0.012375291)
(0.04069238 0.018800932 0.017107617)
(0.051230958 0.035520858 0.021947778)
(0.064614022 0.049862089 0.026839922)
(0.078660086 0.06069857 0.031575253)
(0.091984343 0.06820431 0.035801898)
(0.10369288 0.072901512 0.039208738)
(0.11338282 0.075245579 0.041644129)
(0.12108842 0.075572194 0.043072571)
(0.12698594 0.074268803 0.043680689)
(0.13109178 0.071752078 0.043830194)
(0.13324984 0.068473696 0.043986681)
(0.13325794 0.065025228 0.044647972)
(0.13120801 0.06254113 0.046320878)
(0.13048624 0.063899936 0.049260954)
(0.1360876 0.075637613 0.05222426)
(0.10325454 -0.001649094 0.0010365282)
(0.11291094 -0.0018551837 0.0014991576)
(0.12174537 -0.0019168501 0.001585681)
(0.12891275 -0.0017842842 0.0014801333)
(0.13514876 -0.0015051023 0.0012222963)
(0.14082454 -0.0012027565 0.00079368484)
(0.14600623 -0.00095856808 0.00016267434)
(0.15066402 -0.00083220315 -0.00071119581)
(0.15475942 -0.00087056492 -0.0019748452)
(0.15826773 -0.0011189227 -0.0037995384)
(0.16117419 -0.0016440652 -0.0063910921)
(0.1634308 -0.0025066055 -0.0099892073)
(0.16479175 -0.0037489276 -0.014799288)
(0.16510218 -0.0056447503 -0.020893163)
(0.16485742 -0.0079398925 -0.028077815)
(0.16464515 -0.0103591 -0.03585974)
(0.16482409 -0.012520297 -0.043594527)
(0.16552669 -0.014112162 -0.050683231)
(0.16671209 -0.015081971 -0.056692317)
(0.16821754 -0.015563344 -0.061380612)
(0.16980633 -0.015795285 -0.064734369)
(0.17133322 -0.015979376 -0.066906155)
(0.17284878 -0.016180323 -0.068093969)
(0.17453662 -0.016397483 -0.06841426)
(0.17659049 -0.016579977 -0.067850327)
(0.17910852 -0.016553138 -0.066269956)
(0.18199964 -0.01582577 -0.063460107)
(0.18485085 -0.012969818 -0.059122725)
(0.18669358 -0.0041874273 -0.05296483)
(0.17015892 0.020643913 -0.043719702)
(0.10008882 -0.0027636674 0.0010901376)
(0.10081672 -0.0035885404 0.0016761258)
(0.10225102 -0.0039212885 0.0019270902)
(0.10403394 -0.0039170671 0.0020485588)
(0.10609145 -0.0037166407 0.0020965985)
(0.10841434 -0.0034991879 0.002068194)
(0.11094125 -0.0033814117 0.0019501175)
(0.1136079 -0.0034570932 0.0017150067)
(0.11637887 -0.0038103951 0.0013097528)
(0.11924589 -0.0045385754 0.00062971764)
(0.12220023 -0.0057671436 -0.00046031102)
(0.12521305 -0.007601202 -0.0021104618)
(0.1283051 -0.010118979 -0.0045317379)
(0.13143436 -0.013584624 -0.0079048026)
(0.13463946 -0.017564122 -0.012255964)
(0.13811734 -0.021358137 -0.01732796)
(0.14197003 -0.024008709 -0.022603372)
(0.14608246 -0.024897716 -0.027567163)
(0.15015266 -0.024131861 -0.031789233)
(0.15382543 -0.022195829 -0.034963761)
(0.15678504 -0.019793583 -0.037090459)
(0.15898746 -0.017625405 -0.038401547)
(0.16064058 -0.015965755 -0.039163043)
(0.16201645 -0.014892045 -0.039393463)
(0.16344611 -0.014424565 -0.038791333)
(0.16542882 -0.014381907 -0.036860002)
(0.16898689 -0.014421067 -0.032969206)
(0.17636049 -0.013635542 -0.026174546)
(0.19352659 -0.0097616192 -0.014712739)
(0.24659618 0.0045721511 -0.00071933634)
(0.10025979 -0.0024967616 0.0011073273)
(0.10072789 -0.0036552693 0.0017128128)
(0.10092791 -0.0040688161 0.0019973302)
(0.10086917 -0.004226523 0.0021692009)
(0.10074708 -0.004286212 0.0022964905)
(0.10067671 -0.0043159677 0.0023911439)
(0.10066928 -0.0043763531 0.0024624875)
(0.10069776 -0.004531729 0.0025258145)
(0.10073783 -0.0048526041 0.0026082908)
(0.10077812 -0.0054334514 0.0027309238)
(0.10082176 -0.0064146281 0.0028795568)
(0.10089828 -0.0079941196 0.0029623088)
(0.10109791 -0.010383583 0.0028476326)
(0.10166202 -0.013788946 0.0025130969)
(0.10294405 -0.018138358 0.0021137633)
(0.105309 -0.022803843 0.0020372484)
(0.10915667 -0.026389095 0.0029515883)
(0.11454555 -0.027989051 0.0049649752)
(0.12068151 -0.027917351 0.0079327547)
(0.12656466 -0.026635301 0.011789102)
(0.13126185 -0.0248663 0.016070015)
(0.13431542 -0.022619198 0.020629566)
(0.1363065 -0.019914098 0.025438435)
(0.13817947 -0.017379657 0.030119777)
(0.14039063 -0.01537544 0.034756206)
(0.14271043 -0.014365681 0.039125942)
(0.14536112 -0.014371242 0.043700803)
(0.14900328 -0.015054505 0.049219657)
(0.15573061 -0.015831501 0.057140573)
(0.17320159 -0.015998948 0.069947648)
(0.098192623 -0.0014474638 0.0010806398)
(0.097131192 -0.0021380927 0.0016667877)
(0.095140418 -0.0023742936 0.0019359736)
(0.0925492 -0.0024540616 0.0020897277)
(0.089882266 -0.0024658327 0.0021961439)
(0.087320849 -0.0024324585 0.0022700694)
(0.08486074 -0.0023814722 0.0023262312)
(0.082468807 -0.0023465048 0.002388889)
(0.080114989 -0.0023642639 0.0024938021)
(0.077755441 -0.0024882046 0.0026951601)
(0.075307817 -0.002814721 0.003079811)
(0.072618651 -0.0035204761 0.0037975396)
(0.069438154 -0.0048642985 0.0050963692)
(0.065388217 -0.0070151218 0.0073299478)
(0.060231708 -0.0093937092 0.011383915)
(0.054783116 -0.0097649664 0.019261665)
(0.05156592 -0.0054009796 0.032090278)
(0.053024287 0.0034379608 0.047953876)
(0.058950839 0.013444734 0.063446356)
(0.067134052 0.022062383 0.076799831)
(0.075628135 0.028579141 0.087560726)
(0.083296451 0.033050725 0.095113037)
(0.089991575 0.034824843 0.099142371)
(0.095482332 0.03452328 0.10095688)
(0.099824308 0.032749823 0.10146406)
(0.10283651 0.029898725 0.10134015)
(0.10433514 0.026423675 0.10109056)
(0.10448873 0.022605646 0.10078949)
(0.10475504 0.01900875 0.10026765)
(0.10982899 0.016259109 0.099216351)
(0.10313102 -0.0016618477 0.00039086166)
(0.11258926 -0.0018645866 0.00065841914)
(0.12134249 -0.0019037414 0.00079656905)
(0.12854651 -0.0017285401 0.00085366601)
(0.13487817 -0.0013903452 0.00085948362)
(0.14067216 -0.0010210552 0.00082542681)
(0.1459481 -0.00070710548 0.00075522427)
(0.15065525 -0.0004862224 0.00063293796)
(0.15479557 -0.00036003679 0.00044254969)
(0.15839062 -0.00034578614 0.00018131534)
(0.16140633 -0.00046482292 -0.00016343001)
(0.16374935 -0.00074345776 -0.00062402411)
(0.16505409 -0.001209145 -0.0012521379)
(0.16496291 -0.0022586455 -0.0022044534)
(0.1638453 -0.0038187515 -0.0036761594)
(0.16220167 -0.0060297733 -0.0058628775)
(0.16051524 -0.009009786 -0.0089999692)
(0.15938988 -0.01261611 -0.013201068)
(0.1593539 -0.01634081 -0.018140377)
(0.16041982 -0.019547311 -0.023013815)
(0.16204083 -0.022006511 -0.027178161)
(0.16366392 -0.023915393 -0.030407712)
(0.16513142 -0.025562767 -0.032730082)
(0.16664072 -0.027087128 -0.034226621)
(0.16848503 -0.028427528 -0.034956675)
(0.17086748 -0.029411459 -0.034997914)
(0.173883 -0.029694866 -0.034529277)
(0.17752121 -0.028176624 -0.033876235)
(0.18185481 -0.020772519 -0.033842642)
(0.17363145 0.004100389 -0.035314919)
(0.099966267 -0.0027676816 0.00039502897)
(0.10047255 -0.0035781518 0.00068707384)
(0.101807 -0.0038735385 0.00085369238)
(0.10362574 -0.0038075767 0.00094044726)
(0.10578021 -0.0035247811 0.00097251383)
(0.1082139 -0.0032107451 0.00094874597)
(0.11083982 -0.0029804293 0.00085701717)
(0.11356798 -0.0028864669 0.00067631557)
(0.11633789 -0.0029435834 0.00037625078)
(0.11911624 -0.0031934659 -8.6173837e-05)
(0.12186006 -0.0036990996 -0.00077670011)
(0.1245209 -0.0045393096 -0.0018013812)
(0.12707168 -0.005811136 -0.0033090032)
(0.12935364 -0.0079830716 -0.0055075991)
(0.13123055 -0.011021949 -0.0086713127)
(0.1327892 -0.015061993 -0.013099471)
(0.13426108 -0.020044847 -0.018922686)
(0.13599151 -0.025392296 -0.025734747)
(0.13820607 -0.030070596 -0.0323872)
(0.14057237 -0.033075843 -0.037609495)
(0.14222436 -0.034381816 -0.041193521)
(0.14261147 -0.034794434 -0.043581507)
(0.14188587 -0.035165866 -0.045223049)
(0.14064879 -0.03586397 -0.046257249)
(0.13950573 -0.036736943 -0.046555971)
(0.13905976 -0.037490539 -0.045891537)
(0.1400966 -0.037888604 -0.04445638)
(0.14477064 -0.037504316 -0.04293607)
(0.16037647 -0.032435482 -0.04389604)
(0.21433195 -0.013740363 -0.051606938)
(0.10014091 -0.0024900327 0.00040080095)
(0.10039798 -0.0036408724 0.00069977245)
(0.10050882 -0.0040349549 0.00088115333)
(0.10050139 -0.0041625518 0.00099009704)
(0.10050608 -0.0041817338 0.0010518063)
(0.10060311 -0.0041559988 0.0010677013)
(0.1007966 -0.0041351275 0.0010315544)
(0.10105575 -0.0041601789 0.00093376695)
(0.10134826 -0.0042685971 0.00075816498)
(0.10164687 -0.0045127235 0.00047385783)
(0.10191914 -0.0049763207 2.1727545e-05)
(0.10211882 -0.005772313 -0.00070138034)
(0.10220776 -0.0070653569 -0.0018676334)
(0.1020633 -0.0091454821 -0.0037018088)
(0.1015191 -0.012278094 -0.0066000855)
(0.10058615 -0.016732725 -0.011063637)
(0.099591274 -0.022437233 -0.017070099)
(0.099157719 -0.028521438 -0.023350951)
(0.099871514 -0.033502709 -0.027793508)
(0.10133846 -0.036057319 -0.02920579)
(0.10191785 -0.036423125 -0.029030805)
(0.10031421 -0.035862102 -0.028836744)
(0.096836012 -0.035548537 -0.029101234)
(0.092862467 -0.035998368 -0.029278866)
(0.089531226 -0.037173523 -0.028229851)
(0.088411996 -0.038612318 -0.024304535)
(0.089736291 -0.040665333 -0.017649591)
(0.09463405 -0.04423164 -0.0095795374)
(0.105935 -0.049402566 -0.0023556867)
(0.15550634 -0.053073549 -0.0058231606)
(0.098076504 -0.0014415161 0.00039123669)
(0.096807327 -0.0021257137 0.00067852944)
(0.094729608 -0.0023528026 0.0008495116)
(0.092191424 -0.0024218126 0.0009493635)
(0.089655041 -0.0024204846 0.0010044995)
(0.087267937 -0.0023694301 0.001018885)
(0.085021555 -0.0022928918 0.00099008425)
(0.082884962 -0.002218048 0.00091508641)
(0.080833153 -0.0021693564 0.00078912091)
(0.078839135 -0.0021741676 0.00060388876)
(0.076861963 -0.0022736048 0.00034687462)
(0.074838569 -0.0025360594 7.4647521e-06)
(0.072675447 -0.0030791543 -0.00042412088)
(0.070191562 -0.0041329663 -0.00096425348)
(0.0670849 -0.0060090347 -0.0015859593)
(0.063068506 -0.0089986079 -0.0018150247)
(0.058234179 -0.012710443 -3.0669758e-05)
(0.053738076 -0.015192298 0.0064868983)
(0.052141919 -0.013645064 0.019796154)
(0.054424121 -0.0076777836 0.037898133)
(0.05832523 0.00043299871 0.056130738)
(0.061668114 0.0081137084 0.069751073)
(0.064666403 0.013482336 0.078110359)
(0.067792266 0.01608212 0.082520373)
(0.070901126 0.016055867 0.084321019)
(0.073379421 0.013776371 0.08440596)
(0.074548031 0.0094469898 0.083114613)
(0.074149791 0.0031033023 0.079912839)
(0.075650731 -0.0060051907 0.076435183)
(0.099230775 -0.015193 0.051819774)
(0.10310491 -0.0016615333 0.00021427643)
(0.11249086 -0.0018598017 0.00039406034)
(0.12116705 -0.001887956 0.0005173542)
(0.12831808 -0.001691141 0.00059010454)
(0.13462415 -0.0013147514 0.00062457182)
(0.14041856 -0.00088343467 0.00062844121)
(0.1457296 -0.00047206398 0.00060559402)
(0.15054876 -0.00010080975 0.00056016415)
(0.15490605 0.0002353929 0.00051246596)
(0.15883996 0.00054922488 0.00047225608)
(0.16236692 0.00085857716 0.0004524412)
(0.1654621 0.0012013656 0.0004858972)
(0.16777451 0.0016470499 0.00063101303)
(0.16901997 0.0017944006 0.00082225545)
(0.16962085 0.0019065371 0.001007097)
(0.1700683 0.0019459864 0.0012350051)
(0.17053466 0.0017433583 0.0015368977)
(0.17121328 0.0010573825 0.0019287709)
(0.17251011 -0.00022254305 0.00242818)
(0.17460456 -0.0016645099 0.0032143831)
(0.1770204 -0.0031109305 0.004243317)
(0.17930419 -0.004602299 0.005373424)
(0.18138786 -0.0062181322 0.0066358772)
(0.18340364 -0.0079370807 0.0082259493)
(0.18536576 -0.0096034223 0.010357812)
(0.18700299 -0.010965497 0.01295364)
(0.18777557 -0.011498505 0.015272529)
(0.18674176 -0.0091979217 0.015633932)
(0.18226406 0.00092732233 0.011631067)
(0.12904538 0.030804936 -0.0041783006)
(0.099940152 -0.0027672102 0.00021854933)
(0.10036088 -0.0035716069 0.00041294731)
(0.10158916 -0.0038502285 0.00055043384)
(0.10331709 -0.0037507481 0.0006318008)
(0.10539742 -0.0034093541 0.00066653413)
(0.1077625 -0.0030003985 0.00065767873)
(0.11032044 -0.0026210694 0.00060155026)
(0.11298479 -0.002297188 0.00049056425)
(0.11569923 -0.0020255688 0.00031474425)
(0.11842424 -0.0017997262 5.6892597e-05)
(0.12113529 -0.0016176274 -0.00031284039)
(0.12381345 -0.0014669942 -0.00082896835)
(0.12647693 -0.0012902095 -0.0015386632)
(0.128942 -0.0016064531 -0.0025148588)
(0.13112686 -0.0022338903 -0.003882371)
(0.13308017 -0.0033812124 -0.0058106901)
(0.13489092 -0.0055155919 -0.0084879503)
(0.13673784 -0.0092367014 -0.011982567)
(0.13880936 -0.014311177 -0.015822661)
(0.14101255 -0.018318248 -0.019141919)
(0.1424047 -0.020867109 -0.021900286)
(0.14264047 -0.022253596 -0.024312716)
(0.14198054 -0.023090902 -0.026367601)
(0.14078712 -0.023803749 -0.027778457)
(0.13919132 -0.024426213 -0.028200613)
(0.13710338 -0.024749954 -0.027521925)
(0.13489118 -0.024206619 -0.026609071)
(0.13405783 -0.020750448 -0.028185566)
(0.14489754 -0.0013798902 -0.040585755)
(0.15533716 0.044972486 -0.057124344)
(0.10011591 -0.0024869105 0.000220366)
(0.10029101 -0.0036343643 0.00041621439)
(0.10029792 -0.0040199968 0.0005585955)
(0.10019849 -0.0041311691 0.0006476324)
(0.1001256 -0.0041232329 0.00069165155)
(0.1001501 -0.0040539278 0.00069303392)
(0.10027135 -0.0039632942 0.00064788699)
(0.10045811 -0.0038777069 0.0005483664)
(0.10067778 -0.0038147977 0.00038262234)
(0.10089825 -0.003794624 0.00013190648)
(0.10108644 -0.0038443142 -0.00023350091)
(0.10120226 -0.0040109953 -0.00076311685)
(0.10120797 -0.004338205 -0.0015399725)
(0.10101056 -0.005037798 -0.0026651439)
(0.10042875 -0.0062856079 -0.0042766872)
(0.099276273 -0.0084452149 -0.0065966774)
(0.097424011 -0.012207962 -0.0099405543)
(0.095018437 -0.018582138 -0.014442885)
(0.09214589 -0.026906024 -0.019062327)
(0.08912415 -0.031375484 -0.021075054)
(0.085405652 -0.032825389 -0.020305111)
(0.080119531 -0.032253263 -0.019008606)
(0.073763256 -0.031487995 -0.018531046)
(0.066829622 -0.031577858 -0.018229278)
(0.05974812 -0.032580881 -0.016982487)
(0.05277644 -0.034343321 -0.013659605)
(0.045118833 -0.037545579 -0.0069097691)
(0.041436103 -0.042585516 -0.0034292391)
(0.042772375 -0.028620246 -0.027380513)
(0.084424748 0.019882229 -0.065217749)
(0.098051853 -0.0014429138 0.00021483958)
(0.096702769 -0.0021289512 0.00040324079)
(0.094523876 -0.0023556891 0.00053810269)
(0.091895913 -0.0024211266 0.00061980008)
(0.089284429 -0.002412129 0.00065690722)
(0.086827666 -0.0023471446 0.00065278008)
(0.084510938 -0.0022470418 0.00060489863)
(0.082300013 -0.0021340697 0.0005071773)
(0.08016527 -0.0020254166 0.00035011487)
(0.078071333 -0.0019363261 0.00011942005)
(0.075977004 -0.0018844057 -0.00020560953)
(0.073825422 -0.0018952876 -0.00065463505)
(0.071522978 -0.0020125332 -0.0012725931)
(0.06891853 -0.002349471 -0.0021185494)
(0.065753243 -0.0030864994 -0.0032605593)
(0.06164132 -0.0045732653 -0.0048176707)
(0.056107907 -0.0075617463 -0.0071195648)
(0.048918015 -0.013521641 -0.010965971)
(0.039031916 -0.022018938 -0.01632272)
(0.02778553 -0.022275867 -0.013149021)
(0.028750185 -0.019158016 0.006893019)
(0.02676326 -0.011471592 0.028513554)
(0.027306046 -0.0050432454 0.041835694)
(0.029608837 -0.0018765121 0.047986909)
(0.031742029 -0.0017283034 0.04988896)
(0.031763047 -0.0040950715 0.049470491)
(0.027004459 -0.0093719609 0.047429468)
(0.02082219 -0.019364802 0.040362307)
(-0.021172243 -0.023956352 0.0017186032)
(0.0061145826 0.029987656 -0.052019254)
(0.10309026 -0.0016640516 5.8809117e-05)
(0.11243927 -0.0018642648 0.00010685319)
(0.12107349 -0.0018932991 0.00013671281)
(0.12819188 -0.0016955759 0.00014974692)
(0.13447849 -0.0013155268 0.00015045298)
(0.14026465 -0.00087752203 0.00014243521)
(0.14557695 -0.00045672417 0.00012789677)
(0.15040685 -7.3861572e-05 0.00010835874)
(0.15478151 0.00027498327 8.5085358e-05)
(0.15874033 0.00060342881 5.6698296e-05)
(0.16231881 0.00093123899 2.3386318e-05)
(0.16553423 0.0012868729 -5.1064907e-06)
(0.16786124 0.0017898685 -2.6221545e-06)
(0.16894409 0.0019337661 -4.5358343e-05)
(0.1693634 0.0021045182 -0.00019793549)
(0.16984093 0.0023075985 -0.00045906253)
(0.17091173 0.0023601325 -0.00076014087)
(0.17305283 0.0021495113 -0.00090998896)
(0.17678294 0.0021402379 -0.00060055007)
(0.18190475 0.0031957796 0.00033914734)
(0.1873106 0.0047473429 0.0016915434)
(0.19260399 0.0061867674 0.0031962849)
(0.19813741 0.0074249611 0.0047588498)
(0.20435304 0.0087412301 0.006514926)
(0.21089624 0.010607689 0.0086747943)
(0.21615626 0.013629324 0.011269254)
(0.21700005 0.018183863 0.013816435)
(0.20828964 0.026259794 0.014873977)
(0.18428066 0.041591714 0.011576023)
(0.074844235 0.076017337 2.1513981e-05)
(0.099924773 -0.0027694857 5.9215171e-05)
(0.10030103 -0.0035750444 0.000109998)
(0.10147241 -0.0038523509 0.00014137974)
(0.10314945 -0.0037478621 0.00015299287)
(0.10518864 -0.0033963024 0.00014839677)
(0.10751732 -0.0029711362 0.00012971062)
(0.11003843 -0.00256881 9.6525533e-05)
(0.11266205 -0.0022139322 4.6539508e-05)
(0.11532814 -0.0019019527 -2.4341773e-05)
(0.11799861 -0.0016224351 -0.00012279063)
(0.12064705 -0.0013667666 -0.00025491486)
(0.1232618 -0.001124161 -0.00043281216)
(0.12602341 -0.00066390342 -0.00066652811)
(0.12862633 -0.0006342083 -0.00096539729)
(0.13096126 -0.00071680427 -0.001379509)
(0.1331231 -0.0011270528 -0.0019672846)
(0.13529847 -0.0025425993 -0.0027685175)
(0.13819259 -0.0054481255 -0.0036895629)
(0.14220806 -0.0081708965 -0.0043509399)
(0.14703899 -0.007332003 -0.0046156944)
(0.15028959 -0.0059821912 -0.0052612256)
(0.15182428 -0.0056040627 -0.006711722)
(0.15269296 -0.0058479261 -0.0087055081)
(0.15379716 -0.0058801247 -0.010592059)
(0.1561011 -0.0044413084 -0.01152126)
(0.16091159 0.0007514018 -0.010818127)
(0.16966109 0.013459308 -0.0091065686)
(0.17178006 0.034123035 -0.0079942541)
(0.16280125 0.066567687 -0.01101067)
(0.089961756 0.11847614 -0.022406783)
(0.10010073 -0.0024864433 5.9297408e-05)
(0.10023228 -0.0036337094 0.00010997872)
(0.10018213 -0.0040173157 0.00014204534)
(0.10002924 -0.0041235913 0.00015471724)
(0.099910215 -0.0041073134 0.0001509497)
(0.099890875 -0.0040252387 0.00013217574)
(0.099965148 -0.0039156751 9.7259674e-05)
(0.10009761 -0.0038023143 4.3039821e-05)
(0.10025088 -0.0036987259 -3.574917e-05)
(0.10038858 -0.0036181096 -0.00014743181)
(0.10046058 -0.0035814183 -0.00030427383)
(0.10039187 -0.0036203585 -0.00053186617)
(0.10015736 -0.0036289496 -0.00087597368)
(0.099700512 -0.0038317423 -0.0013807246)
(0.098850475 -0.0043771198 -0.0021109601)
(0.097471264 -0.0056944756 -0.0031626225)
(0.095614311 -0.0088272669 -0.0046340477)
(0.093693882 -0.015273237 -0.0065107152)
(0.09052126 -0.022194869 -0.008261087)
(0.089321897 -0.019360832 -0.0079929566)
(0.082561006 -0.016254077 -0.0086138688)
(0.072013127 -0.015636818 -0.010952719)
(0.060779029 -0.01743056 -0.013804941)
(0.049691302 -0.020265525 -0.015428265)
(0.040360392 -0.022509 -0.01432252)
(0.035782113 -0.022040856 -0.0098386233)
(0.033973796 -0.014262327 -0.0032897809)
(0.065127693 0.014271738 -0.0039337205)
(0.08366278 0.065941187 -0.013038312)
(0.027496136 0.15781412 -0.031994853)
(0.09803685 -0.0014425471 5.7753109e-05)
(0.096644915 -0.002128124 0.00010631772)
(0.094409677 -0.002353467 0.00013617501)
(0.091728081 -0.0024163193 0.00014652718)
(0.089069539 -0.0024035335 0.00014022927)
(0.086566965 -0.0023331215 0.00011874071)
(0.084199046 -0.0022251954 8.089673e-05)
(0.081925703 -0.0021009833 2.3328391e-05)
(0.079711395 -0.0019760218 -5.9595118e-05)
(0.077515058 -0.0018617183 -0.00017626521)
(0.075274199 -0.0017694314 -0.0003386257)
(0.072897162 -0.0017110438 -0.00057128535)
(0.070266183 -0.001690533 -0.00091410975)
(0.067205775 -0.0018001668 -0.0014247747)
(0.063400513 -0.0021905722 -0.0021900993)
(0.058271295 -0.0032123551 -0.0033724456)
(0.050641102 -0.0059065733 -0.0053508467)
(0.038838609 -0.012917466 -0.0092208386)
(0.015250818 -0.021000812 -0.016120247)
(-0.024951667 -0.0049101526 -0.014505901)
(-0.033104161 -0.0042487495 -0.0037899382)
(-0.032928922 -0.0067403804 0.0073891932)
(-0.029680709 -0.0081656709 0.014511631)
(-0.025088643 -0.0099470344 0.018014898)
(-0.022294257 -0.012758331 0.019484844)
(-0.023112695 -0.016311502 0.019802479)
(-0.027957992 -0.01690915 0.017661126)
(-0.025953683 -0.00048538019 0.0088935041)
(0.02790204 0.05936874 -0.015278418)
(0.12543997 0.1504422 -0.033187012)
(0.10309033 -0.001664143 -6.7463866e-05)
(0.11243937 -0.0018643114 -0.00012345486)
(0.12107338 -0.0018932159 -0.0001617371)
(0.12819125 -0.0016952939 -0.00018436)
(0.13447697 -0.0013149638 -0.00019605599)
(0.14026186 -0.00087661108 -0.00020080587)
(0.14557254 -0.00045531801 -0.00020137613)
(0.15040062 -7.1644127e-05 -0.00019995091)
(0.15477317 0.00027846343 -0.00019868247)
(0.15872907 0.00060842188 -0.00019771194)
(0.16230255 0.00093763826 -0.00019906956)
(0.1655076 0.0012939747 -0.00021446765)
(0.16781644 0.0017965149 -0.00027085506)
(0.16887049 0.0019362764 -0.00030249541)
(0.16925255 0.0020916934 -0.00025923146)
(0.16970786 0.0022504545 -0.00014785815)
(0.17074928 0.0022261821 -2.1657266e-05)
(0.17291884 0.0019619635 -5.899353e-05)
(0.17675949 0.0021173159 -0.0005096445)
(0.18188109 0.0033428893 -0.0015760077)
(0.1871369 0.0049493288 -0.0031112518)
(0.19212348 0.0063140397 -0.0048563454)
(0.19722327 0.0073535752 -0.0067398784)
(0.20292659 0.0083127454 -0.0088862039)
(0.20897076 0.009659844 -0.011461378)
(0.21389541 0.012004918 -0.014432326)
(0.21476492 0.015860332 -0.017242534)
(0.20669241 0.023008138 -0.018345492)
(0.18412417 0.037537262 -0.014661081)
(0.078080691 0.072162162 -0.0016788435)
(0.099924623 -0.0027696186 -6.8817049e-05)
(0.10030043 -0.0035751523 -0.00012957644)
(0.10147111 -0.0038523397 -0.00017258326)
(0.10314712 -0.0037476663 -0.00019795831)
(0.10518487 -0.003395845 -0.00020925969)
(0.10751156 -0.0029703502 -0.00020875847)
(0.11002999 -0.0025675268 -0.00019647423)
(0.11265003 -0.0022117901 -0.0001709122)
(0.11531138 -0.0018984833 -0.00012923931)
(0.11797551 -0.0016175833 -6.6574358e-05)
(0.12061395 -0.001362385 2.2945905e-05)
(0.12321457 -0.0011205503 0.00014691621)
(0.12595298 -0.00066337801 0.00031048203)
(0.12851558 -0.00064740119 0.0005156447)
(0.13078189 -0.00077575219 0.00080326293)
(0.13283467 -0.001312174 0.0012258576)
(0.13496213 -0.0029318147 0.0018265089)
(0.13791898 -0.0060563269 0.0025735473)
(0.14210526 -0.0080778486 0.0032000936)
(0.14681741 -0.0068151557 0.0034520533)
(0.1497415 -0.0053887885 0.0040195887)
(0.15088424 -0.0050699115 0.0053465562)
(0.15107442 -0.0055207185 0.007302135)
(0.15104089 -0.0059631508 0.0094256865)
(0.15179042 -0.0052133087 0.01100583)
(0.15448682 -0.0014656606 0.01132545)
(0.16098264 0.0087620734 0.010551305)
(0.1638201 0.02708885 0.010042024)
(0.15816125 0.057024434 0.013411005)
(0.097221573 0.10703672 0.025608292)
(0.1001006 -0.0024865084 -6.9059985e-05)
(0.10023169 -0.0036338083 -0.00012981342)
(0.10018073 -0.004017441 -0.00017378605)
(0.1000266 -0.0041237514 -0.0002008535)
(0.099905819 -0.004107513 -0.0002141044)
(0.099884056 -0.0040254663 -0.00021524047)
(0.099955042 -0.0039158855 -0.00020365939)
(0.10008301 -0.0038024273 -0.0001771267)
(0.10022983 -0.0036987495 -0.00013183685)
(0.10035621 -0.0036187586 -6.1637517e-05)
(0.10041078 -0.0035853205 4.2655671e-05)
(0.10031625 -0.0036277477 0.00020074578)
(0.10003722 -0.0036435122 0.00045026963)
(0.099500856 -0.0038685995 0.0008226559)
(0.098507617 -0.0044798576 0.0013621225)
(0.096885663 -0.0059757069 0.0021340095)
(0.094719195 -0.0095018385 0.003207721)
(0.092517995 -0.016767444 0.0046310783)
(0.088933946 -0.021617318 0.0062811558)
(0.087196558 -0.018201202 0.0060220384)
(0.079230223 -0.01498749 0.0066250423)
(0.067272263 -0.014363501 0.0091563678)
(0.054346725 -0.016400455 0.01265577)
(0.041713829 -0.019609209 0.015803479)
(0.031356741 -0.022181123 0.017587841)
(0.026651188 -0.022603883 0.017378603)
(0.023523249 -0.01745852 0.014564661)
(0.048853962 0.0055590111 0.013944719)
(0.073518113 0.049848025 0.020435234)
(0.048797628 0.11082856 0.036635726)
(0.098036726 -0.0014425765 -6.7333023e-05)
(0.096644346 -0.0021281795 -0.00012567665)
(0.094408269 -0.0023535526 -0.0001671118)
(0.091725373 -0.0024164401 -0.00019155007)
(0.089064949 -0.0024036863 -0.00020202878)
(0.086559746 -0.0023332928 -0.00020036307)
(0.084188192 -0.0022253599 -0.00018606728)
(0.081909676 -0.0021011012 -0.00015691645)
(0.079687096 -0.0019761121 -0.00010906986)
(0.077475649 -0.0018623829 -3.6851997e-05)
(0.075212607 -0.0017715751 6.7177984e-05)
(0.072801546 -0.0017152058 0.00021842832)
(0.070104021 -0.0016991607 0.0004454991)
(0.066909294 -0.0018222219 0.00078199362)
(0.062825681 -0.0022526425 0.0012690866)
(0.057101077 -0.0033945743 0.0019824043)
(0.04817999 -0.0064886438 0.0031424215)
(0.034968737 -0.014626927 0.0056498183)
(0.0026730725 -0.01833407 0.012280331)
(-0.034383371 -0.0036157405 0.011606773)
(-0.043698663 -0.0035649562 0.0034856289)
(-0.043086329 -0.00651881 -0.0042375819)
(-0.039469253 -0.0089674803 -0.0077536887)
(-0.034741465 -0.01163853 -0.0071893729)
(-0.031634194 -0.01491238 -0.0036652669)
(-0.031490929 -0.018497151 0.0014250968)
(-0.035258685 -0.019682874 0.0069638449)
(-0.040029114 -0.0079958836 0.013412043)
(-0.025685037 0.034188059 0.020837032)
(0.007068335 0.098267512 0.015639221)
(0.10310489 -0.0016619037 -0.00022192202)
(0.11249044 -0.0018603327 -0.00040873193)
(0.1211654 -0.0018885015 -0.00053966431)
(0.12831417 -0.0016916287 -0.00062132688)
(0.13461685 -0.0013150662 -0.00066616789)
(0.14040648 -0.00088349685 -0.00068218333)
(0.14571108 -0.00047189864 -0.0006736726)
(0.15052178 -0.00010028114 -0.00064496016)
(0.15486766 0.00023673791 -0.00061608426)
(0.15878656 0.00055200631 -0.00059872381)
(0.1622958 0.00086573064 -0.00060750886)
(0.16537346 0.0012123763 -0.00067745693)
(0.16765892 0.0016572846 -0.00087302766)
(0.16884937 0.0017982976 -0.0011272023)
(0.16937085 0.0019032935 -0.0013816001)
(0.16972904 0.0019295927 -0.0016855742)
(0.17010425 0.00169611 -0.0020795597)
(0.17069958 0.00094891643 -0.0025735357)
(0.1718982 -0.00040428739 -0.0032209901)
(0.17382584 -0.001930952 -0.0041658447)
(0.17601315 -0.0034712698 -0.0052948626)
(0.17804392 -0.005080458 -0.0064220048)
(0.1798941 -0.006830022 -0.007498037)
(0.18174736 -0.0086619408 -0.0086472004)
(0.18364611 -0.010375224 -0.010058607)
(0.18529319 -0.011679275 -0.011698775)
(0.18606449 -0.012062162 -0.012956903)
(0.18496089 -0.0098207037 -0.012338304)
(0.18078633 -0.00033641428 -0.0077369481)
(0.1306316 0.029066049 0.0075526866)
(0.099939712 -0.0027677349 -0.0002271961)
(0.10035909 -0.00357242 -0.00043046498)
(0.10158513 -0.0038511854 -0.00057817925)
(0.10330983 -0.0037518201 -0.00067160313)
(0.10538568 -0.0034104822 -0.0007202116)
(0.10774476 -0.0030015782 -0.00072708396)
(0.11029471 -0.0026224243 -0.00068870107)
(0.11294835 -0.0022986484 -0.00059774481)
(0.11564841 -0.0020266566 -0.00044451541)
(0.11835774 -0.0017996799 -0.00021228434)
(0.12104881 -0.0016132965 0.00012569648)
(0.12369757 -0.0014604993 0.00060489037)
(0.12632149 -0.0012888897 0.001272358)
(0.12872896 -0.0016222871 0.0022032174)
(0.13083574 -0.0022802281 0.0035284703)
(0.1326894 -0.0034906293 0.0054250668)
(0.13438416 -0.005750238 0.0080857893)
(0.13610061 -0.0096789169 0.011541551)
(0.1379639 -0.014854734 0.015231829)
(0.13979921 -0.018856451 0.018454153)
(0.14070448 -0.021400208 0.021249779)
(0.14038913 -0.022875934 0.023817367)
(0.13920071 -0.023877772 0.026131746)
(0.13761912 -0.024737853 0.027922611)
(0.13593472 -0.025401486 0.028878181)
(0.13419974 -0.025630572 0.028952294)
(0.13276335 -0.024854205 0.028939655)
(0.13318387 -0.021107681 0.031442464)
(0.14368422 -0.0043911957 0.043368331)
(0.16020167 0.040413525 0.059563347)
(0.10011548 -0.0024871563 -0.00022914495)
(0.10028916 -0.0036348339 -0.0004339885)
(0.10029353 -0.0040207255 -0.00058692573)
(0.10019028 -0.0041322411 -0.00068865144)
(0.10011202 -0.004124741 -0.00074756532)
(0.10012923 -0.0040559794 -0.00076617502)
(0.10024074 -0.0039660205 -0.0007408505)
(0.10041456 -0.0038812066 -0.00066416224)
(0.10061713 -0.0038190084 -0.00052477037)
(0.10081677 -0.003798953 -0.00030443545)
(0.10097602 -0.003849809 2.6916697e-05)
(0.10104824 -0.0040215649 0.00051751829)
(0.10099364 -0.0043573859 0.0012507337)
(0.10071015 -0.0050771454 0.0023283569)
(0.1000005 -0.0063697239 0.0039026915)
(0.098661139 -0.008627279 0.0062157929)
(0.096558949 -0.012594936 0.0096039758)
(0.093831615 -0.01937103 0.014147017)
(0.090321248 -0.02766668 0.018529061)
(0.086358235 -0.031742883 0.020556334)
(0.081651142 -0.032863359 0.020111367)
(0.075365869 -0.032241965 0.019265797)
(0.068264515 -0.031712449 0.019301491)
(0.061207655 -0.032146655 0.019573168)
(0.055053822 -0.033446224 0.019136122)
(0.050567475 -0.035354557 0.017376262)
(0.047203647 -0.038212449 0.013270436)
(0.048204381 -0.041426809 0.011568526)
(0.055825558 -0.034089949 0.02862232)
(0.10386778 0.0064478709 0.067777695)
(0.098051431 -0.0014430098 -0.00022343618)
(0.096700897 -0.0021291538 -0.00042057031)
(0.094519338 -0.0023560319 -0.00056571441)
(0.091887293 -0.0024216513 -0.00065986613)
(0.089269985 -0.0024128732 -0.00071172673)
(0.086805191 -0.0023481473 -0.0007248599)
(0.084477603 -0.0022483569 -0.00069713455)
(0.082252196 -0.002135769 -0.00062306315)
(0.080098655 -0.0020275361 -0.00049385831)
(0.077981345 -0.0019384869 -0.00029569436)
(0.075850606 -0.0018868988 -7.5656805e-06)
(0.073642388 -0.0019004486 0.00039938054)
(0.071261673 -0.0020228574 0.00096864468)
(0.068537688 -0.0023720712 0.0017655826)
(0.065181688 -0.0031396931 0.0028772881)
(0.060757873 -0.004700791 0.0044650304)
(0.054694336 -0.0078799744 0.0069505377)
(0.046813203 -0.014333134 0.011280728)
(0.035155615 -0.022619094 0.016827246)
(0.022724753 -0.022288814 0.013449049)
(0.023739455 -0.018730247 -0.0062462881)
(0.022090265 -0.011281986 -0.026835924)
(0.023741866 -0.0058721339 -0.038292094)
(0.02743128 -0.0037919441 -0.042673157)
(0.031516997 -0.0044582577 -0.043129607)
(0.034658049 -0.0072641221 -0.041521998)
(0.035150129 -0.012284786 -0.038689401)
(0.032474665 -0.02009602 -0.032903027)
(0.014216937 -0.027674006 -0.0090049683)
(0.050124646 0.0069929778 0.066689195)
(0.10313109 -0.0016620935 -0.00039687418)
(0.1125887 -0.0018649127 -0.00066980397)
(0.12133973 -0.0019042021 -0.0008137742)
(0.12853978 -0.0017291807 -0.00087771635)
(0.13486563 -0.0013911269 -0.00089152198)
(0.14065173 -0.0010219783 -0.00086670893)
(0.14591805 -0.00070813261 -0.00080725559)
(0.15061495 -0.0004874004 -0.00069746849)
(0.15474118 -0.00036210183 -0.00052212588)
(0.15831524 -0.00034798129 -0.00027663216)
(0.16130054 -0.00046922999 5.1548477e-05)
(0.16359696 -0.00075072382 0.00049452003)
(0.16483993 -0.0012170863 0.0011028794)
(0.16468261 -0.0022684334 0.002040758)
(0.16348866 -0.0038420607 0.003517283)
(0.16175207 -0.0060843561 0.0057360157)
(0.15996518 -0.0091146851 0.0089334704)
(0.1587441 -0.012782573 0.013210234)
(0.15861298 -0.016567988 0.018206075)
(0.15957036 -0.019835848 0.02310893)
(0.1610843 -0.022365057 0.027294872)
(0.16265117 -0.02433864 0.030552351)
(0.16416599 -0.026003878 0.032915443)
(0.16585015 -0.027451418 0.034455399)
(0.16797844 -0.02860582 0.035215231)
(0.17070917 -0.029285384 0.035260113)
(0.17406737 -0.029139402 0.034770116)
(0.17793129 -0.027047782 0.034108735)
(0.18210209 -0.019055802 0.034043525)
(0.17230891 0.0061379626 0.035332273)
(0.0999657 -0.0027681145 -0.00040219282)
(0.10047016 -0.0035788436 -0.00070151996)
(0.1018014 -0.0038746044 -0.0008764218)
(0.1036153 -0.0038091568 -0.00097283983)
(0.10576308 -0.003526935 -0.001015883)
(0.10818799 -0.0032136027 -0.0010043591)
(0.11080278 -0.0029841342 -0.00092619946)
(0.11351726 -0.0028913232 -0.00076046309)
(0.11627038 -0.0029509808 -0.00047667774)
(0.11902438 -0.0032035884 -3.1176674e-05)
(0.12173722 -0.0037133543 0.00064093779)
(0.12436033 -0.0045600543 0.0016486162)
(0.12686336 -0.0058390205 0.0031443776)
(0.12908767 -0.008029587 0.005342675)
(0.13089697 -0.011107112 0.0085256525)
(0.1323772 -0.015209467 0.012999458)
(0.13376363 -0.020267773 0.018887762)
(0.135404 -0.025681039 0.025747159)
(0.13749535 -0.030396946 0.032369063)
(0.13966026 -0.033428689 0.037516707)
(0.14104901 -0.034791685 0.041045643)
(0.14118549 -0.035286817 0.043436209)
(0.14030621 -0.035696937 0.045141334)
(0.13906184 -0.03631195 0.046284818)
(0.13810735 -0.036989875 0.046737326)
(0.13808312 -0.037411511 0.046294335)
(0.13984425 -0.037281657 0.045104086)
(0.14556176 -0.035992125 0.04400084)
(0.16197593 -0.030054157 0.04531804)
(0.21655578 -0.011058166 0.051855776)
(0.10014032 -0.0024903215 -0.00040804956)
(0.10039536 -0.0036414545 -0.00071441132)
(0.10050248 -0.0040359515 -0.00090439745)
(0.10048938 -0.0041641311 -0.0010236165)
(0.10048611 -0.0041840673 -0.0010972859)
(0.10057249 -0.0041592846 -0.0011268414)
(0.10075217 -0.0041396175 -0.0011061428)
(0.10099378 -0.00416627 -0.0010257412)
(0.10126418 -0.0042770907 -0.00086958516)
(0.10153433 -0.004524946 -0.00060673644)
(0.10176961 -0.0049922848 -0.00017867554)
(0.10192067 -0.0057953729 0.00052137912)
(0.1019407 -0.0071031444 0.0016707537)
(0.10171275 -0.0092104319 0.0035089425)
(0.10106999 -0.012393341 0.0064379531)
(0.10001794 -0.016925663 0.010972412)
(0.098891016 -0.022714997 0.017072426)
(0.098322234 -0.028854279 0.023408769)
(0.098847256 -0.033821494 0.027784366)
(0.09998925 -0.03631315 0.029148472)
(0.10015064 -0.03665703 0.029070281)
(0.098186133 -0.036156559 0.029121915)
(0.094576281 -0.03593597 0.029700554)
(0.090759319 -0.036423111 0.030222155)
(0.088076858 -0.037533347 0.029666812)
(0.088004557 -0.038901381 0.026617447)
(0.091208923 -0.040591112 0.020582187)
(0.098657552 -0.043204014 0.012787772)
(0.11279534 -0.0471469 0.0051374402)
(0.16325314 -0.050752139 0.0030397496)
(0.098075909 -0.0014416338 -0.00039831205)
(0.096804645 -0.0021259726 -0.00069276677)
(0.094723 -0.0023532629 -0.00087212166)
(0.092178721 -0.0024225508 -0.00098205728)
(0.089633675 -0.0024215787 -0.0010490472)
(0.087234834 -0.0023709639 -0.0010771319)
(0.084973004 -0.0022949758 -0.0010640276)
(0.082816454 -0.0022208643 -0.0010069818)
(0.080739085 -0.0021732548 -0.00090154342)
(0.078711893 -0.0021797748 -0.00073996493)
(0.076691285 -0.0022819078 -0.00051059175)
(0.074608272 -0.0025494721 -0.00019940077)
(0.072360038 -0.003104451 0.0002043836)
(0.069761455 -0.0041782071 0.00072203635)
(0.0664986 -0.0060959334 0.0013331137)
(0.06227357 -0.009146021 0.0015572382)
(0.057203836 -0.012882268 -0.00025651372)
(0.05255827 -0.015257415 -0.0068070548)
(0.051000094 -0.013496777 -0.020106461)
(0.053393695 -0.0074024812 -0.038087587)
(0.057387109 0.0006197079 -0.055787921)
(0.060930846 0.0080229033 -0.068546897)
(0.064415428 0.013027931 -0.075975724)
(0.068358769 0.015300644 -0.079521566)
(0.072651991 0.015158103 -0.080656374)
(0.076782963 0.013034454 -0.080476108)
(0.080258899 0.0092320396 -0.079619766)
(0.082952282 0.0039263714 -0.078063857)
(0.086560452 -0.0033717698 -0.07599028)
(0.11037241 -0.013362953 -0.069500404)
(0.10325479 -0.0016493604 -0.0010402808)
(0.11291061 -0.001855455 -0.001506153)
(0.12174225 -0.0019172045 -0.0015961179)
(0.12890448 -0.0017848289 -0.0014945794)
(0.13513298 -0.0015060045 -0.0012414699)
(0.14079845 -0.0012043554 -0.00081837002)
(0.14596703 -0.00096105532 -0.00019346101)
(0.15060852 -0.00083526945 0.00067352667)
(0.15468666 -0.00087302553 0.0019287368)
(0.15817571 -0.0011207109 0.0037455016)
(0.16105755 -0.0016463566 0.0063324526)
(0.16328422 -0.0025104352 0.0099337619)
(0.16461095 -0.0037559817 0.014762606)
(0.16488503 -0.0056567797 0.020892069)
(0.16460357 -0.0079552806 0.028122853)
(0.16435384 -0.010366436 0.035955843)
(0.16448812 -0.012501859 0.043739579)
(0.16512816 -0.014061023 0.050868398)
(0.16622944 -0.01501346 0.05690278)
(0.1676396 -0.01550988 0.061602949)
(0.16914722 -0.015791957 0.064960859)
(0.170644 -0.016055044 0.067127514)
(0.17221768 -0.016347826 0.068291842)
(0.17406845 -0.016642882 0.068561142)
(0.17637227 -0.01685221 0.06791887)
(0.17917409 -0.01678331 0.066244644)
(0.18230378 -0.01592833 0.063346025)
(0.18525079 -0.012839863 0.058969185)
(0.18694213 -0.0037306075 0.052858876)
(0.16921487 0.021451642 0.043603622)
(0.10008816 -0.0027641613 -0.0010947953)
(0.10081377 -0.0035892557 -0.0016855062)
(0.10224383 -0.0039223851 -0.0019418223)
(0.10402023 -0.0039187799 -0.0020694161)
(0.10606869 -0.0037192828 -0.0021242533)
(0.10837961 -0.0035032473 -0.0021032867)
(0.11089116 -0.0033871192 -0.0019933038)
(0.11353875 -0.003464152 -0.0017669975)
(0.1162872 -0.0038175711 -0.0013711992)
(0.11912813 -0.0045462096 -0.00070082114)
(0.12205604 -0.0057795693 0.0003836241)
(0.12504007 -0.0076224761 0.0020331911)
(0.12810199 -0.010153659 0.0044634676)
(0.13120194 -0.01363328 0.0078601251)
(0.13438005 -0.017621618 0.01224718)
(0.13783492 -0.0213946 0.017360465)
(0.14166121 -0.023977663 0.022674211)
(0.14573025 -0.024778222 0.027667085)
(0.14973018 -0.023951489 0.03189605)
(0.15330935 -0.022015817 0.035055922)
(0.1561683 -0.019679999 0.037159952)
(0.15828865 -0.017631451 0.038439892)
(0.15990945 -0.01611697 0.039141393)
(0.16133766 -0.015162842 0.039267532)
(0.16292033 -0.014699177 0.03854614)
(0.16515045 -0.014574638 0.036509031)
(0.16902955 -0.014407781 0.032550658)
(0.17676036 -0.013221565 0.025781364)
(0.19420579 -0.0087398474 0.014448808)
(0.24675178 0.006471942 0.00077051935)
(0.10025908 -0.0024971077 -0.0011120278)
(0.10072457 -0.0036559814 -0.0017222843)
(0.10091959 -0.004070067 -0.0020123349)
(0.10085306 -0.0042285552 -0.0021907128)
(0.10072001 -0.0042893008 -0.0023254304)
(0.10063495 -0.0043204137 -0.0024283797)
(0.10060849 -0.0043824236 -0.002508824)
(0.10061293 -0.0045396756 -0.0025819369)
(0.10062335 -0.0048627918 -0.0026745274)
(0.10062801 -0.0054469482 -0.0028071416)
(0.10062994 -0.0064337695 -0.0029645547)
(0.10065928 -0.0080247591 -0.0030514969)
(0.10081353 -0.010434314 -0.0029287495)
(0.10132997 -0.013872263 -0.0025732897)
(0.1025685 -0.018253077 -0.0021499983)
(0.10491171 -0.022913253 -0.0020612465)
(0.10877324 -0.026425992 -0.0029779637)
(0.11418654 -0.027943427 -0.0049846287)
(0.12029825 -0.027854648 -0.0079382331)
(0.12609819 -0.026632021 -0.011754786)
(0.1306936 -0.024978587 -0.015951382)
(0.13372916 -0.022981014 -0.020303804)
(0.13581931 -0.020657294 -0.024800902)
(0.13793433 -0.01859468 -0.029101711)
(0.14050695 -0.016969054 -0.03345433)
(0.14342112 -0.015959637 -0.037960021)
(0.14668172 -0.015647531 -0.042805262)
(0.15097707 -0.01562684 -0.04885401)
(0.15837247 -0.015382851 -0.057577139)
(0.17540527 -0.014272569 -0.071088011)
(0.09819189 -0.0014476088 -0.0010852237)
(0.097127757 -0.0021384236 -0.0016759949)
(0.09513169 -0.0023748872 -0.0019505635)
(0.09253212 -0.0024550136 -0.0021106976)
(0.08985326 -0.0024672437 -0.0022244709)
(0.087275695 -0.0024344375 -0.0023067068)
(0.084794408 -0.0023841345 -0.0023721133)
(0.082375349 -0.002350005 -0.002444895)
(0.079987408 -0.0023688653 -0.0025606633)
(0.077585444 -0.0024945485 -0.0027732634)
(0.075085138 -0.0028246149 -0.003168708)
(0.072329405 -0.0035390039 -0.0038958546)
(0.06906308 -0.0049028947 -0.0052010609)
(0.064893811 -0.0070927361 -0.0074394013)
(0.059580571 -0.00948917 -0.011511148)
(0.053988115 -0.00977025 -0.019475457)
(0.050743445 -0.0051739784 -0.03245328)
(0.052337022 0.0038921298 -0.048410989)
(0.058483582 0.013967916 -0.063868591)
(0.066897783 0.022515629 -0.077078548)
(0.07563424 0.028892282 -0.087586161)
(0.083584582 0.033232021 -0.094847966)
(0.090661946 0.03492396 -0.098606791)
(0.096665318 0.034573448 -0.10019548)
(0.10160684 0.032773058 -0.10058591)
(0.10531185 0.030049402 -0.10051112)
(0.10761209 0.026831381 -0.10056156)
(0.10856619 0.023412687 -0.1010654)
(0.1091378 0.020411613 -0.10225846)
(0.10989749 0.018196551 -0.10333055)
(0.10199227 -0.0016573575 -0.00085559754)
(0.11078291 -0.0018631953 -0.0012842167)
(0.11835202 -0.001867856 -0.0013913232)
(0.12412239 -0.001606536 -0.0013230119)
(0.12908815 -0.0011152296 -0.0011076793)
(0.13370922 -0.00051212187 -0.00071989359)
(0.1380505 0.00013193267 -0.00012226184)
(0.14229359 0.00079180854 0.00070963119)
(0.14661935 0.0014562288 0.0019032326)
(0.15117465 0.0022085354 0.0036435512)
(0.15613345 0.0032135 0.0061642346)
(0.16150838 0.004703294 0.0097404124)
(0.16681078 0.0069747401 0.01463902)
(0.17129728 0.010031728 0.021024307)
(0.17446323 0.014002247 0.028801491)
(0.17600911 0.018530431 0.037557455)
(0.17592602 0.022979257 0.046614895)
(0.1746453 0.026767549 0.055208444)
(0.17285442 0.029593516 0.062696702)
(0.17116801 0.031434039 0.068689112)
(0.16994864 0.032399461 0.073080313)
(0.16935967 0.032648008 0.075986021)
(0.16946883 0.032354269 0.077612915)
(0.17026469 0.031688755 0.078141155)
(0.17158693 0.030834049 0.077655085)
(0.17299533 0.030029326 0.076105748)
(0.17355576 0.029685933 0.073271238)
(0.17142445 0.030692287 0.068674467)
(0.16356776 0.035075896 0.061429178)
(0.12157942 0.049027946 0.049252328)
(0.098782962 -0.0027628061 -0.00085016375)
(0.09854471 -0.0035633072 -0.0012904959)
(0.09856037 -0.0037976152 -0.0014865903)
(0.098721455 -0.0036023238 -0.0015972473)
(0.099206499 -0.0031080634 -0.0016585408)
(0.10007988 -0.0024894083 -0.0016662961)
(0.10130353 -0.0018586911 -0.0016118006)
(0.10286271 -0.0012831127 -0.0014790791)
(0.10499805 -0.0006966763 -0.0012220479)
(0.10800869 0.00010931236 -0.00073102271)
(0.11227286 0.0015170438 0.0001617285)
(0.11838903 0.0041833823 0.0016830794)
(0.12646447 0.0089169876 0.0041430958)
(0.13610631 0.015976063 0.0079006931)
(0.14618062 0.025368392 0.013161198)
(0.15517789 0.036270957 0.019724048)
(0.16195468 0.047146919 0.026958535)
(0.16628842 0.05662453 0.034080474)
(0.16868351 0.064065524 0.040453947)
(0.16982505 0.069464265 0.045703026)
(0.17027247 0.073015012 0.049713132)
(0.17045182 0.07497629 0.052532173)
(0.17066664 0.075657152 0.054238677)
(0.17107942 0.07537226 0.054884536)
(0.17166599 0.07446232 0.05444229)
(0.17213075 0.07335087 0.052741714)
(0.17177197 0.072767514 0.049325205)
(0.1692046 0.074264007 0.043101961)
(0.16319549 0.081032085 0.031743119)
(0.13184589 0.098133712 0.010805843)
(0.098947795 -0.002470662 -0.0008725556)
(0.098443245 -0.0036077202 -0.0013307872)
(0.097191939 -0.0039878115 -0.0015430396)
(0.095427856 -0.004082716 -0.0016759705)
(0.093587608 -0.0040455706 -0.0017817645)
(0.091853436 -0.0039406266 -0.001872819)
(0.090232389 -0.0038297251 -0.0019620845)
(0.088670032 -0.0037900038 -0.0020711413)
(0.087133651 -0.0037713567 -0.0022410068)
(0.085686781 -0.0036981416 -0.0025183585)
(0.084542489 -0.0034638618 -0.0029274456)
(0.0842383 -0.0026736572 -0.0033959676)
(0.086413021 2.3998247e-05 -0.0035954408)
(0.092868013 0.0066767387 -0.0030538354)
(0.10313343 0.018613637 -0.0014932608)
(0.11553346 0.034679143 0.0011022091)
(0.12746191 0.051745637 0.0040166044)
(0.13762535 0.066970383 0.006513044)
(0.14589884 0.078986359 0.0083889607)
(0.15235812 0.087571368 0.0098489869)
(0.15710839 0.093055666 0.01115349)
(0.16046605 0.095913014 0.012521916)
(0.16280568 0.096623394 0.013839653)
(0.16438781 0.0956813 0.014789364)
(0.16524416 0.093559959 0.015049247)
(0.16513316 0.090743275 0.014259579)
(0.16357867 0.087939193 0.011880084)
(0.15973978 0.086631747 0.0069749222)
(0.15358066 0.090226141 -0.0021875746)
(0.12540736 0.10507354 -0.019086985)
(0.096937342 -0.0014210435 -0.00083958401)
(0.094961717 -0.0020844267 -0.0012606976)
(0.091591014 -0.0022913211 -0.0014344601)
(0.087376328 -0.002332656 -0.0015265177)
(0.083083168 -0.0022945115 -0.0015919271)
(0.078954062 -0.0021965732 -0.0016445905)
(0.074969527 -0.0020635086 -0.001700178)
(0.07106623 -0.0019251075 -0.0017851433)
(0.067169759 -0.0017935886 -0.0019406448)
(0.063163528 -0.0017029147 -0.0022318464)
(0.058834307 -0.0017899371 -0.0027654171)
(0.05383596 -0.0023218083 -0.003730961)
(0.047805495 -0.0030832814 -0.0054550613)
(0.040639943 -0.0023481441 -0.008362311)
(0.036358563 0.0045155926 -0.01243127)
(0.040184814 0.019155911 -0.017164418)
(0.050874811 0.036037235 -0.022005724)
(0.064364325 0.05040555 -0.026905177)
(0.078510417 0.061205417 -0.031634976)
(0.091951093 0.068638392 -0.035827961)
(0.10381366 0.073243013 -0.039167222)
(0.11371852 0.075493905 -0.04150672)
(0.12171034 0.075743859 -0.042842017)
(0.12795818 0.074391526 -0.04339398)
(0.13244869 0.071855174 -0.043554743)
(0.13497763 0.068593753 -0.043785697)
(0.13529717 0.065222209 -0.044599978)
(0.13342469 0.06287803 -0.046540644)
(0.13256139 0.064401106 -0.049912958)
(0.13683709 0.076242715 -0.053451558)
)
;

boundaryField
{
    maxY
    {
        type            fixedValue;
        value           uniform (0 0 0);
    }
    minX
    {
        type            fixedValue;
        value           uniform (0.1 0 0);
    }
    maxX
    {
        type            inletOutlet;
        inletValue      uniform (0 0 0);
        value           nonuniform List<vector> 
40
(
(0.12183742 0.048706764 -0.049366165)
(0.13184244 0.097626236 -0.010680973)
(0.1250398 0.10436966 0.018804433)
(0.1360876 0.075637613 0.05222426)
(0.17015892 0.020643913 -0.043719702)
(0.24659618 0.0045721511 -0.00071933634)
(0.17320159 -0.015998948 0.069947648)
(0.10982899 0.016259109 0.099216351)
(0.17363145 0.004100389 -0.035314919)
(0.21433195 -0.013740363 -0.051606938)
(0.15550634 -0.053073549 -0.0058231606)
(0.099230775 -0.015193 0.051819774)
(0.12904538 0.030804936 -0.0041783006)
(0.15533716 0.044972486 -0.057124344)
(0.084424748 0.019882229 -0.065217749)
(0 0 0)
(0.074844235 0.076017337 2.1513981e-05)
(0.089961756 0.11847614 -0.022406783)
(0 0 0)
(0.12543997 0.1504422 -0.033187012)
(0.078080691 0.072162162 -0.0016788435)
(0.097221573 0.10703672 0.025608292)
(0.048797628 0.11082856 0.036635726)
(0 0 0)
(0.1306316 0.029066049 0.0075526866)
(0.16020167 0.040413525 0.059563347)
(0.10386778 0.0064478709 0.067777695)
(0.050124646 0.0069929778 0.066689195)
(0.17230891 0.0061379626 0.035332273)
(0.21655578 -0.011058166 0.051855776)
(0.16325314 -0.050752139 0.0030397496)
(0.11037241 -0.013362953 -0.069500404)
(0.16921487 0.021451642 0.043603622)
(0.24675178 0.006471942 0.00077051935)
(0.17540527 -0.014272569 -0.071088011)
(0.10989749 0.018196551 -0.10333055)
(0.12157942 0.049027946 0.049252328)
(0.13184589 0.098133712 0.010805843)
(0.12540736 0.10507354 -0.019086985)
(0.13683709 0.076242715 -0.053451558)
)
;
    }
    minZ
    {
        type            fixedValue;
        value           uniform (0 0 0);
    }
    maxZ
    {
        type            fixedValue;
        value           uniform (0 0 0);
    }
    topAir_to_rightSolid
    {
        type            fixedValue;
        value           uniform (0 0 0);
    }
    topAir_to_heater
    {
        type            fixedValue;
        value           uniform (0 0 0);
    }
    topAir_to_leftSolid
    {
        type            fixedValue;
        value           uniform (0 0 0);
    }
}


// ************************************************************************* //
