/*--------------------------------*- C++ -*----------------------------------*\
  =========                 |
  \\      /  F ield         | OpenFOAM: The Open Source CFD Toolbox
   \\    /   O peration     | Website:  https://openfoam.org
    \\  /    A nd           | Version:  dev
     \\/     M anipulation  |
\*---------------------------------------------------------------------------*/
FoamFile
{
    format      ascii;
    class       labelList;
    location    "constant/water/polyMesh";
    object      pointProcAddressing;
}
// * * * * * * * * * * * * * * * * * * * * * * * * * * * * * * * * * * * * * //


12062
(
221
222
223
238
239
240
255
256
257
272
273
274
510
511
512
527
528
529
544
545
546
561
562
563
784
785
799
800
801
802
816
817
818
819
833
834
835
836
850
851
852
1073
1074
1088
1089
1090
1091
1105
1106
1107
1108
1122
1123
1124
1125
1139
1140
1141
1362
1363
1364
1377
1378
1379
1380
1381
1394
1395
1396
1397
1398
1411
1412
1413
1414
1428
1429
1430
1431
1651
1652
1653
1666
1667
1668
1669
1670
1683
1684
1685
1686
1687
1700
1701
1702
1703
1704
1717
1718
1719
1720
1955
1956
1957
1958
1959
1972
1973
1974
1975
1976
1989
1990
1991
1992
1993
2006
2007
2008
2009
2087
2091
2094
2095
2096
2124
2141
2160
2177
2178
2191
2192
2193
2194
2195
2196
2489
2506
2507
2508
2509
2510
2524
2525
2526
2527
2528
2539
2540
2541
2542
2543
2544
2545
2546
2547
2589
2590
2591
2592
2593
2594
2831
2843
2844
2845
2856
2857
2858
2867
2868
2869
2870
2871
2872
2873
2874
2909
2910
2911
2912
2913
3031
3032
3033
3034
3035
3058
3059
3060
3177
3178
3179
3180
3181
3205
3206
3207
3316
3317
3318
3319
3320
3321
3322
3323
3324
3325
3326
3346
3347
3348
3349
3350
3429
3431
3432
3433
3434
3435
3436
3437
3438
3439
3440
3441
3442
3443
3444
3445
3446
3447
3448
3449
3450
3451
3452
3455
3464
3465
3466
3467
3468
3469
3470
3471
3652
3654
3656
3662
3663
3664
3665
3666
3667
3668
3670
3674
3675
3676
3677
3678
3679
3680
3681
3685
3686
3687
3688
3689
3690
3691
3692
3718
3719
3720
3721
3798
3802
3805
3806
3807
4062
4063
4077
4078
4079
4080
4091
4092
4093
4094
4095
4096
4115
4116
4117
4118
4119
4120
4121
4123
4124
4231
4237
4238
4239
4240
4318
4323
4324
4325
4326
4411
4417
4418
4419
4420
4421
4491
4493
4494
4495
4496
4500
4501
4502
4503
4504
4505
4506
4508
4509
4607
4608
4610
4613
4614
4615
4616
4617
4618
4620
4621
4622
4623
4624
4625
4626
4627
4628
4631
4632
4633
4634
4635
4636
4637
4638
4639
4640
4642
4643
4710
4713
4716
4747
4748
4749
4751
4752
4807
4808
4809
4810
4866
4869
4870
4871
4873
4874
4875
4900
4901
4902
5057
5059
5066
5067
5068
5075
5076
5077
5084
5085
5086
5087
5088
5089
5090
5091
5092
5093
5094
5095
5096
5174
5175
5205
5206
5236
5237
5266
5267
5268
5269
5293
5294
5295
5296
5297
5298
5299
5300
5301
5302
5303
5304
5305
5306
5320
5321
5322
5607
5608
5609
5610
5626
5627
5628
5629
5645
5646
5647
5648
5661
5662
5663
5664
5665
5666
5667
5668
5669
5670
5671
5673
5960
5961
5962
5963
5964
5965
5973
5974
5975
5976
5977
5978
5985
5986
5987
5988
5989
6001
6002
6003
6004
6005
6006
6007
6008
6009
6010
6011
6012
6013
6017
6199
6206
6207
6208
6211
6212
6213
6216
6217
6218
6234
6235
6236
6237
6238
6239
6370
6371
6372
6373
6481
6482
6483
6484
6485
6486
6487
6488
6489
6490
6491
6495
6496
6497
6498
6499
6500
6501
6780
6781
6784
6795
6796
6797
6798
6799
6800
6801
6802
6803
6804
6805
6807
6808
6815
6816
6817
6818
6819
6820
6821
6822
6823
6824
6825
6826
6859
6860
6861
6862
6863
6864
6865
6866
6867
6868
6869
6870
6871
6874
7119
7130
7131
7132
7133
7134
7135
7136
7137
7138
7139
7140
7144
7145
7146
7147
7148
7149
7150
7151
7152
7153
7154
7158
7159
7160
7161
7162
7163
7164
7165
7166
7167
7168
7172
7173
7174
7175
7176
7177
7178
7179
7180
7181
7182
7183
7184
7185
7187
7479
7491
7492
7493
7494
7495
7506
7507
7508
7509
7510
7521
7522
7523
7524
7525
7526
7527
7528
7529
7530
7531
7532
7533
7534
7535
7536
7657
7658
7659
7660
7727
7728
7729
7730
7801
7802
7803
7804
7869
7871
7872
7873
7874
7875
7877
7878
7928
7929
7930
7931
7932
7933
7934
7935
7936
7937
7938
7939
7940
7941
7942
7943
7944
7945
7946
7947
7948
7949
7950
7951
7952
7953
7954
7955
8010
8011
8013
8014
8016
8017
8018
8520
8521
8522
8523
8524
8525
8526
8527
8550
8551
8552
8553
8554
8555
8556
8557
8580
8581
8582
8583
8584
8585
8586
8587
8588
8589
8590
8591
8592
8593
8594
8650
8651
8652
8653
8654
8655
8656
8657
8658
8659
8660
8661
8662
8663
8667
8974
8975
8976
8977
8978
8989
8990
8991
8992
8993
8999
9000
9001
9002
9003
9004
9005
9006
9007
9008
9009
9010
9012
9058
9059
9060
9061
9062
9063
9064
9065
9066
9210
9211
9212
9226
9227
9228
9229
9230
9361
9362
9363
9379
9380
9381
9382
9383
9505
9506
9507
9508
9509
9524
9525
9526
9527
9528
9529
9530
9631
9632
9633
9634
9635
9636
9637
9638
9639
9640
9641
9642
9643
9644
9645
9646
9647
9648
9649
9650
9651
9652
9653
9654
9655
9656
9657
9658
9659
9660
9662
9667
9668
9669
9670
9671
9672
9673
9674
9675
9676
9677
9678
9679
9680
9681
9682
9683
9684
9685
9686
9687
9967
9972
9979
9980
9981
9982
9983
9984
9985
9986
9987
9988
9989
9990
9991
9992
9997
9998
9999
10000
10001
10002
10003
10004
10005
10006
10007
10008
10009
10010
10011
10012
10017
10018
10019
10020
10021
10022
10023
10024
10025
10026
10027
10028
10029
10030
10031
10032
10033
10034
10035
10076
10077
10078
10079
10080
10081
10220
10227
10228
10235
10236
10243
10244
10245
10246
10247
10248
10249
10673
10675
10696
10697
10698
10699
10700
10701
10702
10703
10720
10721
10722
10723
10724
10725
10726
10727
10743
10744
10745
10746
10747
10748
10749
10750
10751
10752
10776
10777
10778
10779
10780
10781
10782
10783
10784
10785
10786
10787
11045
11046
11047
11049
11054
11055
11056
11057
11058
11059
11062
11063
11064
11065
11066
11067
11068
11082
11083
11084
11085
11086
11087
11088
11089
11090
11092
11093
11094
11095
11137
11138
11274
11275
11276
11299
11300
11405
11406
11409
11410
11411
11412
11413
11427
11428
11572
11575
11578
11579
11580
11581
11582
11583
11584
11585
11587
11588
11589
11590
11591
11592
11593
11596
11597
11598
11599
11600
11601
11602
11603
11604
11605
11624
11625
11626
11942
11945
11946
11947
11948
11949
11951
11952
11961
11962
11963
11964
11965
11966
11967
11968
11969
11970
11971
11972
11973
11974
11975
11976
11977
11983
11984
11985
11986
11987
11988
11989
11990
11991
11992
11993
11994
11995
12011
12012
12013
12014
12015
12016
12017
12064
12065
12066
12067
12068
12069
12070
12071
12072
12143
12144
12145
12146
12148
12149
12150
12151
12153
12154
12155
12156
12157
12158
12520
12521
12524
12525
12542
12543
12544
12545
12546
12547
12564
12565
12566
12567
12568
12569
12585
12586
12587
12588
12589
12590
12591
12592
12593
12594
12595
12596
12597
12598
12599
12600
12601
12602
12603
12604
12605
12606
12607
12608
12609
12611
12612
12613
12803
12804
12805
12806
12807
12890
12891
12892
12893
12894
12977
12978
12979
12980
12981
13056
13059
13060
13061
13062
13063
13064
13065
13066
13069
13071
13072
13074
13142
13143
13144
13145
13146
13147
13148
13149
13150
13151
13152
13153
13154
13155
13156
13157
13158
13159
13160
13161
13162
13163
13164
13165
13166
13167
13168
13169
13170
13171
13172
13173
13174
13175
13176
13177
13178
13179
13180
13181
13182
13183
13184
13185
13186
13187
13256
13257
13258
13260
13261
13262
13264
13265
13266
13268
13269
13270
13322
13324
13326
13356
13357
13358
13401
13402
13403
13456
13457
13458
13459
13460
13461
13462
13463
13629
13631
13639
13640
13641
13649
13650
13651
13659
13660
13661
13662
13663
13664
13665
13666
13667
13668
13670
13758
13759
13760
13796
13797
13833
13834
13859
13860
13861
13863
13894
13896
13897
13898
13899
13900
13901
13902
13903
13904
13905
13906
13907
13908
13909
13910
13911
13912
13913
13914
13915
13995
13997
14000
14001
14002
14005
14006
14007
14008
14011
14012
14013
14014
14015
14016
14017
14018
14115
14119
14123
14166
14167
14168
14171
14172
14173
14174
14231
14232
14233
14234
14344
14345
14349
14350
14351
14352
14353
14356
14357
14358
14359
14360
14361
14426
14427
14428
14429
14430
14622
14623
14624
14632
14633
14634
14647
14648
14649
14650
14651
14652
14653
14654
14655
14656
14657
14658
14659
14660
14661
14662
14663
14762
14763
14806
14807
14848
14849
14892
14893
14894
14929
14930
14931
14932
14933
14934
14935
14936
14937
14938
14939
14940
14941
14942
14943
14944
14945
14946
14947
14948
14949
15066
15067
15068
15071
15072
15073
15074
15075
15076
15079
15080
15081
15082
15083
15084
15087
15088
15089
15090
15091
15092
15093
15094
15095
15096
15097
15098
15099
15384
15385
15386
15387
15400
15401
15402
15403
15416
15417
15418
15419
15429
15430
15431
15432
15433
15434
15435
15436
15437
15438
15439
15695
15696
15697
15698
15699
15705
15706
15707
15708
15709
15715
15716
15717
15718
15719
15725
15726
15727
15728
15729
15730
15731
15732
15733
15734
15735
15736
15737
15738
15863
15864
15865
15866
15952
15953
15954
15957
15959
15960
15961
15962
16051
16052
16053
16054
16144
16145
16147
16148
16149
16150
16151
16152
16153
16154
16155
16156
16157
16158
16159
16160
16161
16162
16163
16164
16165
16166
16167
16168
16169
16498
16499
16500
16501
16502
16503
16504
16505
16506
16507
16508
16509
16510
16511
16512
16518
16519
16520
16521
16522
16523
16524
16525
16526
16527
16528
16529
16530
16531
16537
16538
16539
16540
16541
16542
16543
16544
16545
16546
16547
16548
16554
16555
16556
16557
16558
16559
16560
16561
16562
16563
16564
16565
16566
16567
16568
16569
16570
16571
16690
16691
16721
16733
16734
16735
16736
16737
17070
17071
17072
17073
17090
17091
17092
17093
17113
17114
17115
17116
17131
17132
17133
17134
17135
17136
17137
17138
17139
17140
17141
17142
17143
17144
17145
17146
17503
17504
17505
17506
17507
17508
17517
17518
17519
17520
17521
17522
17532
17533
17534
17535
17536
17537
17538
17539
17540
17541
17561
17562
17563
17564
17565
17566
17567
17568
17569
17570
17571
17572
17573
17574
17575
17576
17577
17578
17579
17580
17581
17758
17759
17760
17761
17870
17871
17872
17873
17989
17995
17996
17997
17998
17999
18000
18001
18106
18107
18108
18109
18110
18111
18112
18113
18114
18115
18116
18117
18118
18119
18120
18121
18122
18123
18124
18125
18126
18127
18128
18129
18136
18137
18138
18139
18140
18141
18142
18143
18144
18145
18146
18147
18148
18149
18150
18151
18152
18153
18154
18155
18157
18534
18535
18541
18542
18543
18550
18551
18552
18553
18554
18555
18556
18557
18558
18559
18560
18561
18562
18563
18564
18565
18566
18567
18574
18575
18576
18577
18578
18579
18580
18581
18582
18583
18584
18585
18586
18587
18588
18589
18596
18597
18598
18599
18600
18601
18602
18603
18604
18605
18606
18607
18608
18626
18627
18628
18629
18630
18631
18632
18633
18634
18635
18636
18637
18638
18639
18640
18641
18642
18643
18644
18850
18853
18861
18862
18919
18921
19041
19042
19043
19044
19045
19047
19188
19189
19191
19192
19193
19196
19197
19198
19199
19200
19201
19202
19203
19204
19205
19207
19208
19209
19210
19211
19212
19213
19214
19215
19216
19217
19218
19219
19220
19223
19224
19225
19226
19227
19228
19229
19230
19231
19232
19233
19234
19235
19436
19437
19438
19439
19446
19447
19448
19449
19456
19457
19458
19459
19550
19551
19552
19553
19554
19555
19557
19558
19559
19560
19561
19662
19663
19664
19665
19827
19828
19829
19835
19836
19837
19838
19839
19840
19841
19842
19843
19844
19848
19849
19850
19851
19852
19853
19854
19855
19939
19941
19942
19943
19944
19945
19946
19947
20576
20577
20579
20584
20585
20587
20612
20613
20614
20615
20616
20617
20618
20619
20620
20621
20622
20623
20648
20649
20650
20651
20652
20653
20654
20655
20656
20657
20658
20659
20687
20688
20689
20690
20691
20692
20693
20694
20695
20696
20697
20698
20699
20700
20701
20702
20703
20704
20705
20706
20707
20708
20709
20710
20711
20712
20713
20714
20715
20716
20717
20718
20719
20720
20721
20722
20723
20724
20725
20726
20727
20728
20729
20730
20731
20732
20733
20735
20736
20737
20738
20739
20740
20741
21058
21059
21060
21061
21062
21063
21064
21065
21185
21186
21187
21188
21189
21190
21191
21192
21310
21311
21312
21313
21314
21315
21316
21317
21430
21431
21433
21434
21435
21436
21437
21438
21439
21440
21441
21442
21443
21444
21445
21540
21541
21542
21543
21544
21545
21546
21547
21548
21549
21550
21551
21552
21553
21554
21555
21556
21557
21558
21559
21560
21561
21562
21563
21564
21565
21566
21567
21568
21569
21570
21571
21572
21573
21574
21575
21576
21577
21578
21579
21580
21581
21582
21583
21584
21585
21586
21587
21588
21589
21590
21591
21592
21593
21594
21595
21596
21597
21691
21693
21694
21697
21698
21699
21700
21703
21704
21705
21706
21709
21710
21711
21712
21713
21714
21715
21716
21717
22293
22294
22295
22296
22297
22298
22299
22300
22301
22302
22325
22326
22327
22328
22329
22330
22331
22332
22333
22334
22357
22358
22359
22360
22361
22362
22363
22364
22365
22366
22391
22392
22393
22394
22395
22396
22397
22398
22399
22400
22401
22402
22403
22404
22405
22406
22407
22408
22409
22410
22411
22412
22413
22414
22415
22416
22420
22421
23047
23048
23049
23050
23051
23052
23053
23054
23055
23056
23057
23058
23059
23076
23077
23078
23079
23080
23081
23082
23083
23084
23085
23086
23087
23088
23099
23100
23101
23102
23103
23104
23105
23106
23107
23108
23119
23120
23121
23122
23123
23124
23125
23126
23127
23128
23129
23130
23131
23132
23133
23134
23135
23136
23137
23138
23139
23140
23141
23142
23143
23144
23145
23146
23147
23148
23149
23150
23151
23153
23161
23162
23413
23414
23415
23416
23417
23418
23419
23420
23421
23422
23549
23550
23551
23552
23553
23554
23555
23556
23557
23558
23686
23687
23688
23689
23690
23691
23692
23693
23694
23695
23696
23697
23698
23699
23954
23955
23956
23957
23958
23959
23960
23961
23962
23963
23964
23965
23966
23967
23968
23969
23970
23971
23972
23973
23977
23978
23979
23980
23981
23982
23983
23984
23985
23986
23987
23991
23992
23993
23994
23995
23996
23997
23998
23999
24000
24001
24002
24003
24004
24005
24006
24007
24008
24009
24010
24011
24012
24013
24014
24015
24016
24017
24018
24019
24024
24486
24487
24488
24489
24490
24491
24492
24493
24494
24495
24496
24497
24498
24499
24500
24501
24502
24510
24511
24512
24513
24514
24515
24516
24517
24518
24519
24520
24521
24522
24523
24524
24525
24526
24534
24535
24536
24537
24538
24539
24540
24541
24542
24543
24544
24545
24546
24547
24548
24549
24550
24551
24552
24553
24554
24555
24556
24564
24565
24566
24567
24568
24569
24570
24571
24572
24573
24574
24575
24576
24577
24578
24579
24580
24581
24582
24583
24584
24585
24586
24587
24588
24589
24590
24591
24592
24593
24594
24595
24596
24597
24598
24602
24603
24862
24879
24880
24881
24882
24883
24884
24885
24886
24887
24888
24889
24890
25349
25350
25351
25352
25353
25354
25375
25376
25377
25378
25379
25380
25405
25406
25407
25408
25409
25410
25437
25438
25439
25440
25441
25442
25443
25444
25445
25446
25447
25448
25449
25450
25451
25452
25453
25454
25455
25456
25457
25458
25459
25460
25877
25878
25879
25880
25881
25882
25896
25897
25898
25899
25900
25901
25908
25909
25910
25911
25912
25913
25920
25921
25922
25923
25924
25925
25926
25927
25928
25929
25930
25931
25932
25933
25934
25935
25936
25937
25938
25939
25940
25941
25942
25943
26145
26146
26147
26148
26149
26150
26278
26279
26280
26281
26282
26283
26416
26417
26418
26419
26420
26421
26533
26534
26535
26536
26537
26538
26539
26540
26541
26542
26543
26544
26545
26546
26547
26548
26549
26550
26551
26552
26553
26554
26555
26556
26557
26558
26559
26560
26561
26562
26563
26564
26565
26566
26567
26568
26569
26570
26571
26572
26573
26574
26575
26576
26577
26578
26579
26581
26582
26583
26584
26844
26845
26850
26851
26855
26856
26857
26858
26859
26860
26861
26862
26863
26864
26865
26866
26867
26871
26872
26873
26874
26875
26876
26877
26878
26879
26880
26881
26882
26883
26884
26885
26886
26890
26891
26892
26893
26894
26895
26896
26897
26898
26899
26900
26901
26902
26903
26904
26908
26909
26910
26911
26912
26913
26914
26915
26916
26917
26918
26919
26920
26921
26922
26923
26924
26925
26926
27289
27290
27291
27292
27293
27294
27306
27307
27308
27309
27310
27311
27323
27324
27325
27326
27327
27328
27339
27340
27341
27342
27343
27344
27345
27610
27619
27620
27621
27622
27623
27624
27625
27626
27629
27630
27631
27632
27633
27634
27635
27636
27640
27641
27642
27643
27644
27645
27646
27647
27661
27662
27663
27664
27665
27666
27750
27751
27829
27833
27841
27842
27922
27923
27924
27925
27926
27933
27934
27935
27936
28123
28124
28125
28126
28127
28131
28132
28133
28134
28135
28136
28137
28138
28139
28140
28143
28144
28147
28148
28149
28150
28151
28152
28153
28154
28155
28156
28457
28465
28466
28467
28468
28469
28470
28471
28472
28473
28474
28475
28476
28477
28478
28479
28482
28483
28484
28485
28486
28487
28488
28489
28490
28491
28492
28493
28494
28495
28496
28499
28500
28501
28502
28503
28504
28505
28506
28507
28508
28511
28512
28513
28514
28515
28516
28517
28518
29362
29363
29364
29365
29366
29371
29372
29373
29374
29375
29376
29411
29412
29413
29414
29415
29416
29417
29418
29419
29420
29421
29422
29423
29424
29425
29460
29461
29462
29463
29464
29465
29466
29467
29468
29469
29470
29471
29472
29473
29474
29508
29509
29510
29511
29512
29513
29514
29515
29516
29517
29518
29519
29520
29521
29522
29523
29524
29525
29526
29527
29528
29529
29530
29531
29532
29533
29534
29535
29536
29537
29538
29539
29540
29541
29542
29543
29544
29545
29546
29547
29548
29549
29550
29551
29552
29553
29554
29555
29556
29557
29558
29559
29564
29566
29567
29568
29569
29570
29576
30017
30018
30019
30020
30021
30022
30023
30024
30025
30026
30027
30028
30029
30030
30031
30209
30210
30211
30212
30213
30214
30215
30216
30217
30218
30404
30405
30406
30407
30408
30409
30410
30411
30412
30413
30551
30552
30553
30554
30555
30556
30557
30558
30559
30560
30561
30562
30563
30564
30565
30566
30568
30572
30573
30574
30575
30576
30577
30745
30746
30747
30748
30754
30755
30756
30757
30759
30760
30761
30762
30763
30764
30765
30766
30767
30768
30769
30770
30771
30772
30773
30774
30775
30776
30777
30778
30779
30780
30781
30782
30783
30784
30785
30786
30787
30788
30789
30790
30791
30792
30793
30794
30795
30796
30797
30798
30799
30800
30801
30802
30803
30804
30805
30806
30807
30808
30809
30810
30811
30812
30813
30814
30815
30816
30817
30818
30819
30820
30821
30822
30823
30824
30825
30826
30827
30828
30829
30830
30831
30832
30833
30834
30835
30836
30837
30838
30839
30840
30841
30842
30843
30844
30845
30846
30847
30848
30849
30850
30852
30853
30854
30855
30856
30857
30858
30859
30862
30863
31171
31172
31173
31178
31179
31180
31181
31190
31191
31192
31193
31194
31195
31196
31197
31198
31199
31200
31209
31210
31211
31212
31213
31214
31215
31216
31217
31218
31219
31220
31221
31230
31231
31232
31233
31234
31235
31236
31237
31238
31239
31240
31241
31242
31243
31244
31245
31246
31247
31248
31249
31250
31251
31252
31256
31501
31502
31510
31511
31519
31520
31521
31522
31523
31524
31525
31526
31961
31962
31963
31964
31965
31966
31967
31981
31982
31983
31984
31985
31986
31987
32006
32007
32008
32009
32010
32011
32012
32013
32014
32028
32029
32030
32031
32032
32033
32034
32035
32036
32037
32247
32248
32253
32254
32255
32256
32257
32258
32265
32266
32267
32268
32269
32270
32271
32272
32273
32274
32275
32276
32277
32278
32280
32337
32429
32430
32440
32519
32520
32526
32622
32623
32624
32625
32626
32627
32628
32629
32630
32631
32632
32633
32634
32635
32636
32637
32638
32644
32645
33107
33108
33110
33111
33115
33116
33117
33118
33119
33120
33121
33132
33133
33134
33135
33136
33137
33138
33139
33140
33141
33142
33143
33144
33145
33146
33147
33148
33149
33150
33151
33152
33153
33154
33155
33156
33157
33166
33167
33168
33169
33170
33171
33172
33173
33174
33175
33176
33177
33178
33179
33180
33181
33182
33183
33184
33185
33186
33187
33188
33189
33190
33191
33192
33193
33201
33202
33203
33204
33294
33295
33296
33297
33298
33299
33300
33301
33302
33483
33484
33488
33489
33490
33491
33492
33493
33494
33495
33497
33498
33499
33500
33501
33502
33503
33505
33506
33507
33508
33509
33510
33511
33512
33513
33515
33516
33517
33518
34025
34026
34027
34028
34029
34030
34031
34053
34054
34055
34056
34057
34058
34059
34095
34096
34097
34098
34099
34100
34101
34102
34103
34104
34105
34106
34107
34108
34109
34110
34111
34112
34113
34114
34115
34116
34117
34118
34119
34120
34121
34122
34123
34124
34125
34126
34127
34128
34129
34130
34131
34132
34133
34134
34135
34136
34137
34138
34399
34400
34401
34402
34403
34517
34518
34519
34520
34521
34625
34626
34627
34628
34629
34745
34746
34747
34748
34749
34750
34751
34752
34753
34754
34850
34851
34852
34853
34854
34855
34856
34857
34858
34859
34860
34861
34862
34863
34864
34865
34866
34867
34868
34869
34870
34871
34872
34873
34874
34875
34876
34877
34878
34879
34880
34881
34882
34883
34884
34885
34886
34887
34888
34889
34890
34891
34892
34893
34894
34895
34896
34897
34898
34899
34900
34901
34902
34903
34904
34905
34906
34907
34908
34909
34910
34911
35102
35103
35104
35105
35106
35107
35108
35109
35113
35114
35115
35116
35117
35118
35119
35120
35121
35122
35123
35127
35128
35129
35130
35131
35132
35133
35134
35135
35136
35137
35141
35142
35143
35144
35145
35146
35147
35148
35149
35150
35151
35152
35153
35154
35155
35156
35157
35158
35159
35473
35474
35487
35488
35501
35502
35515
35516
35708
35709
35722
35723
35724
35737
35738
35739
35752
35783
35785
35787
35788
35789
35824
35826
35828
35829
35830
35865
35867
35869
36025
36047
36048
36049
36060
36074
36075
36275
36277
36286
36287
36288
36289
36298
36299
36300
36301
36303
36304
36305
36306
36307
36308
36309
36310
36382
36383
36384
36428
36429
36430
36480
36481
36482
36527
36529
36530
36531
36532
36567
36568
36569
36570
36571
36572
36573
36574
36575
36576
36577
36578
36579
36581
36649
36651
36652
36654
36656
36657
36658
36828
36830
36831
36832
36833
36834
36835
36836
36841
36842
36843
36844
36845
36847
36848
37019
37020
37021
37022
37023
37024
37025
37026
37027
37028
37029
37030
37031
37032
37146
37147
37152
37353
37359
37360
37361
37362
37367
37368
37369
37370
37372
37373
37374
37375
37376
37377
37378
37379
37380
37381
37382
37383
37385
37480
37481
37482
37483
37484
37485
37486
37487
37543
37544
37545
37546
37547
37548
37549
37550
37608
37609
37610
37611
37612
37613
37614
37615
37669
37671
37672
37673
37674
37675
37676
37677
37678
37679
37680
37727
37729
37730
37731
37732
37733
37734
37735
37736
37737
37738
37739
37740
37741
37742
37743
37744
37745
37746
37747
37748
37749
37750
37834
37835
37836
37837
37838
37839
37840
37841
37842
37872
37874
37963
37964
37965
38137
38140
38141
38142
38143
38144
38145
38146
38147
38148
38149
38150
38151
38152
38153
38154
38155
38156
38157
38158
38160
38161
38162
38163
38165
38166
38279
38281
38282
38283
38284
38285
38286
38293
38294
38295
38296
38297
38298
38299
38300
38301
38302
38304
38410
38411
38412
38413
38414
38415
38416
38417
38418
38419
38420
38421
39208
39247
39248
39249
39250
39251
39252
39253
39254
39292
39293
39294
39295
39296
39297
39298
39299
39335
39336
39337
39338
39339
39340
39341
39342
39343
40056
40107
40108
40109
40110
40111
40112
40113
40114
40115
40163
40164
40165
40166
40167
40168
40169
40170
40171
40217
40218
40219
40220
40221
40222
40223
40224
40225
40226
40278
40279
40754
40755
40757
40785
40786
40787
40788
40789
40790
40791
40792
40793
40795
40823
40824
40825
40826
40827
40828
40829
40830
40831
40833
40862
40863
40864
40865
40866
40867
40868
40877
40878
40879
40880
40881
40882
40883
40884
40885
40886
41112
41113
41114
41115
41116
41124
41125
41126
41127
41128
41134
41135
41136
41137
41138
41139
41140
41141
41152
41153
41154
41155
41156
41157
41158
41387
41388
41389
41390
41391
41397
41398
41399
41400
41406
41407
41408
41409
41410
41428
41429
41430
41431
41432
41433
41434
41435
41436
41437
41438
41439
41440
41441
41999
42000
42001
42002
42003
42005
42040
42041
42042
42043
42044
42050
42051
42052
42053
42054
42055
42056
42057
42058
42059
42514
42515
42516
42517
42518
42544
42545
42546
42547
42548
42574
42575
42576
42577
42578
42579
42580
42583
42630
42631
42711
42716
42721
42722
42723
42743
42744
42757
42758
42770
42771
43188
43189
43212
43213
43214
43215
43216
43217
43218
43219
43220
43238
43239
43240
43241
43242
43243
43244
43245
43246
43252
43253
43254
43255
43256
43257
43258
43259
43260
43261
43262
43263
43264
43265
43266
43327
43328
43329
43330
43331
43332
43333
43334
43676
43677
43693
43694
43695
43711
43712
43713
43727
43728
43729
43730
43731
43732
43733
43734
43735
43766
43767
43768
43769
43770
43771
43772
43965
43966
43967
43968
43969
43970
43971
43972
43973
43974
43975
43976
43977
43978
44004
44005
44006
44007
44008
44009
44225
44226
44227
44228
44229
44230
44231
44232
44233
44234
44235
44236
44260
44261
44262
44263
44264
44265
44461
44462
44463
44464
44465
44466
44467
44468
44469
44470
44471
44472
44473
44474
44475
44476
44477
44478
44479
44480
44481
44482
44483
44484
44485
44486
44487
44507
44508
44509
44510
44511
44512
44513
44515
44516
44518
44519
44520
44521
44673
44674
44675
44676
44677
44678
44679
44680
44681
44682
44683
44684
44685
44686
44687
44688
44689
44690
44691
44692
44693
44694
44717
44718
44719
44720
44721
44722
44723
44724
44725
44726
44727
44728
44729
44730
44731
44732
44733
44734
44735
44865
44869
44870
44871
44875
44879
44880
44881
44882
44906
44907
44908
45078
45079
45080
45081
45086
45087
45088
45089
45091
45092
45093
45094
45095
45096
45097
45098
45099
45100
45101
45102
45103
45104
45105
45106
45217
45218
45219
45220
45221
45222
45223
45224
45225
45226
45306
45307
45308
45309
45310
45311
45312
45313
45390
45391
45392
45393
45394
45395
45396
45397
45463
45464
45465
45466
45467
45468
45469
45470
45471
45472
45473
45474
45475
45476
45530
45531
45532
45533
45534
45535
45536
45537
45538
45539
45540
45541
45542
45543
45544
45545
45546
45547
45548
45618
45619
45620
45622
45623
45730
45731
45732
45733
45734
45735
45736
45737
45769
45771
45855
45858
45859
45862
45863
45864
45865
45866
45867
45868
45869
45921
45922
45923
45924
45956
45957
45958
45959
45993
45994
45995
45996
46030
46031
46032
46033
46034
46035
46063
46064
46065
46066
46067
46068
46069
46070
46071
46072
46073
46074
46075
46392
46393
46394
46395
46396
46397
46398
46403
46404
46405
46406
46407
46408
46409
46417
46418
46419
46423
46424
46425
46426
46427
46428
46429
46430
46431
46432
46438
46670
46671
46672
46673
46674
46677
46678
46679
46680
46681
46684
46685
46686
46704
46705
46706
46707
47026
47027
47028
47029
47030
47031
47032
47033
47034
47035
47036
47037
47038
47039
47043
47044
47045
47046
47047
47048
47049
47050
47357
47358
47368
47369
47370
47371
47372
47373
47374
47410
47411
47412
47413
47414
47415
47416
47417
47418
47423
47603
47604
47605
47609
47610
47611
47612
47613
47614
47621
47622
47623
47624
47625
47626
47627
47628
47629
47631
47784
47785
47786
47790
47791
47792
47793
47794
47795
47796
47797
47798
47799
47800
47801
47802
47803
47804
47885
47886
47887
47888
47889
47890
47891
47892
47946
47947
47948
47949
47950
47951
48002
48003
48004
48005
48006
48007
48049
48050
48051
48052
48053
48054
48055
48056
48098
48099
48100
48101
48102
48103
48104
48105
48106
48107
48108
48109
48110
48111
48112
48113
48200
48201
48204
48205
48208
48209
48210
48211
48212
48213
48493
48494
48495
48496
48497
48498
48499
48507
48508
48509
48510
48511
48512
48513
48517
48518
48519
48520
48521
48522
48523
48526
48527
48528
48529
48530
48531
48532
48533
48534
48535
48536
48537
48538
48539
48543
48544
48713
48720
48722
48723
48724
48725
48730
48731
48732
48733
48734
48735
48887
48888
48889
48890
48891
48892
48893
48901
48902
48903
48904
48905
48906
48907
49064
49065
49066
49067
49068
49069
49070
49078
49079
49080
49081
49082
49083
49084
49217
49218
49219
49220
49221
49222
49223
49224
49225
49226
49227
49228
49236
49237
49238
49239
49240
49241
49242
49243
49244
49245
49246
49247
49370
49371
49372
49373
49374
49375
49376
49377
49378
49379
49380
49381
49382
49383
49384
49385
49386
49387
49388
49389
49390
49391
49392
49393
49394
49395
49396
49397
49398
49406
49407
49408
49409
49410
49411
49412
49413
49414
49415
49416
49417
49418
49419
49420
49421
49422
49423
49424
49425
49426
49427
49428
49429
49430
49431
49432
49433
49434
49435
49436
49437
49438
49570
49571
49572
49576
49577
49578
49582
49583
49584
49585
49616
49617
49618
49815
49816
49817
49818
49819
49820
49821
49822
49823
49824
49825
49826
49827
49834
49835
49836
49837
49838
49839
49840
49841
49842
49843
49844
49845
49846
49847
50013
50014
50015
50016
50017
50018
50019
50020
50021
50022
50023
50024
50025
50026
50226
50233
50309
50322
50348
50413
50437
50438
50439
50440
50441
50442
50443
50444
50445
50446
50447
50448
50449
50450
50451
50452
50453
50549
50550
50551
50552
50553
50554
50555
50556
50557
50558
50559
50591
50674
50675
50676
50856
50857
50858
50859
50860
50861
50862
50863
50864
50865
50866
50867
50868
50869
50870
50871
50872
50873
50874
50876
50877
50878
50879
50880
50881
50883
51030
51032
51033
51034
51035
51036
51037
51038
51039
51040
51041
51050
51051
51052
51053
51054
51055
51056
51057
51058
51059
51060
51061
51062
51063
51064
51193
51194
51195
51196
51197
51198
51199
51200
51201
51202
51203
51204
51205
51206
51664
51665
51666
51667
51668
51669
51673
51674
51675
51679
51680
51681
51682
51683
51684
51840
51841
51842
51843
51978
51979
51980
51981
51982
51983
51984
51985
51986
51987
51988
51989
51990
51991
51992
51993
52107
52108
52109
52119
52120
52121
52326
52327
52328
52329
52330
52331
52342
52343
52344
52345
52346
52347
52348
52356
52357
52358
52359
52360
52361
52362
52363
52364
52365
52366
52367
52368
52582
52583
52585
52586
52588
52589
52649
52650
52651
52659
52660
52661
52666
52667
52668
52786
52787
52788
52795
52796
52797
52798
52799
52800
52915
52916
52917
52918
52919
52920
52924
52925
52926
52927
52928
52929
52990
52991
52992
52993
52994
52995
53284
53285
53286
53287
53288
53289
53290
53291
53292
53293
53294
53295
53296
53297
53298
53299
53300
53301
53302
53303
53304
53308
53309
53362
53363
53364
53365
53366
53367
53368
53369
53772
53773
53783
53784
53794
53795
54538
54539
54540
54542
54544
54546
54547
54602
54603
54604
54605
54606
54607
54608
54610
54611
54657
54658
54659
54660
54661
54662
54663
54664
54665
54666
54668
54669
54671
54746
54747
54748
54749
54750
54751
54752
54753
55496
55497
55498
55500
55501
55545
55546
55547
55548
55549
55550
55551
55552
55554
55555
55598
55599
55600
55601
55602
55603
55604
55606
55638
55639
55640
55641
55642
55643
55644
55661
55662
55663
55664
55665
55666
55667
55668
55928
55931
55932
55935
55936
55937
55938
55939
55940
55949
55950
55951
55952
55953
55954
55955
55956
55957
55970
55971
55972
55973
55974
55975
55976
55977
55978
55979
55980
55981
55982
55984
55985
55986
56232
56234
56245
56246
56247
56248
56249
56250
56251
56256
56257
56258
56259
56260
56261
56262
56263
56273
56274
56275
56276
56277
56278
56279
56280
56281
56282
56283
56284
56285
56286
56287
56289
56660
56676
56677
56678
56679
56680
56681
56698
56699
56700
56701
56702
56703
56728
56729
56730
56731
56732
56733
56734
56735
56736
56737
56779
56780
56781
57316
57349
57382
57383
57384
57385
57386
57387
57388
57390
57412
57413
57414
57415
57416
57417
57418
57419
57420
57435
57436
57437
57438
57439
57549
57555
57561
57562
57590
57591
57592
57593
57594
57595
57596
58084
58087
58088
58089
58090
58092
58093
58112
58113
58114
58115
58116
58117
58118
58119
58120
58121
58143
58144
58145
58146
58147
58148
58149
58150
58151
58152
58157
58158
58159
58160
58161
58162
58163
58164
58165
58166
58167
58168
58170
58409
58410
58411
58412
58413
58414
58415
58416
58417
58418
58419
58420
58421
58422
58423
58424
58425
58426
58427
58428
58651
58652
58653
58654
58655
58656
58657
58658
58659
58660
58661
58662
58663
58664
58903
58904
58905
58906
58907
58908
58909
58910
58911
58912
58913
58914
58915
58916
59139
59140
59141
59143
59148
59149
59150
59151
59152
59153
59154
59155
59156
59157
59158
59159
59160
59161
59162
59163
59164
59165
59166
59167
59168
59169
59170
59343
59344
59345
59346
59347
59348
59349
59350
59351
59352
59353
59354
59355
59356
59357
59358
59359
59360
59361
59362
59363
59364
59365
59366
59367
59368
59369
59370
59371
59372
59373
59374
59375
59376
59377
59378
59379
59380
59381
59382
59383
59384
59385
59386
59387
59388
59389
59390
59391
59392
59393
59394
59395
59396
59397
59398
59399
59400
59401
59402
59403
59404
59405
59406
59407
59411
59413
59414
59415
59416
59417
59422
59548
59550
59551
59552
59554
59718
59719
59729
59730
59740
59741
60242
60243
60244
60245
60251
60252
60253
60254
60259
60260
60261
60262
60263
60264
60265
60266
60267
60268
60269
60270
60271
60272
60276
60277
60278
60279
60280
60281
60282
60283
60284
60285
60286
60287
60288
60305
60306
60307
60308
60309
60310
60311
60312
60313
60314
60315
60316
60317
60318
60319
60320
60321
60322
60323
60324
60325
60326
60327
60328
60332
60334
60335
60336
60337
60338
60339
60341
60343
60492
60493
60494
61136
61137
61138
61139
61140
61141
61142
61143
61144
61145
61146
61147
61148
61149
61150
61151
61152
61153
61154
61155
61156
61157
61158
61159
61160
61161
61162
61163
61164
61165
61166
61167
61168
61169
61170
61171
61172
61173
61174
61175
61176
61177
61178
61179
61180
61181
61182
61183
61184
61185
61186
61187
61188
61189
61717
61737
61738
61739
61740
61741
61742
61743
61744
61745
61746
61747
61748
61749
61750
61768
61769
61770
61771
61772
61773
61982
61983
61984
61985
61986
61987
61988
61990
61991
61992
61993
61995
61996
62541
62550
62551
62552
62553
62571
62572
62573
62574
62575
62576
62577
62578
62579
62580
62581
62582
62583
62584
62600
62601
62602
62603
62604
62605
62606
62607
62608
62609
62610
62611
62612
62613
62617
62618
62619
62620
62621
62622
62623
62624
62625
62626
62627
62628
62629
62630
62631
62632
62633
62634
62635
62636
62637
62638
62639
62640
62641
62642
62643
62644
62645
62646
62647
62648
62649
62650
62651
62652
62653
62654
62655
62657
62658
62659
62660
62661
62662
62663
62664
62666
62669
63006
63007
63008
63009
63010
63011
63012
63013
63014
63015
63016
63017
63018
63019
63020
63021
63022
63023
63024
63025
63026
63027
63028
63029
63030
63031
63032
63033
63205
63206
63207
63208
63209
63210
63211
63212
63213
63214
63215
63216
63217
63218
63219
63220
63221
63222
63223
63224
63225
63226
63227
63228
63401
63402
63403
63404
63405
63406
63407
63408
63409
63410
63411
63412
63413
63414
63415
63416
63417
63418
63419
63420
63421
63422
63423
63424
63581
63582
63583
63584
63586
63587
63588
63589
63590
63591
63592
63593
63594
63595
63596
63597
63598
63599
63600
63601
63602
63603
63604
63605
63606
63607
63608
63609
63610
63611
63612
63613
63614
63615
63762
63763
63764
63765
63769
63770
63771
63772
63773
63774
63775
63776
63777
63778
63779
63780
63781
63782
63783
63784
63785
63786
63787
63788
63789
63790
63791
63792
63793
63794
63795
63796
63797
63798
63799
63800
63801
63802
63803
63804
63805
63806
63807
63808
63809
63810
63811
63812
63813
63814
63815
63816
63817
63818
63819
63820
63821
63822
63823
63824
63825
63826
63827
63828
63829
63830
63831
63832
63833
63834
63835
64179
64189
64190
64191
64192
64193
64194
64195
64196
64197
64198
64199
64200
64201
64202
64203
64204
64205
64206
64207
64208
64209
64210
64211
64212
64213
64214
64215
64216
64220
64221
64222
64223
64224
64225
64226
64227
64228
64229
64231
64339
64340
64344
64413
64414
64415
64416
64417
64418
64428
64429
64430
64431
64432
64433
64816
64817
64818
64819
64820
64821
65152
65153
65154
65157
65158
65159
65160
65161
65162
65163
65164
65165
65166
65167
65168
65169
65170
65171
65172
65173
65174
65175
65176
65177
65178
65179
65180
65181
65182
65183
65184
65185
65186
65187
65188
65189
65190
65191
65192
65193
65194
65196
65198
65199
65200
65201
65202
65203
65204
65205
65206
65208
65210
65211
65428
65429
65430
65431
65432
65433
65434
65435
65436
65437
65438
65439
65452
65453
65454
65455
65456
65457
65458
65459
65460
65461
65462
65463
65464
65465
65466
65467
65468
65469
65470
65471
65472
65473
65474
65476
65679
65680
65681
65682
65683
65684
65685
65686
65687
65688
65689
65690
65691
65692
65693
65694
65695
65696
65697
65698
65699
65700
65701
65702
66409
66410
66420
66421
66453
66454
66455
66477
66478
66479
66501
66502
66503
66527
66538
66539
66557
66558
66559
66583
66584
66585
66609
66610
66611
66612
66613
66623
66679
66680
66681
66682
66683
66686
66687
66688
66795
66796
66797
66798
66799
66800
66801
66802
66803
66804
66891
66893
67771
67772
67775
67776
67778
67782
67847
67848
67849
67850
67851
67852
67853
67855
67857
67859
67924
67925
67926
67927
67928
67929
67930
67932
67934
67936
68088
68090
68091
68092
68093
68098
68099
68100
68105
68106
68107
68108
68109
68110
68111
68112
68114
68215
68216
68217
68222
68223
68224
68229
68230
68231
68232
68233
68234
68235
68236
68238
68239
68339
68340
68341
68346
68347
68348
68353
68354
68355
68453
68454
68455
68486
68487
68488
68489
68490
68491
68543
68544
68545
68546
68547
68548
68549
68550
68551
68621
68622
68623
68624
68625
68626
68627
68628
68629
68700
68702
68703
68704
68705
68706
68707
68708
68709
68710
68711
68712
68713
68741
68742
68743
68909
68912
68913
68914
68915
68916
68917
68918
68919
68920
68921
68922
68923
68930
68931
68932
68933
68934
68935
68936
68937
68938
68941
69257
69258
69259
69260
69261
69262
69263
69264
69265
69266
69267
69268
69269
69270
69271
69272
69273
69274
69275
69276
69277
69278
69279
69280
69281
69282
69283
69284
69285
69286
69546
69552
70146
70147
70148
70149
70150
70151
70194
70195
70196
70197
70198
70199
70247
70784
70785
70786
70787
70788
70789
70832
70833
70834
70835
70836
70837
70885
71031
71032
71033
71034
71035
71038
71039
71040
71041
71042
71048
71049
71050
71051
71052
71058
71059
71060
71061
71062
71063
71064
71065
71066
71067
71244
71245
71246
71247
71248
71254
71255
71256
71257
71258
71264
71265
71266
71267
71268
71274
71275
71276
71277
71278
71279
71280
71281
71282
71283
71460
71461
71462
71463
71464
71470
71471
71472
71473
71474
71480
71481
71482
71483
71484
71490
71491
71492
71493
71494
71495
71496
71497
71498
71499
71500
71501
71502
71503
71504
71699
71700
71706
71707
71862
71870
71871
71873
71874
71875
71876
71877
71957
71961
71963
71965
71966
71967
71979
72042
72043
72044
72045
72046
72047
72055
72056
72057
72058
72059
72060
72145
72146
72147
72148
72149
72150
72151
72152
72162
72163
72164
72165
72166
72167
72244
72245
72246
72247
72248
72249
72250
72260
72261
72262
72263
72264
72265
72266
72268
72308
72309
72312
72313
72376
72380
72381
72382
72383
72413
72415
72416
72417
72439
72441
72442
72443
72460
72461
72554
72557
72560
72750
72751
72752
72753
72754
72755
72761
72762
72763
72764
72765
72766
72772
72776
72777
72778
72779
72780
72781
72783
72784
72785
73051
73052
73053
73054
73055
73056
73057
73058
73059
73060
73061
73062
73063
73064
73066
73067
73068
73069
73070
73071
73072
73073
73074
73075
73076
73077
73273
73287
73352
73353
73366
73367
73379
73380
73418
73419
73420
73424
73425
73426
73460
73461
73462
73466
73467
73468
73501
73502
73503
73504
73505
73509
73510
73511
73512
73513
73539
73540
73541
73542
73543
73547
73548
73549
73550
73551
73625
73626
73627
73628
73631
73632
73633
73634
73722
73788
73789
73790
73791
73792
73851
73853
73854
73855
73856
73857
73858
73860
73861
73862
73863
73864
73865
73866
73867
73918
73919
73939
73940
73953
73954
73955
73971
73972
73973
73991
73992
73993
73994
73995
74004
74005
74102
74103
74104
74105
74106
74107
74108
74120
74229
74230
74231
74232
74233
74234
74235
74236
74237
74238
74268
74269
74270
74274
74275
74276
74371
74372
74374
74375
74423
74424
74426
74427
74468
74469
74582
74583
74584
74585
74586
74587
74588
74589
74590
74592
74618
74619
74620
74621
74622
74623
74765
74766
74767
74833
74835
74879
74915
74927
74969
74978
74979
74980
75019
75020
75021
75024
75025
75026
75027
75071
75072
75073
75074
75075
75804
75806
75807
75808
75809
75811
75813
75814
75864
75865
75866
75867
75868
75869
75870
75871
75873
75874
75927
75928
75929
75930
75931
75932
75933
75935
76069
76070
76071
76072
76073
76077
76078
76079
76083
76084
76085
76086
76087
76088
76089
76090
76092
76093
76205
76206
76207
76213
76214
76215
76220
76221
76222
76223
76224
76225
76226
76227
76228
76229
76335
76336
76337
76338
76343
76344
76345
76346
76347
76351
76352
76353
76354
76466
76467
76501
76502
76503
76504
76505
76506
76566
76567
76568
76569
76570
76571
76572
76573
76574
76575
76576
76577
76664
76665
76666
76667
76668
76669
76670
76671
76672
76673
76674
76675
76761
76762
76763
76764
76765
76766
76767
76768
76769
76770
76771
76772
76773
76774
76775
76776
76777
76778
76810
76811
77018
77020
77021
77022
77023
77024
77025
77026
77027
77028
77029
77030
77031
77032
77033
77034
77035
77036
77037
77046
77047
77048
77049
77050
77051
77052
77053
77054
77055
77056
77057
77059
77061
77501
77502
77503
77504
77505
77506
77507
77508
77509
77510
77511
77512
77513
77514
77515
77516
77517
77518
77519
77520
77521
77522
77523
77524
77525
77526
77527
77528
77529
77530
77531
77532
77533
77534
77535
77536
77537
77538
77539
77540
77541
77888
77889
77891
77892
77897
77898
77899
77900
78951
78952
78953
79034
79035
79036
79037
79038
79039
79040
79041
79042
79043
79044
79045
79046
79130
79131
79132
79133
79134
79135
79136
79137
79138
79139
79140
79141
79142
79851
79852
79853
79902
79903
79904
79905
79906
79907
79908
79909
79910
79962
79963
79964
79965
79966
79967
79968
79969
79970
80404
80405
80406
80407
80408
80409
80410
80411
80412
80413
80414
80415
80416
80421
80422
80423
80424
80425
80426
80427
80428
80429
80430
80431
80432
80433
80447
80448
80449
80450
80451
80452
80453
80454
80455
80456
80457
80458
80459
80460
80475
80476
80477
80478
80479
80480
80481
80482
80483
80484
80485
80486
80487
80488
80489
80490
80491
80492
80493
80494
80495
80496
80497
80498
80499
80500
80501
80917
80918
80919
80920
80921
80922
80923
80924
80925
80938
80939
80940
80941
80942
80943
80944
80945
80946
80947
80958
80959
80960
80961
80962
80963
80964
80965
80966
80967
80968
80969
80970
80971
80986
80987
80988
80989
80990
80991
80992
80993
80994
80995
80996
80997
80998
80999
81000
81001
81002
81003
81004
81406
81407
81408
81409
81410
81411
81412
81413
81414
81415
81416
81417
81418
81419
81430
81431
81432
81433
81434
81435
81436
81437
81438
81439
81450
81451
81452
81453
81454
81455
81456
81457
81458
81459
81460
81461
81462
81463
81486
81487
81488
81489
81490
81491
81492
81493
81494
81495
81496
81497
81498
81499
81500
81501
81502
81503
81504
81505
81506
81507
81508
81509
81510
81511
81512
81513
81515
81516
81517
81518
81519
81520
81521
81522
81976
81977
81978
81979
81980
81981
81996
81997
81998
81999
82000
82001
82197
82198
82199
82200
82201
82202
82209
82210
82211
82212
82213
82214
82314
82315
82316
82317
82318
82319
82326
82327
82328
82329
82330
82331
82424
82425
82426
82427
82428
82429
82430
82431
82432
82433
82440
82441
82442
82443
82444
82445
82446
82447
82448
82449
82513
82514
82515
82516
82517
82518
82588
82589
82590
82591
82592
82593
82594
82595
82836
82837
82838
82839
82840
82841
82848
82849
82850
82851
82852
82853
82860
82861
82862
82863
82864
82865
82866
82867
82868
82869
82871
83178
83179
83180
83181
83182
83183
83184
83185
83186
83187
83188
83189
83190
83191
83192
83193
83194
83195
83196
83197
83198
83199
83200
83201
83202
83203
83204
83205
83206
83207
83568
83569
83570
83571
83572
83573
84334
84340
84394
84395
84396
84397
84398
84399
84400
84401
84402
84403
84404
84458
84459
84460
84461
84462
84463
84464
84465
84466
84467
84468
84661
84662
84672
84673
84836
84837
84838
84839
84840
84841
84842
84845
84846
84847
84848
84849
84850
84851
84854
84855
84856
84857
84858
84859
84860
84861
84868
84869
85028
85029
85030
85031
85032
85033
85034
85037
85038
85039
85040
85041
85042
85045
85046
85047
85048
85049
85050
85051
85052
85058
85059
85223
85224
85225
85226
85227
85228
85231
85232
85233
85234
85235
85236
85239
85240
85241
85242
85243
85244
85253
85254
85255
85414
85415
85416
85417
85418
85486
85487
85488
85489
85490
85491
85492
85493
85494
85495
85496
85587
85588
85589
85590
85591
85592
85593
85594
85595
85596
85597
85598
85599
85600
85601
85602
85721
85722
85723
85724
85725
85726
85727
85728
85729
85730
85731
85732
85733
85734
85735
85736
85855
85856
85857
85858
85859
85860
85861
85862
85863
85864
85865
85866
85867
85868
85869
85870
85871
85872
85873
85874
85875
85876
85877
85878
85879
85880
85924
85925
85926
85927
86197
86198
86199
86200
86201
86202
86203
86204
86205
86206
86207
86208
86209
86210
86211
86212
86213
86214
86215
86216
86217
86218
86219
86220
86221
86232
86233
86234
86235
86236
86237
86238
86239
86240
86241
86242
86243
86244
86245
86246
86247
86755
86756
86757
86758
86759
86760
86761
86762
86763
86764
86765
86766
86767
86768
86769
86770
86771
86772
86773
86774
86775
86776
86777
86778
86779
86780
86781
86782
86783
86784
86785
86786
86787
86788
86789
86790
86791
86792
86793
86794
86795
86796
86797
86798
86799
87206
87207
87208
87209
87210
87215
87216
87217
87218
87219
87230
87685
87686
87688
87717
87718
87719
87721
87750
87751
87752
87754
89889
89891
89892
89893
89894
89895
89897
89898
89901
89902
89903
89904
89905
89906
89909
89910
89915
89919
89920
89921
90078
90079
90080
90081
90082
90083
90084
90085
90086
90087
90088
90089
90090
90091
90092
90093
90094
90095
90098
90099
90103
90104
90108
90109
90110
90273
90274
90275
90276
90277
90278
90279
90280
90281
90282
90283
90284
90285
90286
90287
90290
90291
90294
90295
90299
90300
90783
90785
90786
90787
90792
90793
90798
90799
90800
90801
90802
90803
90804
90805
90806
90807
90808
90827
90828
90829
90830
90831
90832
90833
90834
90835
90836
90837
90838
90855
90856
90857
90858
90859
90860
90861
90862
90863
90864
90865
90866
90867
90868
90869
90870
90871
90872
90873
90874
90875
90876
90877
90878
90879
90880
90881
90882
90883
90885
90886
90887
90892
90894
90895
90896
91336
91342
91370
91371
91372
91373
91374
91375
91376
91377
91378
91379
91380
91381
91396
91397
91398
91399
91400
91401
91402
91403
91404
91405
91406
91407
91422
91423
91424
91425
91426
91427
91428
91429
91430
91431
91432
91433
91434
91435
91436
91437
91438
91439
91440
91441
91442
91443
91444
91445
91446
91447
91448
91450
91451
91452
91455
91456
91457
91458
91459
91460
91461
91918
91919
91920
91921
91922
91923
91924
91925
91926
91927
91928
91943
91944
91945
91946
91947
91948
91949
91950
91951
91952
91953
91954
91955
91970
91971
91972
91973
91974
91975
91976
91977
91978
91979
91980
91981
92091
92092
92093
92094
92095
92096
92097
92098
92099
92402
92403
92404
92405
92406
92407
92408
92409
92410
92546
92547
92548
92549
92550
92551
92552
92553
92554
92555
92556
92557
92558
92559
92560
92561
92562
92563
92564
92722
92723
92724
92725
92726
92727
92728
92729
92730
92731
92732
92733
92734
92735
92736
92737
92738
92739
92740
92741
92742
92743
92744
92745
92746
92747
92748
92952
92953
92954
92955
92956
92957
92958
92959
92960
92961
92962
92963
92964
92965
92966
92967
92968
92969
92970
92971
92972
92973
92974
92975
92976
92977
92978
93196
93197
93198
93200
93201
93202
93203
93204
93205
93206
93207
93208
93209
93210
93211
93212
93213
93214
93215
93216
93217
93218
93219
93220
93221
93222
93223
93224
93225
93226
93227
93228
93229
93230
93231
93232
93233
93234
93235
93236
93314
93315
93316
93317
93318
93319
93320
93321
93843
93844
93845
93846
93851
93852
93853
93854
93855
93856
93857
93858
93859
93860
93861
93862
93863
93864
93865
93866
93867
93868
93869
93870
93871
93872
93873
93874
93875
93876
93877
93878
93879
93880
93881
93882
93883
93884
93885
93886
93887
93906
93907
93908
93909
93910
93911
93912
93913
93914
93915
93916
93917
93918
93919
93920
93921
93922
93923
93924
93925
93926
93927
93928
93929
93930
93931
93932
93933
93934
93935
93937
93940
93943
94937
94938
94939
94940
94941
94942
94943
94944
94945
94946
94947
94948
94949
94950
94951
94952
94953
94954
94955
94956
94957
94958
94959
94960
94961
94962
94963
94964
94965
94966
94967
94968
94969
94970
94971
94972
94973
94974
94975
94976
94977
94978
94979
94980
94981
94982
94983
94984
94985
94986
94987
94988
94989
94990
94991
94992
94993
94994
94995
94996
94997
94998
94999
95000
95001
95002
95003
95004
95005
95006
95007
95008
95009
95010
95011
95012
95013
95014
95015
95016
95017
95018
95019
95020
95021
95022
95023
95024
95025
95706
95707
95708
95720
95721
95884
95885
95896
95897
95965
95967
95968
95969
95970
95975
95976
95977
95982
95983
95984
95985
95986
95988
96056
96057
96058
96063
96064
96065
96070
96071
96072
96073
96074
96076
96077
96228
96229
96230
96231
96232
96233
96264
96265
96266
96267
96268
96269
96472
96478
96480
96481
96482
96483
96484
96485
96486
96487
96488
96501
96502
96503
96504
96505
96506
96507
96508
96509
96522
96523
96524
96525
96526
96527
96528
96529
96530
96531
96532
96533
96534
96535
96536
96540
96541
96542
96744
96745
96746
96747
96748
96749
96750
96751
96752
96765
96766
96767
96768
96769
96770
96771
96772
96773
96786
96787
96788
96789
96790
96791
96792
96793
96794
96795
96796
96797
96798
96799
96800
96804
96805
96806
96807
96809
97164
97165
97167
97213
97214
97217
97218
97219
97220
97221
97227
97229
97230
97231
97232
97233
97234
97304
97311
97363
97365
97375
97377
97408
97410
97412
97413
97439
97440
97441
97442
97480
97606
97607
97608
97609
97610
97611
97612
97613
97616
97617
97618
97619
97620
97621
97622
97623
97632
97633
97636
97637
97638
97639
97640
97641
97642
97643
97644
97645
97836
97837
97838
97839
97840
97841
97842
97843
97844
97859
97860
97861
97862
97863
97864
97865
97866
97867
97868
97879
97880
97881
97885
97886
97887
97888
97889
97890
97891
97892
97893
97895
97896
97897
97898
97899
97900
97901
97902
98138
98139
98150
98151
98152
98163
98164
98168
98169
98170
98171
98172
98173
98174
98335
98337
98347
98349
98380
98382
98384
98385
98411
98412
98413
98414
98452
98617
98618
98619
98620
98621
98622
98623
98624
98625
98635
98636
98637
98638
98639
98640
98641
98642
98643
98653
98654
98655
98656
98657
98658
98659
98660
98661
98662
98663
98664
98666
98667
98824
98825
98826
98827
98828
98829
98830
98831
98832
98838
98839
98840
98841
98842
98843
98844
98845
98846
98854
98855
98856
98857
98858
98859
98860
98861
98862
98863
98864
98865
98866
98867
98868
98869
98871
99180
99181
99182
99183
99184
99185
99186
99187
99231
99232
99233
99234
99235
99236
99237
99238
99239
99517
99518
99519
99524
99525
99527
99528
99529
99530
99531
99532
99533
99534
99535
99536
99537
99538
99539
99540
99541
99558
99559
99560
99561
99562
99563
99564
99565
99566
99567
99568
99569
99586
99587
99588
99589
99590
99591
99592
99593
99594
99595
99596
99597
99598
99599
99600
99601
99602
99603
99604
99605
99610
99611
99612
99613
99614
99897
99898
99899
99900
99901
99902
99903
99904
99905
99906
99907
99908
99929
99930
99931
99932
99933
99934
99935
99936
99937
99938
99939
99958
99959
99960
99961
99962
99963
99964
99965
99966
99967
99968
99969
99970
99971
99972
99973
99974
99975
99976
99977
99978
99983
99984
99985
99986
99987
99988
99989
100500
100501
100502
100503
100504
100505
100509
100510
100511
100651
100652
100653
100654
100655
100656
100663
100664
100665
100666
100667
100668
100669
100670
100671
100672
100673
100674
100675
100676
100677
100678
100695
100696
100697
100701
100702
100703
100704
100705
100706
100707
100708
100709
100710
100711
100712
100713
100714
100715
100716
100717
100718
100719
100936
100937
100938
100958
100959
100960
101117
101118
101119
101123
101124
101125
101153
101154
101155
101159
101160
101161
101252
101253
101254
101258
101259
101260
101264
101265
101266
101267
101268
101345
101346
101347
101348
101349
101350
101351
101352
101353
101354
101355
101356
101468
101469
101470
101474
101476
101572
101573
101574
101575
101580
101581
101582
101583
101588
101589
101590
101591
101592
101593
101595
101672
101673
101674
101675
101680
101681
101682
101683
101688
101689
101690
101691
101692
101693
101694
101695
101944
101945
101946
101947
101948
101949
101950
101951
101952
101953
101954
101955
101956
101957
101958
101959
101960
101961
101962
101963
101974
101975
101976
101977
101978
101979
101980
101981
101982
101983
102194
102195
102196
102197
102198
102199
102200
102201
102202
102203
102224
102225
102226
102227
102228
102229
102230
102231
102232
102233
102234
102235
102236
102237
102238
102239
102240
102241
102242
102243
102264
102265
102266
102267
102268
102269
102270
102271
102272
102273
102274
102275
102277
102278
102280
102281
102282
102284
102285
102286
102287
102288
102289
102290
102291
102292
102293
102805
102806
102807
102808
102809
102811
102812
102813
102814
102815
102817
102818
102881
102882
102883
102884
102885
102887
102888
102889
102890
102891
102892
102894
102895
103223
103225
103226
103227
103228
103232
103233
103234
103235
103236
103237
103238
103239
103240
103241
103242
103243
103244
103245
103246
103247
103248
103249
103269
103270
103271
103272
103273
103274
103275
103276
103277
103278
103279
103280
103281
103299
103300
103301
103302
103303
103304
103305
103306
103307
103308
103309
103310
103311
103312
103313
103314
103315
103316
103317
103318
103319
103320
103326
103327
103328
103329
103330
103627
103628
103629
103630
103631
103632
103633
103634
103635
103636
103637
103638
103639
103659
103660
103661
103662
103663
103664
103665
103666
103667
103668
103669
103670
103688
103689
103690
103691
103692
103693
103694
103695
103696
103697
103698
103699
103700
103701
103702
103703
103704
103705
103706
103707
103712
103713
103714
103715
103716
103717
103718
103719
104375
104376
104377
104378
104379
104380
104381
104382
104383
104384
104385
104386
104387
104391
104392
104393
104394
104395
104396
104397
104398
104399
104400
104401
104402
104403
104407
104408
104409
104410
104411
104412
104573
104574
104575
104576
104577
104578
104579
104580
104581
104582
104583
104584
104585
104589
104590
104591
104592
104593
104594
104595
104596
104597
104598
104599
104600
104601
104602
104606
104607
104608
104609
104610
104611
105374
105380
105385
105386
105387
105399
105400
105401
105402
105403
105404
105405
105406
105407
105408
105409
105410
105411
105412
105413
105414
105415
105416
105417
105418
105419
105420
105421
105422
105423
105424
105425
105426
105427
105428
105429
105430
105431
105473
105474
105475
105476
105477
105478
105479
105480
105481
105482
105483
105484
105485
105486
105487
105488
105489
105490
105491
105492
105493
105494
105495
105496
105497
105498
105499
105500
105501
105541
105542
105543
105544
105545
105546
105547
105548
105549
105550
105551
105552
105553
105554
105555
105556
105557
105558
105559
105560
105561
105562
105563
105564
105565
105566
105567
105568
105569
105570
105571
105572
105573
105574
105575
105576
105577
105578
105579
105580
105581
105582
105583
105584
105585
105586
105587
105588
105589
105590
105602
105603
105604
105605
105606
105607
105608
105609
105610
105611
105612
106271
106272
106273
106274
106275
106276
106277
106278
106279
106280
106281
106282
106283
106284
106285
106286
106287
106288
106289
106290
106291
106292
106293
106294
106295
106296
106297
106298
106299
106341
106342
106343
106344
106345
106346
106347
106348
106349
106350
106351
106352
106353
106354
106355
106356
106357
106358
106359
106360
106361
106362
106363
106364
106365
106366
106367
106368
106408
106409
106410
106411
106412
106413
106414
106415
106416
106417
106418
106419
106420
106421
106422
106423
106424
106425
106426
106427
106428
106429
106430
106431
106432
106433
106434
106435
106436
106437
106438
106439
106440
106441
106442
106443
106444
106445
106446
106447
106448
106449
106450
106451
106452
106453
106454
106455
106464
106466
106467
106468
106469
106470
106471
106472
106473
106474
106475
106476
106477
106478
106480
106482
106483
107607
107608
107687
107688
107689
107699
107700
107701
107747
107749
107879
107988
107990
108020
108022
108023
108024
108025
108026
108027
108028
108029
108030
108031
108032
108033
108034
108035
108036
108037
108038
108039
108040
108076
108077
108078
108079
108080
108081
108082
108266
108267
108268
108269
108276
108277
108278
108279
108286
108287
108288
108289
108349
108350
108351
108352
108353
108355
108356
108421
108422
108423
108424
108569
108576
108577
108578
108579
108580
108581
108582
108583
108584
108585
108586
108589
108590
108591
108592
108593
108594
108595
108596
108597
108598
108734
108735
108738
108739
108740
108741
108742
108743
108744
108745
108746
108747
108748
108749
108750
108751
108752
109367
109368
109376
109377
109403
109404
109405
109406
109407
109408
109409
109410
109411
109412
109413
109414
109439
109440
109441
109442
109443
109444
109445
109446
109447
109448
109449
109450
109477
109478
109479
109480
109481
109482
109483
109484
109485
109486
109487
109488
109489
109490
109491
109492
109493
109494
109495
109496
109497
109498
109499
109500
109501
109502
109503
109504
109505
109506
109507
109508
109509
109510
109511
109512
109513
109514
109517
109518
109519
109520
109521
109522
109523
109526
109817
109818
109819
109820
109914
109915
109916
109917
110015
110016
110017
110018
110111
110112
110114
110115
110116
110117
110118
110119
110120
110121
110195
110197
110198
110199
110200
110201
110202
110203
110204
110205
110206
110207
110208
110209
110210
110211
110212
110213
110214
110215
110216
110217
110218
110219
110220
110221
110222
110223
110224
110225
110226
110227
110228
110229
110230
110231
110232
110233
110234
110235
110236
110237
110238
110239
110240
110241
110390
110393
110394
110395
110400
110401
110402
110403
110404
110405
110410
110411
110412
110413
110414
110415
110420
110421
110422
110423
110424
110425
110426
110427
110428
110429
110430
110431
110433
110537
110538
110539
110540
110541
110542
110597
110598
110599
110600
110601
110602
110639
110640
110641
110642
110643
110644
110775
110776
110875
110877
110878
110879
110880
110881
110882
110883
110884
110885
110886
110887
110888
110889
110890
110891
110892
110893
110894
110895
110896
110897
110898
110900
110907
110908
111018
111020
111021
111022
111023
111028
111029
111030
111031
111032
111033
111035
111093
111094
111095
111096
111097
111098
111342
111343
111344
111345
111346
111347
111354
111355
111356
111357
111358
111359
111360
111361
111362
111363
111364
111369
111370
111371
111372
111373
111374
111375
111376
111377
111378
111379
111450
111451
111452
111453
111520
111521
111528
111529
111530
111622
111623
111632
111633
111634
111755
111762
111769
111770
112170
112171
112172
112173
112174
112175
112176
112177
112178
112179
112180
112181
112183
112184
112264
112265
112266
112267
112268
112269
112270
112271
112272
112273
112274
112275
112276
112277
112278
112279
112280
112281
112282
112283
112284
112285
112286
112287
112288
112290
112293
112550
112551
112552
112553
112554
112555
112557
112566
112567
112568
112569
112570
112571
112572
112573
112574
112575
112578
112579
112580
112581
112582
112842
112843
112844
112845
112856
112857
112858
112859
112871
112872
112873
112874
112875
112876
112877
112878
112879
112880
112881
112882
112883
112884
112999
113000
113001
113002
113080
113081
113082
113083
113163
113164
113165
113166
113241
113242
113243
113244
113245
113246
113248
113249
113298
113299
113300
113301
113302
113303
113304
113305
113306
113307
113308
113309
113310
113311
113312
113313
113314
113315
113316
113317
113318
113319
113320
113321
113322
113323
113324
113325
113748
113749
113750
113751
113752
113777
113778
113779
113780
113781
113806
113807
113808
113809
113810
113811
113812
113813
113814
113815
113816
113817
113818
113881
113882
114212
114226
114227
114228
114229
114230
114231
114245
114246
114247
114248
114249
114250
114267
114268
114269
114270
114271
114272
114273
114274
114275
114276
114277
114278
114279
114280
114281
114282
114283
114284
114285
114286
114287
114792
114793
114794
114795
114796
114797
114798
114909
114913
114914
114915
114916
114917
114918
114919
114920
114921
114922
114923
114924
114925
114926
114927
114928
114929
114930
114931
114932
114933
114934
114935
114936
114937
114938
114939
114940
114941
114942
114943
114944
114945
114946
114947
114948
114949
114950
114951
114952
114953
114954
114955
114956
114957
114964
115495
115496
115503
115504
115505
115507
115508
115512
115514
115530
115531
115532
115533
115534
115535
115536
115537
115538
115539
115540
115541
115542
115543
115544
115545
115546
115547
115548
115549
115550
115551
115552
115553
115554
115559
115560
115561
115570
115571
115572
115573
115574
115575
115576
115577
115578
115579
115580
115581
115582
115583
115584
115585
115586
115587
115588
115589
115590
115591
115592
115593
115594
115595
115596
115597
115598
115599
115600
115608
115609
115610
115611
115612
115613
115614
115615
115616
115617
115618
115619
115620
115621
115622
115623
115624
115625
115626
115627
115628
115629
115630
115631
115632
115633
115878
115879
115880
115881
115886
115887
115888
115889
115894
115895
115896
115897
115898
115899
115900
115901
115902
115903
115904
115905
115906
116482
116483
116484
116485
116513
116514
116515
116516
116517
116518
116519
116520
116521
116522
116546
116547
116548
116549
116550
116551
116552
116553
116554
116555
116577
116578
116579
116580
116581
116582
116583
116584
116585
116586
116587
116588
116589
116590
116591
116592
116593
116594
116595
116596
116597
116598
116603
116604
116605
116606
116607
116608
116823
116824
116825
116826
116934
116935
116936
116937
117051
117052
117053
117054
117149
117150
117151
117157
117158
117159
117160
117161
117162
117163
117164
117165
117166
117167
117168
117169
117170
117171
117172
117173
117179
117180
117181
117182
117183
117421
117422
117423
117424
117430
117436
117437
117438
117439
117440
117441
117442
117443
117444
117445
117446
117447
117453
117454
117455
117456
117457
117458
117459
117460
117461
117462
117463
117464
117465
117471
117472
117473
117474
117475
117476
117477
117478
117479
117480
117481
117482
117483
117484
117485
117486
117487
117488
117489
117490
117491
117492
117493
117494
117495
117496
117497
117498
117499
117625
117626
117628
117629
117631
117632
117662
117663
117664
117666
117667
117701
117702
117758
117759
117760
117762
117763
117800
117801
117802
117803
117804
117805
118030
118031
118033
118044
118045
118046
118047
118058
118059
118060
118061
118071
118072
118073
118074
118075
118076
118077
118078
118079
118080
118081
118082
118083
118084
118085
118086
118254
118255
118274
118275
118276
118277
118278
118279
118280
118281
118282
118283
118284
118285
118308
118309
118310
118311
118312
118313
118466
118467
118468
118469
118470
118471
118472
118473
118474
118500
118501
118502
118503
118688
118689
118690
118691
118693
118701
118702
118703
118704
118705
118706
118954
118955
118956
118957
118970
118971
118972
118973
118974
118975
118976
118977
118978
118979
118980
118981
118982
118983
118984
118985
118986
118987
118988
118989
118990
118991
118992
118993
118994
118995
118996
118997
118998
118999
119000
119001
119002
119003
119004
119005
119006
119007
119008
119009
119572
119573
119600
119601
119602
119603
119604
119605
119606
119607
119608
119609
119610
119634
119635
119636
119637
119638
119639
119640
119641
119642
119643
119644
119669
119670
119671
119672
119673
119674
119675
119676
119677
119678
119679
119680
119681
119682
119683
119684
119685
119686
119687
119688
119689
119690
119691
119692
119693
119694
119695
119696
119697
119698
119699
119700
119701
119702
119703
119704
119952
119953
119954
119955
119956
119957
120086
120087
120088
120089
120220
120221
120222
120223
120336
120337
120341
120342
120343
120344
120345
120346
120350
120352
120439
120440
120441
120442
120443
120444
120445
120446
120447
120448
120449
120450
120451
120452
120453
120454
120455
120456
120457
120458
120459
120460
120461
120462
120463
120464
120465
120466
120467
120468
120469
120470
120471
120472
120473
120474
120475
120476
120477
120478
120479
120480
120481
120482
120483
120484
120485
120486
120487
120488
120489
120490
120491
121197
121198
121199
121200
121201
121202
121203
121204
121205
121206
121243
121244
121245
121246
121247
121248
121249
121250
121251
121252
121289
121290
121291
121292
121293
121294
121295
121296
121297
121298
121299
121300
121301
121302
121303
121304
121305
121306
121307
121308
121309
121310
121311
121312
121313
121314
121426
121427
121428
121429
121430
121431
121433
121834
121835
121836
121837
121838
121839
121840
121841
121842
121855
121856
121857
121858
121859
121860
121861
121862
121863
121873
121874
121875
121876
121877
121878
121879
121880
121881
121882
121883
121884
121885
121886
121887
121888
121889
121890
121891
121892
121893
121894
121895
121896
121897
121898
121899
121903
121904
121905
122428
122429
122430
122431
122432
122433
122434
122435
122436
122437
122438
122439
122440
122441
122442
122443
122444
122445
122446
122447
122448
122449
122450
122451
122452
122453
122454
122455
122456
122457
122458
122459
122460
122461
122462
122463
122464
122465
122466
122467
122472
122473
122936
122945
122957
122958
122959
122960
122961
122962
122963
122964
122965
122966
122967
122968
122969
122970
122971
122972
122973
122974
122975
122976
122977
122978
122979
122980
122981
122982
122989
122990
122991
122992
122993
122994
122995
122996
122997
122998
122999
123000
123001
123002
123003
123004
123005
123006
123007
123008
123009
123010
123011
123012
123013
123014
123015
123016
123017
123024
123025
123026
123027
123028
123029
123030
123031
123032
123033
123034
123035
123036
123037
123038
123039
123040
123041
123042
123043
123044
123045
123046
123047
123048
123049
123050
123051
123052
123053
123054
123055
123056
123057
123058
123059
123060
123061
123062
123063
123064
123065
123066
123272
123273
123274
123276
123277
123281
123282
123283
123284
123285
123286
123288
123289
123290
123291
123292
123293
123294
123296
123330
123331
123332
123333
123335
123361
123362
123363
123394
123395
123432
123433
123434
123435
123436
123437
123566
123625
123626
123627
123628
123629
123630
123631
123632
123633
123634
123635
123636
123637
123638
123639
123644
123645
123721
123722
123723
123726
123727
123728
123729
123761
123762
123763
123764
124002
124003
124004
124005
124006
124007
124008
124009
124016
124017
124018
124019
124020
124021
124022
124023
124024
124025
124026
124027
124028
124029
124030
124031
124034
124035
124036
124037
124038
124039
124040
124041
124042
124043
124044
124045
124046
124047
124048
124049
124107
124108
124109
124110
124111
124112
124309
124310
124311
124312
124313
124314
124315
124316
124317
124318
124319
124320
124321
124322
124323
124324
124325
124326
124327
124328
124376
124377
124378
124379
124380
124381
124382
124383
124384
124591
124592
124593
124594
124595
124596
124600
124601
124602
124603
124604
124605
124606
124607
124608
124675
124676
124677
124678
124959
124960
124961
124962
124967
124969
124974
124975
124976
124977
124978
124979
124980
124981
124982
124983
124984
124985
124986
124987
124988
124989
124990
124991
124992
124996
124997
124998
124999
125000
125001
125002
125003
125004
125005
125006
125007
125008
125009
125010
125011
125015
125016
125017
125018
125019
125020
125021
125142
125143
125144
125145
125146
125147
125151
125152
125153
125154
125155
125156
125203
125204
125205
125206
125207
125208
125344
125345
125346
125350
125351
125352
125353
125357
125358
125359
125360
125419
125420
125484
125491
125492
125542
125547
125775
125778
125779
125780
125781
125932
125942
125952
125953
125954
125955
125956
125957
125958
125959
125960
125961
125962
125963
126318
126323
126324
126454
126455
126459
126460
126461
126462
126463
126464
126468
126469
126470
126471
126472
126474
126486
126487
126488
126581
126582
126583
126586
126587
126588
126590
126591
126592
126593
126594
126595
126596
126597
126598
126599
126600
126601
126602
126603
126604
126605
126606
126607
126608
126609
126610
126611
126881
126883
126897
126898
126899
126900
126901
126902
126904
126911
126912
126913
126914
126915
126916
126917
126919
127639
127640
127641
127642
127643
127644
128191
128198
128199
128201
128202
128207
128208
128209
128210
128211
128212
128214
128366
128367
128368
128370
128376
128377
128379
128380
128381
128382
128383
128384
128385
128386
128387
128388
128389
128390
128391
128392
128393
128394
128395
128396
128397
128398
128399
128400
128401
128402
128403
128404
128405
128406
128407
128408
128409
128410
128411
128412
128413
128414
128415
128416
128417
128418
128419
128420
128421
128422
128423
128424
128425
128426
128427
128428
128429
128430
128431
128432
128433
128434
128435
128436
128437
128438
128439
128440
128441
128442
128443
128444
128445
128446
128447
128448
128449
128450
128451
128452
128453
128454
128455
128456
128457
128458
128459
128460
128461
128462
128463
128464
128465
128466
128467
128468
128469
128470
128471
128472
128473
128474
128475
128476
128479
128480
128620
128621
128629
128633
128634
128635
128636
128637
128638
128639
128640
128641
128642
128643
128644
128645
128646
128647
128648
128649
128650
128651
128652
128653
128654
128655
128656
128657
128658
128659
129416
129417
129418
129419
129420
129421
129422
129423
129424
129425
129426
129427
129428
129429
129430
129431
129432
129433
129452
129453
129454
129455
129456
129457
129458
129459
129460
129461
129462
129463
129464
129465
129466
129467
129468
129469
129488
129489
129490
129491
129492
129493
129494
129495
129496
129497
129498
129499
129500
129501
129502
129503
129504
129505
129506
129740
129744
129745
129746
129748
129749
129750
129751
129752
129753
129754
129755
129756
129757
129758
129759
129760
129761
129762
129763
129764
129765
129770
129771
129772
129773
129774
129776
129998
129999
130000
130001
130002
130003
130004
130005
130006
130007
130008
130009
130010
130723
130724
130730
130731
130732
130733
130734
130735
130736
130748
130762
130763
130764
130765
130766
130767
130768
130769
130770
130771
130772
130773
130774
130775
130776
130777
130778
130779
130780
130781
130782
130783
130784
130785
130786
130787
130788
130789
130790
130791
130792
130793
130794
130795
130796
130797
130798
130799
130800
130801
130802
130803
130804
130805
130806
130807
130808
130809
130810
130820
130821
130822
130823
130824
130825
130826
130827
130828
130829
130830
130831
130832
130833
130834
130835
130836
130837
130838
130839
130840
130841
130842
130843
130844
130845
130846
130847
130848
130849
130850
130851
130852
130853
130854
130855
130856
130857
130858
130859
130860
130861
131327
131329
131330
131331
131332
131333
131334
131335
131340
131341
131342
131343
131344
131345
131346
131347
131348
131349
131350
131351
131352
131353
131354
131355
131356
131357
131358
131359
131360
131361
131362
131363
131364
131365
131366
131367
131368
131369
131370
131371
131372
131373
131374
131375
131376
131377
131378
131379
131380
131381
131382
131383
133334
133335
133336
133337
133338
133339
133340
133344
133357
133360
133361
133362
133363
133364
133365
133366
133449
133450
133451
133452
133453
133454
133455
133456
133457
133458
133459
133460
133461
133462
133463
133464
133465
133466
133467
133468
133469
133470
133471
133472
133473
133474
133475
133476
133477
133478
133479
133480
133481
133482
133483
133484
133485
133486
133568
133569
133570
133571
133572
133573
133574
133575
133576
133577
133578
133579
133580
133581
133582
133583
133584
133585
133586
133587
133588
133589
133590
133591
133592
133593
133594
133595
133596
133597
133598
133599
133600
133601
133602
133603
133604
133605
133683
133684
133685
133686
133687
133688
133689
133690
133691
133692
133693
133694
133695
133696
133697
133698
133699
133700
133701
133702
133703
133704
133705
133706
133707
133708
133709
133710
133711
133712
133713
133714
133715
133716
133717
133718
133719
133720
133721
133722
133723
133724
133725
133726
133727
133728
133729
133730
133731
133732
133733
133734
133735
133736
133737
133738
133739
133740
133741
133742
133743
133744
133745
133746
133747
133748
133749
133750
133751
133752
133753
133754
133755
133756
133757
133758
133759
133760
133761
133762
133763
133764
133765
133766
133767
133768
133769
133770
133771
133772
133773
133774
133775
133776
133777
133778
133779
133780
133781
133782
133783
133784
133785
133786
133787
133788
133789
133790
133791
133792
133793
133794
133795
133796
133797
133798
133799
133800
133801
133802
133803
133804
133805
133806
133807
133808
133809
133810
133811
133812
133818
133821
133822
133824
133825
133826
133827
133828
133829
133830
133831
133832
133833
133834
133835
133836
133837
133838
133839
133841
133847
133848
134739
134740
134741
134742
134743
134744
134745
134746
134747
134748
134749
134750
134986
134987
134988
134989
134990
134991
134992
134993
134994
134995
134996
134997
135237
135238
135239
135240
135241
135242
135243
135244
135245
135246
135247
135248
135482
135485
135486
135487
135488
135489
135490
135492
135493
135494
135495
135496
135497
135498
135499
135500
135501
135502
135503
135504
135505
135506
135507
135508
135509
135510
135511
135512
135513
135514
135515
135525
135704
135705
135707
135708
135709
135710
135711
135712
135713
135714
135715
135716
135717
135718
135719
135720
135721
135722
135723
135724
135725
135726
135727
135728
135729
135730
135731
135732
135733
135734
135735
135736
135737
135738
135739
135740
135741
135742
135743
135744
135745
135746
135747
135748
135749
135750
135751
135752
135753
135754
135755
135756
135757
135758
135759
135760
135761
135762
135763
135764
135765
135766
135767
135768
135769
135770
135771
135772
135773
135774
135775
135776
135777
135778
135779
135780
135781
135782
135783
135784
135785
135786
135787
135788
135789
135790
135791
135792
135793
135794
135795
135796
135797
135798
135799
135800
135801
135802
135803
135804
135805
135806
135807
135808
135809
135810
135811
135812
135813
135814
135815
135816
135817
135818
135819
135820
135821
135822
136186
136187
136188
136194
136195
136196
136197
136198
136211
136212
136213
136214
136215
136216
136217
136218
136219
136220
136221
136222
136223
136236
136237
136238
136239
136240
136241
136242
136243
136244
136245
136246
136247
136260
136261
136262
136263
136264
136265
136266
136267
136268
136269
136270
136271
136272
136273
136274
136275
136276
136277
136278
136279
136280
136281
136282
136283
136284
136285
136286
136287
136291
136292
136587
136588
136589
136590
136591
136592
136593
136594
136595
136596
136597
136598
136599
136600
136783
136784
136786
136789
136791
136792
136793
136794
136795
136796
136797
136798
136799
136800
136801
136802
136803
136804
136805
136806
136807
136808
136809
136835
136836
136837
136838
136839
137132
137133
137134
137135
137329
137330
137331
137332
137333
137334
137335
137336
137337
137338
137339
137340
137341
137342
137343
137344
137345
137346
137347
137348
137349
137350
137351
137352
137353
137354
137355
137356
137357
137358
137359
137360
137361
137362
137363
137364
137365
137366
137367
137368
137369
137370
137371
137372
137373
137374
137376
137389
137390
137391
137642
137643
137645
137646
137647
137648
137649
137650
137658
137659
137660
137661
137662
137663
137664
137665
137666
137667
137668
137669
137670
137673
137786
137787
137788
137789
137790
137791
137792
137793
137794
137795
137796
137797
138312
138315
138316
138317
138318
138319
138320
138321
138322
138323
138324
138325
138326
138327
138328
138341
138342
138343
138344
138345
138346
138347
138348
138349
138350
138351
138352
138353
138354
138355
138356
138357
138358
138359
138360
138361
138362
138363
138364
138365
138374
138375
138376
138377
138378
138379
138380
138381
138382
138383
138384
138385
138386
138387
138388
138389
138390
138391
138392
138393
138394
138395
138396
138397
138514
138515
138516
138517
138790
138791
138793
138794
138796
138797
138798
138819
138823
138824
138825
138826
138827
138828
138829
138830
138831
138832
138965
138966
138977
138978
138979
139013
139025
139026
139029
139030
139067
139068
139069
139070
139071
139072
139095
139096
139097
139098
139100
139125
139126
139127
139128
139199
139200
139201
139202
139203
139204
139205
139206
139207
139208
139209
139210
139211
139212
139246
139247
139248
139249
139250
139251
139264
139265
139269
139270
139271
139296
139297
139298
139299
139301
139326
139327
139328
139329
139352
139353
139354
139355
139359
139360
139361
139386
139387
139388
139389
139423
139424
139425
139426
139427
139428
139435
139436
139437
139438
139439
139440
139524
139525
139526
139527
139528
139529
139530
139531
139532
139533
139534
139535
139536
139603
139604
139605
139606
139607
139608
139609
139610
139611
139612
139613
139614
139616
139618
139620
139622
)


// ************************************************************************* //
