/*--------------------------------*- C++ -*----------------------------------*\
  =========                 |
  \\      /  F ield         | OpenFOAM: The Open Source CFD Toolbox
   \\    /   O peration     | Website:  https://openfoam.org
    \\  /    A nd           | Version:  dev
     \\/     M anipulation  |
\*---------------------------------------------------------------------------*/
FoamFile
{
    format      ascii;
    class       labelList;
    location    "constant/solid/polyMesh";
    object      pointProcAddressing;
}
// * * * * * * * * * * * * * * * * * * * * * * * * * * * * * * * * * * * * * //


14360
(
499
501
503
505
507
509
511
513
515
517
519
563
565
567
569
571
573
575
577
579
581
583
627
629
631
633
635
637
639
641
643
645
647
691
693
695
697
699
701
703
705
707
709
711
753
755
757
759
761
763
765
767
769
771
773
775
1303
1307
1311
1315
1360
1361
1362
1363
1364
1365
1366
1367
1368
1370
1372
1418
1419
1420
1421
1422
1423
1424
1425
1426
1486
1490
1491
1494
1495
1498
1499
1502
1503
1506
1507
1510
1511
1514
1515
1518
1519
1522
1523
1526
1527
1530
1531
1601
1602
1605
1606
1608
1610
1612
1614
1616
1618
1620
1622
1624
1674
1676
1678
1680
1682
1684
1686
1688
1690
1692
1694
1924
1925
1927
1929
1947
1948
1949
1967
1968
1969
1997
1999
2001
2003
2005
2007
2009
2011
2013
2015
2017
2019
2047
2119
2120
2121
2122
2123
2124
2125
2126
2127
2128
2129
2336
2373
2376
2379
2382
2385
2388
2391
2394
2397
2400
2403
2406
3426
3490
3491
3492
3493
3494
3495
3496
3497
3499
3500
3501
3502
3503
3504
3505
3509
3594
3595
3596
3599
3600
3601
3602
3605
3606
3607
3610
3613
3614
3617
3618
3621
3622
3625
3626
3628
3629
3631
3632
3752
3753
3754
3755
3759
3760
3761
3762
3766
3767
3768
3772
3773
3774
3778
3779
3780
3784
3785
3786
3790
3791
3792
3796
3797
3798
3802
3803
3804
3808
3809
3810
3814
3815
3816
3925
3928
3930
3932
3934
3936
3938
3940
3942
3944
3946
4044
4045
4047
4048
4049
4054
4055
4056
4057
4062
4063
4064
4065
4070
4071
4072
4073
4078
4079
4080
4081
4086
4087
4088
4089
4094
4095
4096
4097
4102
4103
4104
4105
4110
4111
4112
4113
4118
4119
4120
4121
4126
4127
4128
4129
4134
4135
4137
5039
5040
5044
5045
5051
5052
5112
5113
5114
5115
5116
5117
5118
5119
5120
5121
5185
5186
5187
5188
5189
5190
5191
5192
5193
5194
5195
5289
5290
5294
5298
5299
5300
5301
5305
5306
5307
5311
5312
5313
5317
5318
5319
5323
5324
5325
5329
5330
5331
5335
5336
5337
5341
5342
5343
5347
5348
5349
5353
5354
5355
5359
5360
5361
5456
5457
5460
5461
5515
5516
5517
5520
5521
5524
5525
5528
5529
5532
5533
5536
5537
5540
5541
5544
5545
5548
5549
5552
5553
5556
5557
6704
6707
6708
6718
6774
6775
6776
6777
6778
6779
6780
6781
6782
6783
6856
6858
6859
6860
6862
6863
6865
6867
6869
6871
6873
6875
6877
6879
6881
6973
6974
6975
6978
6979
6982
6983
6986
6987
6990
6991
6994
6995
6998
6999
7002
7003
7006
7007
7010
7011
7014
7015
7018
7131
7142
7144
7145
7146
7147
7151
7152
7153
7157
7158
7159
7163
7164
7165
7169
7170
7171
7175
7176
7177
7181
7182
7183
7187
7188
7189
7193
7194
7195
7199
7200
7201
7205
7206
7207
7317
7318
7319
7321
7322
7323
7325
7326
7327
7329
7330
7331
7333
7334
7335
7337
7338
7339
7341
7342
7343
7345
7346
7347
7349
7350
7351
7353
7354
7355
7357
7358
7359
7361
7611
7662
7667
7671
7675
7679
7683
7687
7691
7695
7699
7703
7707
7818
7819
7824
7825
7829
7830
7831
7832
7833
7834
7835
7836
7837
7838
7839
7840
7861
8356
8358
8359
8396
8397
8398
8399
8400
8436
8437
8438
8439
8440
8499
8500
8503
8506
8509
8512
8515
8518
8521
8524
8527
8530
8574
8584
8585
8586
8587
8588
8589
8590
8591
8592
8593
8594
8595
8596
8597
8598
8599
8600
8601
8602
8603
8604
8605
8607
9028
9029
9104
9105
9106
9107
9112
9113
9118
9119
9124
9125
9130
9131
9136
9137
9142
9143
9148
9149
9154
9155
9160
9161
9166
9167
9172
9173
10074
10127
10128
10130
10131
10132
10133
10134
10135
10136
10137
10138
10139
10140
10144
10145
10146
10153
10207
10208
10209
10210
10211
10212
10213
10214
10215
10216
10217
10218
10219
10341
10342
10343
10344
10345
10351
10352
10353
10354
10360
10361
10362
10363
10364
10370
10371
10372
10373
10374
10380
10381
10382
10383
10384
10390
10391
10392
10393
10394
10400
10401
10402
10403
10404
10410
10411
10412
10413
10414
10420
10421
10422
10423
10424
10430
10431
10432
10433
10434
10440
10441
10442
10443
10444
10586
10588
10589
11780
11784
11795
11796
11797
11798
11808
11816
11890
11891
11892
11893
11894
11895
11896
11897
11898
11899
11900
11901
11902
11903
11904
11905
11906
11907
11908
11909
11910
11911
11912
11913
12011
12012
12013
12014
12015
12016
12017
12018
12019
12020
12021
12022
12023
12024
12025
12026
12027
12028
12029
12030
12031
12191
12192
12193
12194
12195
12206
12207
12208
12209
12210
12217
12218
12219
12220
12221
12222
12229
12230
12231
12232
12233
12234
12241
12242
12243
12244
12245
12246
12253
12254
12255
12256
12257
12258
12265
12266
12267
12268
12269
12270
12277
12278
12279
12280
12281
12282
12289
12290
12291
12292
12293
12294
12301
12302
12303
12304
12305
12306
12313
12314
12315
12316
12317
12318
12325
12326
12327
12328
12329
12330
12485
12486
12487
12489
12518
12520
12522
12524
12526
12528
12530
12532
12534
12536
12538
12540
12951
12952
12953
12954
12955
12957
12959
12960
12965
12998
12999
13000
13001
13002
13003
13004
13005
13006
13042
13043
13044
13045
13046
13047
13048
13049
13050
13090
13092
13094
13096
13098
13100
13102
13104
13106
13108
13110
13112
13140
13162
13164
13166
13168
13170
13172
13174
13176
13178
13180
13182
13421
13422
13423
13424
13425
13426
13427
13428
13429
13430
13431
13432
13433
13434
13435
13436
13437
13438
13439
13440
13441
13442
13443
13444
13445
13446
13447
13448
13449
13450
13451
13452
13453
13454
13455
13456
13457
13458
13459
13460
13461
13462
13463
13464
13465
14299
14300
14301
14302
14449
14450
14451
14452
14453
14454
14463
14464
14465
14466
14475
14476
14477
14478
14487
14488
14489
14490
14499
14500
14501
14502
14511
14512
14513
14514
14523
14524
14525
14526
14535
14536
14537
14538
14547
14548
14549
14550
14559
14560
14561
14562
14571
14572
14573
14574
14583
14584
14585
14586
15910
15911
15912
15913
15914
15915
15916
15917
15918
15919
15920
16009
16010
16011
16014
16015
16016
16017
16018
16019
16022
16023
16024
16027
16028
16031
16032
16035
16036
16039
16040
16043
16044
16047
16048
16051
16052
16203
16204
16205
16206
16207
16208
16209
16210
16215
16216
16217
16218
16223
16224
16225
16226
16231
16232
16233
16234
16239
16240
16241
16242
16247
16248
16249
16250
16255
16256
16257
16258
16263
16264
16265
16266
16271
16272
16273
16274
16279
16280
16281
16282
16287
16288
16289
16290
16419
16420
16478
16481
16482
16483
16487
16488
16491
16492
16495
16496
16499
16500
16503
16504
16507
16508
16511
16512
16515
16516
16519
16520
16523
16524
16527
16528
16817
16818
16821
16822
16825
16826
16829
16830
16833
16834
16837
16838
16841
16842
16845
16846
16849
16850
16853
16854
16857
16858
17706
17712
17772
17773
17774
17775
17776
17777
17778
17779
17780
17781
17782
17839
17840
17841
17842
17843
17844
17845
17846
17847
17848
17928
17929
17930
17933
17934
17937
17938
17939
17940
17943
17944
17947
17948
17951
17952
17955
17956
17959
17960
17963
17964
17967
17968
17971
17972
17975
17976
17979
17980
18059
18060
18090
18091
18177
18178
18179
18180
18181
18183
18184
18191
18192
18193
18194
18195
18196
18203
18204
18205
18206
18207
18208
18215
18216
18217
18218
18219
18220
18227
18228
18229
18230
18231
18232
18239
18240
18241
18242
18243
18244
18251
18252
18253
18254
18255
18256
18263
18264
18265
18266
18267
18268
18275
18276
18277
18278
18279
18280
18287
18288
18289
18290
18291
18292
18299
18300
18301
18302
18303
18304
18311
18314
18315
19215
19216
19217
19223
19227
19235
19238
19290
19291
19292
19293
19294
19295
19296
19297
19298
19299
19300
19301
19302
19303
19304
19305
19306
19307
19308
19309
19310
19311
19412
19413
19414
19419
19420
19421
19422
19423
19424
19429
19430
19431
19432
19433
19438
19439
19440
19441
19442
19447
19448
19449
19450
19455
19456
19457
19458
19463
19464
19465
19466
19471
19472
19473
19474
19479
19480
19481
19482
19487
19488
19489
19490
19496
19497
19599
19600
19601
19604
19605
19606
19607
19608
19609
19611
19612
19613
19614
19615
19616
19618
19619
19620
19621
19622
19623
19625
19626
19627
19628
19629
19631
19632
19633
19634
19635
19637
19638
19639
19640
19641
19643
19644
19645
19646
19647
19649
19650
19651
19652
19653
19655
19656
19657
19658
19659
19661
19662
19663
19664
19665
19667
19668
19669
19670
19671
19785
19786
19787
19788
19798
20209
20210
20211
20214
20215
20245
20246
20247
20248
20278
20279
20280
20281
20282
20283
20284
20285
20330
20334
20336
20338
20340
20342
20344
20346
20348
20350
20352
20387
21926
21927
21928
21929
21930
21931
21933
21934
21935
21936
21937
21938
21942
22056
22057
22058
22059
22060
22061
22062
22063
22064
22065
22066
22067
22068
22069
22070
22071
22191
22192
22194
22195
22196
22197
22198
22199
22200
22201
22202
22203
22204
22205
22206
22207
22208
22209
22210
22399
22400
22401
22409
22410
22417
22418
22425
22426
22433
22434
22441
22442
22449
22450
22457
22458
22465
22466
22473
22474
22481
22482
22490
22590
22591
22648
22649
22650
22651
22652
22653
22654
22655
22656
22659
22660
22661
22662
22663
22664
22665
22666
22667
22670
22671
22672
22673
22674
22675
22676
22677
22678
22681
22682
22683
22684
22685
22686
22687
22688
22689
22692
22693
22694
22695
22696
22697
22698
22699
22700
22703
22704
22705
22706
22707
22708
22709
22710
22711
22714
22715
22716
22717
22718
22719
22720
22721
22722
22725
22726
22727
22728
22729
22730
22731
22732
22733
22736
22737
22738
22739
22740
22741
22742
22743
22744
22747
22748
22749
22750
22751
22752
22753
22754
22755
22758
22759
22760
22761
22762
22763
22764
22765
22766
22773
22774
22775
22776
24094
24095
24096
24097
24098
24099
24350
24352
24353
24354
24355
24356
24357
24358
24359
24360
24375
24376
24377
24378
24379
24380
24381
24396
24397
24398
24399
24400
24401
24402
24417
24418
24419
24420
24421
24422
24423
24438
24439
24440
24441
24442
24443
24444
24459
24460
24461
24462
24463
24464
24465
24480
24481
24482
24483
24484
24485
24486
24501
24502
24503
24504
24505
24506
24507
24522
24523
24524
24525
24526
24527
24528
24543
24544
24545
24546
24547
24548
24549
24564
24565
24566
24567
24568
24569
24570
24585
24586
24587
24588
24589
24590
24591
25165
25166
25167
25168
25169
25170
25182
25183
25184
25185
25186
25187
25188
25189
25190
25191
25192
25215
25216
25217
25218
25219
25220
25221
25222
25223
25224
25225
25248
25249
25250
25251
25252
25253
25254
25255
25256
25257
25280
25281
25282
25283
25284
25285
25286
25287
25288
25289
25290
25291
25497
25534
25537
25540
25543
25546
25549
25552
25555
25558
25561
25564
25567
26039
26041
26042
26044
26045
26051
26052
26058
26059
26118
26120
26121
26122
26123
26124
26125
26126
26127
26128
26129
26189
26191
26192
26193
26194
26195
26196
26197
26198
26199
26200
26304
26306
26311
26312
26313
26318
26319
26320
26325
26326
26327
26332
26333
26334
26339
26340
26341
26346
26347
26348
26353
26354
26355
26360
26361
26362
26367
26368
26369
26374
26375
26376
26382
26529
26530
26531
26536
26537
26538
26543
26544
26545
26550
26551
26552
26557
26558
26559
26564
26565
26566
26571
26572
26573
26578
26579
26580
26585
26586
26587
26592
26593
26594
26599
26600
26601
26686
26687
26688
26689
26690
26691
26692
26693
26694
26695
26696
26697
26698
26699
26700
26701
26702
26703
26704
26705
26706
26707
26708
26709
26710
26711
26712
26713
26714
26715
26716
26717
26718
26720
27223
27324
27331
27332
27333
27340
27341
27342
27349
27350
27351
27358
27359
27360
27367
27368
27369
27376
27377
27378
27385
27386
27387
27394
27395
27396
27403
27404
27405
27412
27413
27414
27421
27422
27423
27756
27757
27769
27770
27805
27806
27807
27808
27809
27810
27811
27812
27813
27814
27815
27816
27817
27818
27819
27905
27906
27907
27912
27913
27914
27919
27920
27921
27926
27927
27928
27933
27934
27935
27940
27941
27942
27947
27948
27949
27954
27955
27956
27961
27962
27963
27969
28022
28024
28025
28026
28027
28028
28029
28030
28031
28032
28033
28034
28035
28036
28037
28038
28039
28040
28041
28042
28043
28044
28045
28046
28047
28048
28049
28050
28051
28052
28053
28054
28055
28056
28057
28118
28119
28120
28656
28657
28658
28662
28663
28664
28665
28666
28667
28770
28771
28772
28773
28774
28775
28776
28777
28778
28779
28780
28781
28782
28783
28784
28882
28884
28885
28886
28887
28888
28889
28890
28891
28892
28893
28894
28895
28896
28897
28898
29067
29068
29069
29071
29072
29079
29080
29081
29088
29089
29090
29097
29098
29099
29106
29107
29108
29115
29116
29117
29124
29125
29126
29133
29134
29135
29142
29143
29144
29151
29152
29153
29160
29161
29162
29169
29171
29286
29287
29288
30782
30783
30784
30785
30786
30789
30790
30791
30792
30795
30796
30797
30798
30799
30802
30803
30804
30805
30806
30810
30811
30817
30818
30824
30825
30826
30827
30828
30834
30835
30836
30837
30838
30844
30845
30846
30847
30848
30851
30852
30853
30854
30855
30858
30859
30860
30861
31026
31027
31028
31029
31030
31035
31036
31037
31038
31039
31044
31049
31050
31051
31052
31053
31058
31059
31060
31061
31062
31067
31068
31069
31070
31071
31076
31077
31078
31079
31080
31086
31087
31088
31089
31090
31096
31097
31098
31099
31105
31106
31107
31108
31114
31115
31116
31117
31255
31258
31259
31262
31263
31266
31267
31270
31271
31274
31275
31278
31279
31282
31283
31286
31287
31290
31291
31294
31295
31428
31429
31430
31431
31432
31438
31439
31440
31441
31442
31448
31449
31450
31451
31452
31458
31459
31460
31461
31462
31468
31469
31470
31471
31472
31478
31479
31480
31481
31482
31488
31489
31490
31491
31492
31498
31499
31500
31501
31502
31508
31509
31510
31511
31512
31518
31519
31520
31521
31522
31528
31529
31531
31532
31729
31730
31736
31737
31738
31739
31740
31746
31747
31748
31749
31750
31756
31757
31758
31759
31760
31766
31767
31768
31769
31770
31776
31777
31778
31779
31780
31786
31787
31788
31789
31790
31796
31797
31798
31799
31800
31806
31807
31808
31809
31810
31816
31817
31818
31819
31820
31826
31827
31828
31829
31830
31836
31837
31838
31839
31840
32903
32904
32916
32917
32918
32920
32930
32942
32943
32944
32945
32957
32958
32960
33104
33105
33106
33107
33108
33109
33110
33111
33112
33113
33114
33115
33116
33117
33118
33119
33120
33121
33122
33123
33124
33125
33126
33127
33128
33129
33130
33131
33132
33135
33136
33137
33138
33139
33145
33146
33296
33297
33298
33299
33300
33301
33302
33303
33304
33305
33306
33307
33308
33309
33310
33311
33312
33313
33314
33315
33316
33317
33318
33319
33320
33321
33322
33323
33324
33325
33326
33327
33515
33524
33525
33526
33527
33528
33529
33536
33537
33538
33539
33540
33541
33548
33549
33550
33551
33552
33553
33560
33561
33562
33563
33564
33565
33572
33573
33574
33575
33576
33577
33584
33585
33586
33587
33588
33589
33596
33597
33598
33599
33600
33601
33608
33609
33610
33611
33612
33613
33620
33621
33622
33623
33624
33625
33632
33633
33634
33635
33636
33637
33644
33645
33646
33647
33648
33649
33854
33855
33856
33857
33859
33866
33867
33868
33869
33870
33871
33875
33876
33877
33881
33882
33883
33887
33888
33889
33893
33894
33895
33899
33900
33901
33905
33906
33907
33911
33912
33913
33917
33918
33919
33923
33924
33925
33929
34109
34110
34111
34112
34113
34119
34120
34121
34122
34123
34129
34130
34131
34132
34133
34139
34140
34141
34142
34143
34149
34150
34151
34152
34153
34159
34160
34161
34162
34163
34169
34170
34171
34172
34173
34179
34180
34181
34182
34183
34189
34190
34191
34192
34193
34199
34200
34201
34202
34203
34209
34210
34211
34212
34213
34780
34781
34782
34783
34785
34790
34791
34795
34796
34797
34856
34857
34858
34859
34860
34861
34862
34863
34922
34925
34926
34927
34928
34929
34930
34931
34932
34933
35043
35044
35045
35046
35047
35052
35053
35054
35055
35060
35061
35062
35063
35068
35069
35070
35071
35076
35077
35078
35079
35084
35085
35086
35087
35092
35093
35094
35095
35100
35101
35102
35103
35108
35109
35110
35111
35116
35117
35118
35119
35124
35125
35126
35127
35132
35133
35134
35135
35248
35249
35250
35251
35297
35299
35301
35303
35305
35307
35309
35311
35313
35315
35340
35341
35342
35343
35344
35345
35346
35347
35348
35349
35350
35351
35352
35353
35354
35355
35356
35357
35358
35359
35360
35361
35764
35765
35840
35841
35846
35847
35852
35853
35858
35859
35864
35865
35870
35871
35876
35877
35882
35883
35888
35889
35894
35895
35900
35901
37610
37611
37612
37750
37751
37752
37753
37754
37755
37756
37757
37758
37759
37760
37761
37762
37763
37764
37765
37766
37767
37770
37771
37772
37773
37774
37775
37776
37777
37778
37779
37780
37781
37782
37783
37791
37792
37992
37993
37994
37995
37996
38003
38004
38005
38006
38007
38008
38015
38016
38017
38018
38019
38026
38027
38028
38029
38036
38037
38038
38039
38040
38041
38042
38049
38050
38051
38052
38053
38054
38055
38063
38064
38065
38066
38067
38068
38076
38077
38078
38079
38080
38081
38086
38087
38088
38089
38090
38091
38096
38097
38098
38099
38100
38101
38350
38351
38352
38353
38359
38360
38361
38362
38363
38364
38365
38366
38372
38373
38374
38375
38376
38382
38383
38384
38385
38386
38392
38393
38394
38395
38396
38402
38403
38404
38405
38406
38412
38413
38414
38415
38416
38422
38423
38424
38425
38426
38432
38433
38434
38435
38436
38442
38443
38444
38445
38446
38452
38453
38454
38455
38456
38668
38674
38675
38676
38680
38681
38682
38686
38687
38688
38692
38693
38694
38698
38699
38700
38704
38705
38706
38710
38711
38712
38716
38717
38718
38722
38723
38724
38728
38729
38950
38951
38952
38954
38955
38957
38958
38959
38960
38961
38962
38963
38972
38973
38974
38975
38976
38977
38978
38979
38988
38989
38990
38991
38992
38993
38994
38995
39004
39005
39006
39007
39008
39009
39010
39011
39020
39021
39022
39023
39024
39025
39026
39027
39036
39037
39038
39039
39040
39041
39042
39043
39052
39053
39054
39055
39056
39057
39058
39059
39068
39069
39070
39071
39072
39073
39074
39075
39084
39085
39086
39087
39088
39089
39090
39091
39100
39101
39102
39103
39104
39105
39106
39107
39116
39117
39118
39119
39120
39121
39122
39123
39132
39133
39134
39135
39136
39139
40532
40533
40535
40541
40542
40543
40553
40554
40556
40676
40677
40678
40679
40680
40681
40682
40683
40684
40685
40686
40687
40688
40689
40690
40691
40818
40819
40820
40821
40822
40823
40824
40825
40826
40827
40828
40829
40830
40831
40832
40833
40834
40835
40836
40837
40838
40839
41015
41016
41026
41032
41033
41034
41035
41036
41037
41043
41044
41045
41046
41047
41053
41054
41055
41056
41057
41063
41064
41065
41066
41067
41073
41074
41075
41076
41077
41083
41084
41085
41086
41087
41093
41094
41095
41096
41097
41103
41104
41105
41106
41107
41113
41114
41115
41116
41117
41123
41124
41125
41126
41127
41133
41134
41135
41136
41137
41306
41307
41308
41309
41311
41315
41316
41318
41319
41433
41434
41435
41436
41437
41438
41439
41444
41445
41446
41447
41452
41453
41454
41455
41460
41461
41462
41463
41468
41469
41470
41471
41476
41477
41478
41479
41484
41485
41486
41487
41492
41493
41494
41495
41500
41501
41502
41503
41508
41509
41510
41511
41516
41517
41518
41519
42365
42366
42369
42370
42380
42443
42444
42445
42446
42447
42448
42449
42450
42451
42452
42453
42454
42455
42456
42457
42571
42576
42577
42578
42583
42584
42589
42594
42595
42596
42597
42602
42603
42604
42605
42610
42611
42612
42613
42618
42619
42620
42621
42626
42627
42628
42629
42634
42635
42636
42637
42642
42643
42644
42645
42650
42651
42652
42653
42785
42786
42787
42790
42791
42794
42795
42798
42799
42802
42803
42806
42807
42810
42811
42814
42815
42818
42819
42822
42823
42826
42827
42830
42907
42909
42910
42911
42993
42994
42995
42996
42997
42998
42999
43000
43015
43016
43017
43018
43019
43020
43021
43022
43035
43036
43037
43038
43039
43040
43041
43042
43043
43044
43045
43046
43047
43048
43049
43050
43051
43052
43053
43054
43055
43056
43057
43058
43059
43060
43061
43062
43063
43064
43065
43066
43067
43068
43069
43070
43071
43072
43073
43074
43075
43076
43077
43078
43079
43080
43160
43161
43162
44123
44124
44125
44126
44131
44132
44133
44134
44135
44136
44137
44138
44261
44262
44263
44264
44265
44266
44267
44268
44269
44270
44271
44272
44273
44274
44275
44276
44277
44278
44279
44280
44399
44400
44401
44402
44403
44404
44405
44406
44407
44408
44409
44410
44411
44412
44413
44414
44415
44416
44417
44418
44630
44631
44632
44633
44634
44635
44636
44645
44646
44647
44648
44657
44658
44659
44660
44669
44670
44671
44672
44681
44682
44683
44684
44693
44694
44695
44696
44705
44706
44707
44708
44717
44718
44719
44720
44729
44730
44731
44732
44741
44742
44743
44744
44753
44754
44755
44756
44766
44905
44906
45338
45379
45380
45381
45383
45384
45385
45386
45387
45388
45389
45390
45391
45392
45393
45394
45398
45399
45400
45408
45452
45453
45454
45455
45456
45457
45458
45459
45460
45461
45462
45463
45464
45465
45466
45467
45578
45579
45580
45581
45587
45588
45589
45590
45596
45597
45598
45599
45600
45606
45607
45608
45609
45610
45616
45617
45618
45619
45620
45626
45627
45628
45629
45630
45636
45637
45638
45639
45640
45646
45647
45648
45649
45650
45656
45657
45658
45659
45660
45666
45667
45668
45669
45670
45676
45677
45678
45679
45680
46340
46341
46347
46348
46349
46360
46361
46362
46375
46376
46472
46473
46474
46475
46476
46477
46478
46479
46480
46481
46482
46483
46484
46485
46486
46487
46488
46489
46490
46491
46492
46493
46494
46495
46496
46497
46498
46499
46610
46611
46612
46613
46614
46615
46616
46617
46618
46619
46620
46621
46622
46623
46624
46625
46626
46627
46628
46629
46630
46631
46632
46633
46634
46635
46830
46831
46832
46833
46842
46843
46844
46845
46846
46847
46848
46857
46858
46859
46860
46861
46862
46863
46864
46873
46874
46875
46876
46877
46878
46879
46880
46889
46890
46891
46892
46893
46894
46895
46896
46905
46906
46907
46908
46909
46910
46911
46912
46921
46922
46923
46924
46925
46926
46927
46928
46937
46938
46939
46940
46941
46942
46943
46944
46953
46954
46955
46956
46957
46958
46959
46960
46969
46970
46971
46972
46973
46974
46975
46976
46985
46986
46987
46988
46989
46990
46991
46992
47001
47002
47003
47004
47005
47006
47007
47008
47201
47202
47203
47371
47372
47374
47375
47376
47380
47381
47386
47438
47439
47440
47441
47442
47443
47444
47445
47446
47447
47501
47503
47504
47505
47506
47507
47508
47509
47510
47511
47598
47599
47600
47601
47605
47606
47607
47611
47612
47613
47617
47618
47619
47623
47624
47625
47629
47630
47631
47635
47636
47637
47641
47642
47643
47647
47648
47649
47653
47654
47655
47659
47660
47661
47665
47666
47667
47753
47754
47755
47833
47864
47865
47868
47869
47872
47873
47876
47877
47880
47881
47884
47885
47888
47889
49047
49049
49050
49053
49054
49059
49060
49063
49064
49065
49082
49093
49094
49112
49118
49121
49122
49124
49293
49294
49295
49296
49300
49301
49302
49303
49307
49308
49309
49310
49311
49315
49316
49317
49318
49319
49320
49324
49325
49326
49327
49328
49334
49335
49336
49337
49338
49339
49340
49341
49342
49343
49349
49350
49351
49352
49353
49354
49355
49356
49357
49358
49369
49370
49371
49372
49373
49375
49376
49377
49378
49379
49381
49382
49383
49384
49385
49514
49515
49516
49517
49518
49519
49520
49521
49522
49523
49525
49526
49527
49528
49529
49530
49532
49533
49534
49535
49536
49538
49539
49540
49541
49542
49543
49545
49546
49547
49548
49549
49551
49552
49553
49554
49555
49557
49558
49559
49560
49562
49563
49564
49565
49567
49568
49569
49570
49572
49573
49574
49575
49577
49578
49579
49580
49693
49694
49695
49696
49697
49698
49699
49700
49701
49702
49703
49704
49705
49706
49707
49708
49709
49710
49711
49712
49713
49714
49715
49716
49717
49718
49719
49720
49721
49722
49723
49724
49725
49726
49727
49728
49729
49730
49731
49732
49733
49734
49735
49736
49737
49738
49739
49740
49741
49742
49743
49744
49745
49746
49747
49872
49875
49876
49877
49878
49879
49881
49882
49883
49884
49885
49887
49888
49889
49890
49891
49893
49894
49895
49896
49897
49899
49900
49901
49902
49903
49905
49906
49907
49908
49909
49911
49912
49913
49914
49915
49917
49918
49919
49920
49921
49923
49924
49925
49926
49927
49929
49930
49931
49932
49933
49936
50067
50068
50069
50070
50071
50073
50074
50075
50076
50077
50078
50080
50081
50082
50083
50084
50085
50087
50088
50089
50090
50091
50092
50094
50095
50096
50097
50098
50099
50101
50102
50103
50104
50105
50106
50108
50109
50110
50111
50112
50113
50115
50116
50117
50118
50119
50120
50122
50123
50124
50125
50126
50127
50129
50130
50131
50132
50133
50134
50136
50137
50138
50139
50140
50141
50143
50144
50145
50146
50148
51305
51307
51309
51312
51313
51318
51319
51385
51387
51388
51389
51390
51391
51392
51393
51394
51461
51462
51463
51464
51465
51466
51467
51468
51553
51556
51557
51560
51561
51564
51565
51568
51569
51572
51573
51576
51577
51580
51581
51584
51585
51588
51589
51592
51593
51596
51672
51673
51674
51675
51676
51677
51682
51684
51864
51869
51870
51871
51882
51883
51884
51885
51886
51897
51898
51899
51900
51901
51912
51913
51914
51915
51916
51927
51928
51929
51930
51931
51942
51943
51944
51945
51946
51957
51958
51959
51960
51961
51972
51973
51974
51975
51976
51987
51988
51989
51990
51991
52002
52003
52004
52005
52006
52017
52018
52019
52020
52021
52032
52033
52034
52035
52036
54229
54233
54234
54235
54236
54237
54238
54239
54240
54241
54242
54243
54244
54245
54246
54247
54248
54256
54257
54258
54259
54260
54261
54262
54263
54285
54286
54287
54288
54289
54290
54291
54292
54293
54294
54295
54296
54297
54321
54328
54329
54330
54331
54357
54358
54599
54605
54606
54609
54610
54611
54612
54613
54614
54615
54616
54617
54618
54619
54620
54621
54622
54623
54624
54625
54626
54627
54628
54629
54630
54631
54632
54633
54634
54635
54636
54637
54638
54639
54640
54641
54642
54643
54644
54645
54646
54647
54648
54649
54650
54651
54652
54653
54654
54655
54656
54657
54658
54997
54998
55002
55003
55004
55005
55006
55010
55011
55012
55013
55014
55015
55016
55017
55018
55019
55020
55021
55025
55026
55027
55028
55029
55030
55031
55032
55033
55034
55035
55036
55037
55038
55039
55040
55041
55042
55043
55044
55048
55049
55050
55051
55052
55053
55054
55055
55056
55057
55058
55059
55060
55061
55062
55063
55064
55065
55066
55067
55071
55072
55073
55077
55078
55079
55083
55084
55085
55089
55090
55091
55095
55096
55097
55101
55102
55103
55107
55108
55109
55114
55661
55662
55663
55666
55667
55668
55669
55670
55671
55672
55692
55693
55694
55695
55696
55697
55698
55699
55700
55701
55721
55722
55723
55724
55725
55726
55727
55728
55729
55730
55750
55751
55752
55753
55754
55755
55756
55757
55758
55759
55779
55780
55781
55782
55783
55784
55785
55786
55787
55788
55789
55809
55810
55811
55812
55813
55814
55815
55816
55817
55818
55819
55839
55840
55841
55842
55843
55844
55845
55846
55847
55848
55849
55869
55870
55871
55872
55873
55874
55875
55876
55877
55878
55879
55899
55900
55901
55902
55903
55904
55905
55906
55907
55908
55909
55929
55930
55931
55932
55933
55934
55935
55936
55937
55938
55939
55959
55960
55961
55962
55963
55964
55965
55966
55967
55968
55969
55993
55994
55995
55999
56489
56490
56491
56492
56493
56494
56495
56496
56497
56498
56510
56511
56512
56513
56514
56515
56516
56517
56529
56530
56531
56532
56533
56534
56535
56536
56548
56549
56550
56551
56552
56553
56554
56555
56567
56568
56569
56570
56571
56572
56573
56574
56586
56587
56588
56589
56590
56591
56592
56593
56605
56606
56607
56608
56609
56610
56611
56612
56624
56625
56626
56627
56628
56629
56630
56631
56643
56644
56645
56646
56647
56648
56649
56650
56662
56663
56664
56665
56666
56667
56668
56669
56681
56682
56683
56684
56685
56686
56687
56688
56939
56940
56941
56942
56943
56944
56945
56946
56948
56949
56950
56951
56952
56953
56954
56956
56957
56958
56959
56960
56961
56962
56964
56965
56966
56967
56968
56969
56970
56972
56973
56974
56975
56976
56977
56978
56980
56981
56982
56983
56984
56985
56986
56988
56989
56990
56991
56992
56993
56994
56996
56997
56998
56999
57000
57001
57002
57004
57005
57006
57007
57008
57009
57010
57012
57013
57014
57015
57016
57017
57018
57020
57021
57022
57023
57024
57025
57026
57033
58773
58774
58777
58778
58869
58870
58871
58872
58873
58874
58875
58876
58877
58878
58961
58962
58963
58964
58965
58966
58967
58968
58969
58970
58971
59073
59074
59075
59077
59079
59082
59083
59084
59085
59088
59089
59090
59091
59094
59095
59096
59097
59100
59101
59102
59103
59106
59107
59108
59109
59112
59113
59114
59115
59118
59119
59120
59121
59124
59125
59126
59127
59130
59131
59132
59133
59136
59137
59138
59139
59142
59143
59145
59263
59265
59266
59267
59268
59274
59276
59278
59280
59473
59485
59486
59487
59488
59499
59500
59501
59502
59513
59514
59515
59516
59527
59528
59529
59530
59541
59542
59543
59544
59555
59556
59557
59558
59569
59570
59571
59572
59583
59584
59585
59586
59597
59598
59599
59600
59611
59612
59613
59614
59625
59626
59627
59628
60400
60401
60402
60403
60404
60405
60427
60429
60512
60513
60514
60515
60516
60517
60518
60519
60520
60521
60522
60523
60524
60525
60526
60527
60528
60529
60530
60531
60532
60533
60534
60535
60536
60537
60538
60539
60540
60541
60542
60543
60544
60545
60546
60547
60813
60814
60815
60816
60817
60818
60819
60820
60835
60836
60837
60838
60839
60840
60841
60856
60857
60858
60859
60860
60861
60862
60863
60864
60865
60866
60881
60882
60883
60884
60885
60886
60887
60888
60889
60890
60891
60906
60907
60908
60909
60910
60911
60912
60913
60914
60915
60916
60931
60932
60933
60934
60935
60936
60937
60938
60939
60940
60941
60956
60957
60958
60959
60960
60961
60962
60963
60964
60965
60966
60981
60982
60983
60984
60985
60986
60987
60988
60989
60990
60991
61006
61007
61008
61009
61010
61011
61012
61013
61014
61015
61016
61031
61032
61033
61034
61035
61037
61039
61040
61216
61217
61218
61219
61221
61223
61224
61225
61226
61227
61228
61229
61230
61231
61232
61233
61234
61235
61236
61237
61238
61239
61240
61241
61242
61243
61244
61245
61246
61247
61248
61249
61250
61251
61252
61253
61254
61255
61256
61257
61258
61259
61260
61261
61262
61263
61264
61265
61266
61267
61268
61269
61270
61271
61272
61273
61274
61275
61276
61277
61278
61279
61280
61281
61282
61283
61284
61285
61286
61287
61288
61289
61290
61291
61292
61293
61294
61295
61296
61297
61298
61299
61300
61301
61302
61303
61304
61305
61306
61307
61308
61309
61310
61311
61312
61313
61314
61478
61479
61480
61481
61482
61483
61484
61485
62729
62730
62731
62732
62733
62734
62735
62740
62742
62743
62744
62745
62746
62747
62748
62749
62750
62751
62752
62753
62754
62970
62971
62972
62973
62974
62975
62976
62977
62978
62979
62980
62981
62982
62983
62984
62985
62986
62987
62988
62989
62990
62991
62992
62993
62994
62995
62996
62997
63207
63208
63211
63212
63213
63214
63215
63216
63217
63218
63219
63220
63221
63222
63223
63224
63225
63226
63227
63228
63229
63230
63231
63232
63233
63234
63235
63236
63237
63238
63239
63240
63241
63242
63614
63615
63616
63617
63618
63620
63621
63622
63623
63637
63638
63639
63640
63641
63655
63656
63657
63658
63659
63673
63674
63675
63676
63677
63691
63692
63693
63694
63695
63709
63710
63711
63712
63713
63727
63728
63729
63730
63731
63745
63746
63747
63748
63749
63763
63764
63765
63766
63767
63781
63782
63783
63784
63785
63799
63800
63801
63802
63803
63817
63818
63821
64038
64039
64040
64041
64042
64164
64165
64166
64167
64168
64169
64170
64171
64172
64190
64191
64192
64193
64194
64195
64196
64197
64198
64216
64217
64218
64219
64220
64221
64222
64223
64224
64225
64226
64338
64340
64344
64345
64349
64350
64379
64380
64381
64382
64383
64384
64411
64412
64413
64414
64415
64416
64463
64466
64467
64470
64471
64474
64475
64478
64479
64482
64483
64486
64487
64490
64491
64494
64495
64498
64499
64502
64503
64506
64614
64615
64620
64621
64622
64627
64628
64629
64634
64635
64636
64641
64642
64643
64648
64649
64650
64655
64656
64657
64662
64663
64664
64669
64670
64671
64676
64677
64678
64683
64684
64685
64691
64967
64968
64974
64975
64998
64999
65000
65001
65002
65003
65004
65005
65006
65088
65089
65090
65095
65096
65097
65102
65103
65104
65109
65110
65111
65116
65117
65118
65123
65124
65125
65130
65131
65132
65138
65437
65438
65444
65445
65451
65452
65474
65475
65477
65578
65579
65580
65585
65586
65587
65592
65593
65594
65607
65608
65609
65614
65615
65616
65621
65622
65623
65624
65625
65626
65627
65628
65629
65631
65684
65685
65686
65687
65688
65689
65690
65691
65692
65693
65694
65695
65696
65697
65698
65699
65700
65701
65702
65703
65704
65705
65706
65707
65708
65709
65710
65762
65763
65764
65765
65766
65767
65768
65769
65770
65771
65772
65773
65774
65775
65776
65777
65778
65779
65780
65781
65782
65783
65784
65785
65786
65787
65788
65789
65790
65791
65793
66128
66129
66130
66134
66135
66136
66146
66147
66148
66149
66150
66151
66161
66162
66163
66164
66165
66166
66251
66252
66253
66254
66255
66256
66257
66258
66259
66260
66261
66262
66263
66264
66265
66266
66267
66268
66347
66348
66349
66350
66351
66352
66353
66354
66355
66356
66357
66358
66359
66360
66361
66362
66363
66364
66503
66504
66505
66512
66513
66514
66515
66516
66517
66524
66525
66526
66527
66528
66529
66536
66537
66538
66539
66540
66541
66548
66549
66550
66551
66552
66553
66560
66561
66562
66563
66564
66565
66572
66573
66574
66575
66576
66577
66584
66585
66586
66587
66588
66589
66596
66597
66598
66599
66600
66601
66608
66609
66610
66611
66612
66613
66620
66621
66622
66623
66624
66625
66632
66633
66634
66637
66956
66957
66958
66959
66960
66961
66974
66975
66976
66977
66978
66979
66980
66981
66982
66995
66996
66997
66998
66999
67000
67001
67002
67003
67016
67017
67018
67019
67020
67021
67022
67023
67024
67037
67038
67039
67040
67041
67042
67043
67044
67045
67058
67059
67060
67061
67062
67063
67064
67065
67066
67079
67080
67081
67082
67083
67084
67085
67086
67087
67100
67101
67102
67103
67104
67105
67106
67107
67108
67121
67122
67123
67124
67125
67126
67127
67128
67129
67142
67143
67144
67145
67146
67147
67148
67149
67150
67163
67164
67165
67166
67167
67168
67169
67170
67171
67188
68015
68016
68017
68018
68019
68020
68034
68036
68037
68038
68039
68040
68041
68108
68109
68110
68111
68112
68113
68114
68115
68116
68117
68118
68119
68120
68121
68122
68123
68124
68125
68126
68127
68128
68129
68130
68131
68132
68133
68134
68378
68379
68380
68381
68382
68383
68384
68385
68386
68399
68400
68401
68402
68403
68404
68405
68406
68407
68420
68421
68422
68423
68424
68425
68426
68427
68428
68441
68442
68443
68444
68445
68446
68447
68448
68449
68462
68463
68464
68465
68466
68467
68468
68469
68470
68483
68484
68485
68486
68487
68488
68489
68490
68491
68504
68505
68506
68507
68508
68509
68510
68511
68512
68525
68527
68528
68529
68530
68531
68533
69692
69693
69694
69695
69696
69702
69703
69704
69705
69706
69712
69713
69714
69715
69716
69722
69738
69742
69743
69744
69746
69747
69748
69749
69750
69751
69752
69753
69754
69755
69756
69757
69758
69759
69760
69913
69914
69915
69936
69937
69938
69944
69945
69946
69947
69948
69954
69955
69956
69957
69958
69964
69965
69966
69967
69968
69974
69975
69976
69977
69978
69984
69985
69986
69987
69988
69992
69993
69994
69995
69996
70156
70157
70158
70159
70160
70166
70167
70168
70169
70170
70176
70177
70178
70179
70180
70186
70187
70188
70189
70190
70196
70197
70198
70199
70200
70206
70207
70208
70209
70210
70216
70217
70218
70219
70220
70226
70227
70228
70229
70230
70236
70237
70238
70239
70240
70246
70247
70248
70249
70250
70256
70257
70258
70259
70260
70392
70394
70396
70398
70400
70402
70404
70406
70408
70410
70412
70667
70688
70689
70690
70765
70771
70772
70773
70774
70775
70776
70777
70778
70779
70780
70786
70787
70790
70791
70792
70793
70794
70849
70852
70853
70854
70855
70856
70857
70858
70859
70900
70902
70904
70906
70908
70910
70912
70914
70916
70918
70920
71027
71038
71039
71040
71041
71042
71043
71044
71045
71046
71047
71053
71054
71055
71056
71057
71063
71064
71065
71066
71067
71073
71074
71075
71076
71077
71083
71084
71085
71086
71087
71093
71094
71095
71096
71097
71103
71104
71105
71106
71107
71113
71114
71115
71116
71117
71123
71124
71125
71126
71127
71133
71134
71135
71136
71137
71145
71287
71289
71291
71293
71295
71297
71299
71301
71303
71305
71348
71360
71361
71383
71385
71387
71389
71391
71393
71395
71397
71399
71401
71403
71427
71817
71833
71834
71835
71836
71837
71913
71914
71915
71916
71917
71918
71919
71920
71921
71922
71923
71924
71925
71926
71932
71933
71934
71935
71936
71937
71944
71945
71946
71947
71948
72067
72082
72090
72091
72099
72100
72101
72102
72103
72104
72105
72113
72114
72115
72116
72117
72118
72119
72127
72128
72129
72130
72131
72132
72133
72141
72142
72143
72144
72145
72146
72147
72150
72151
72152
72153
72154
72155
72156
72159
72160
72161
72162
72163
72164
72165
72326
72327
72328
72329
72330
72336
72337
72338
72339
72340
72346
72347
72348
72349
72350
72356
72357
72358
72359
72360
72366
72367
72368
72369
72370
72376
72377
72378
72379
72380
72386
72387
72388
72389
72390
72396
72397
72398
72399
72400
72406
72407
72408
72409
72410
72416
72417
72418
72419
72420
72564
72565
72566
72570
72571
72572
72576
72577
72578
72582
72583
72584
72588
72589
72590
72594
72595
72596
72600
72601
72602
72606
72607
72608
72612
72613
72614
72618
72619
72620
72624
72625
72736
72757
72758
72759
72760
72761
72783
72784
72785
72828
72829
72832
72833
72836
72837
72840
72841
72844
72845
72848
72849
72852
72853
72856
72857
72860
72861
72864
72865
72868
72869
72922
72923
72949
72951
72953
72955
72957
72959
72961
72963
72965
72967
72969
73157
73158
73159
73160
73182
73183
73184
73185
73186
73187
73188
73189
73190
73191
73242
73243
73246
73247
73250
73251
73254
73255
73258
73259
73262
73263
73266
73267
73270
73271
73401
73409
73410
73411
73412
73413
73414
73415
73423
73424
73425
73426
73427
73428
73429
73437
73438
73439
73440
73441
73442
73443
73451
73452
73453
73454
73455
73456
73457
73465
73466
73467
73468
73469
73470
73471
73479
73480
73481
73482
73483
73484
73485
73493
73494
73495
73496
73497
73498
73499
73507
73508
73509
73510
73511
73512
73513
73521
73522
73523
73524
73525
73526
73527
73535
73536
73537
73538
73539
73540
73541
73889
73922
73923
73924
73925
73926
73988
73989
73990
73991
73997
73998
73999
74000
74001
74002
74012
74013
74014
74015
74016
74017
74018
74019
74020
74025
74026
74027
74028
74029
74074
74075
74076
74077
74078
74079
74080
74081
74082
74083
74084
74085
74086
74087
74148
74149
74152
74153
74156
74157
74160
74161
74164
74165
74168
74169
74172
74173
74176
74177
74180
74181
74487
74503
74507
74508
74557
74558
74559
74560
74561
74562
74563
74564
74565
74566
74567
74568
74569
74570
74571
74572
74573
74574
74575
74634
74639
74640
74641
74642
74643
74644
74645
74646
74647
74648
74649
74728
74732
74733
74734
74738
74739
74740
74744
74745
74746
74750
74751
74752
74756
74757
74758
74762
74763
74764
74768
74769
74770
74774
74775
74776
74780
74781
74782
74786
74787
74788
74851
74910
74913
74915
74916
74933
74934
74935
74949
74950
74951
74975
74977
74979
74981
74983
74985
74987
74989
74991
74993
74995
75019
75154
75155
75216
75217
75218
75219
75224
75225
75226
75227
75232
75233
75234
75235
75240
75241
75242
75243
75248
75249
75250
75251
75256
75257
75258
75259
75264
75265
75266
75267
75592
75596
75597
75598
75610
75612
75615
75616
75617
75618
75619
75668
75669
75670
75671
75672
75673
75674
75675
75676
75677
75678
75679
75680
75681
75682
75683
75684
75685
75686
75687
75772
75777
75778
75779
75784
75789
75790
75795
75796
75797
75798
75799
75804
75805
75806
75807
75812
75813
75814
75815
75820
75821
75822
75823
75828
75829
75830
75831
75836
75837
75838
75839
75844
75845
75846
75847
75853
75854
75924
75925
75926
75927
75928
75929
75930
75931
75932
75933
75934
75935
75936
75960
75998
75999
76000
76011
76012
76023
76024
76025
76026
76027
76156
76158
76159
76162
76194
76195
76196
76197
76198
76199
76237
76238
76239
76240
76241
76296
76297
76300
76303
76306
76309
76312
76315
76318
76321
76324
76327
76366
76554
76598
76599
76600
76601
76602
76604
76605
76606
76607
76608
76610
76611
76612
76613
76617
76618
76620
76621
76622
76623
76658
76659
76660
76661
76662
76663
76664
76665
76666
76667
76668
76669
76670
76671
76672
76673
76674
76675
76676
76677
76678
76679
76680
76681
76682
76683
76684
76685
76686
76687
76688
76689
76690
76691
76692
76693
76694
76695
76696
76697
76698
76778
76779
76780
76781
76782
76783
76784
76785
76786
76787
76788
76789
76790
76791
76792
76793
76794
76795
76796
76797
76798
76799
76800
76801
76802
76803
76804
76805
76806
76807
76808
76809
76810
76811
76812
76813
76814
76815
76816
76817
76818
76819
76820
76821
76822
76823
76824
76825
76826
76827
76829
77213
77214
77215
77216
77221
77222
77234
77235
77236
77237
77238
77246
77247
77248
77249
77250
77251
77252
77253
77254
77354
77355
77356
77357
77358
77359
77360
77361
77362
77363
77364
77365
77366
77367
77368
77369
77370
77371
77372
77373
77453
77454
77455
77456
77457
77458
77459
77460
77461
77462
77463
77464
77465
77619
77620
77621
77630
77631
77632
77633
77634
77635
77636
77637
77646
77647
77648
77649
77650
77651
77652
77653
77662
77663
77664
77665
77666
77667
77668
77669
77678
77679
77680
77681
77682
77683
77684
77685
77694
77695
77696
77697
77698
77699
77700
77701
77710
77711
77712
77713
77714
77715
77716
77717
77726
77727
77728
77729
77730
77731
77732
77733
77742
77743
77744
77745
77746
77747
77748
77749
77758
77759
77760
77761
77762
77763
77764
77765
77774
77775
77776
77777
77778
77779
77780
77781
77790
77791
77792
77793
77795
78243
78244
78245
78246
78247
78248
78249
78268
78269
78270
78271
78272
78273
78274
78275
78276
78277
78278
78279
78280
78299
78300
78301
78302
78303
78304
78305
78306
78307
78308
78309
78310
78311
78330
78331
78332
78333
78334
78335
78336
78337
78338
78339
78340
78341
78342
78361
78362
78363
78364
78365
78366
78367
78368
78369
78370
78371
78372
78373
78392
78393
78394
78395
78396
78397
78398
78399
78400
78401
78402
78403
78404
78423
78424
78425
78426
78427
78428
78429
78430
78431
78432
78433
78434
78435
78454
78455
78456
78457
78458
78459
78460
78461
78462
78463
78464
78465
78466
78485
78486
78487
78488
78489
78490
78491
78492
78493
78494
78495
78496
78497
78516
78517
78518
78519
78520
78521
78522
78523
78524
78525
78526
78527
78528
78547
78548
78549
78550
78551
78552
78553
78554
78555
78556
78557
78558
78559
78584
79750
79751
79752
79753
79754
79755
79756
79779
79780
79781
79782
79783
79784
79785
79786
79787
79788
79882
79883
79884
79885
79886
79887
79888
79889
79890
79891
79892
79893
79894
79895
79896
79897
79898
79899
79900
79901
79902
79903
79904
79905
79906
79907
79908
79909
79910
79911
79912
79913
79914
79915
79916
79917
79918
79919
80247
80248
80249
80250
80251
80252
80253
80254
80255
80256
80257
80274
80275
80276
80277
80278
80279
80280
80281
80282
80283
80284
80301
80302
80303
80304
80305
80306
80307
80308
80309
80310
80311
80328
80329
80330
80331
80332
80333
80334
80335
80336
80337
80338
80355
80356
80357
80358
80359
80360
80361
80362
80363
80364
80365
80382
80383
80384
80385
80386
80387
80388
80389
80390
80391
80392
80409
80410
80411
80412
80413
80414
80415
80416
80417
80418
80419
80436
80440
80441
80442
80444
82301
82302
82303
82304
82305
82306
82307
82308
82309
82310
82311
82312
82313
82314
82321
82322
82323
82324
82325
82326
82327
82328
82329
82330
82337
82338
82339
82340
82341
82342
82343
82344
82345
82346
82347
82348
82355
82356
82357
82387
82388
82389
82396
82397
82398
82399
82400
82401
82405
82406
82407
82408
82409
82410
82411
82412
82413
82414
82415
82416
82417
82418
82419
82420
82421
82422
82423
82424
82425
82426
82427
82428
82429
82430
82431
82432
82433
82434
82435
82436
82764
82765
82766
82767
82768
82769
82770
82771
82772
82773
82814
82815
82816
82817
82818
82819
82820
82821
82822
82823
82834
82835
82836
82837
82838
82839
82840
82841
82842
82843
82844
82845
82846
82847
82848
82849
82860
82861
82862
82863
82864
82865
82866
82867
82868
82869
82870
82871
82872
82873
82874
82875
82888
82889
82890
82891
82892
82893
82894
82895
82896
82897
82898
82899
82916
82917
82918
82919
82920
82921
82922
82923
82924
82925
82942
82943
82944
82945
82946
82947
82948
82949
82950
82951
82962
82963
82964
82965
82966
82967
82968
82969
82970
82971
83420
83421
83422
83423
83424
83425
83426
83427
83428
83429
83430
83431
83432
83433
83434
83435
83452
83453
83454
83455
83456
83457
83458
83459
83460
83461
83462
83463
83464
83465
83466
83467
83484
83485
83486
83487
83488
83489
83490
83491
83492
83493
83494
83495
83496
83497
83498
83499
83516
83517
83518
83519
83520
83521
83522
83523
83524
83525
83526
83527
83528
83529
83530
83531
83548
83549
83550
83551
83552
83553
83554
83555
83556
83557
83558
83559
83560
83561
83562
83563
83580
83581
83582
83583
83584
83585
83586
83587
83588
83589
83590
83591
83592
83593
83594
83595
83612
83613
83614
83615
83616
83617
83618
83619
83620
83621
83622
83623
83624
83625
83626
83627
83644
83645
83646
83647
83648
83649
83650
83651
83652
83653
83654
83655
83656
83657
83658
83659
83676
83677
83678
83679
83680
83681
83682
83683
83684
83685
83686
83687
83688
83689
83690
83691
83708
83709
83710
83711
83712
83713
83714
83715
83716
83717
83718
83719
83720
83721
83722
83723
83740
83741
83742
83743
83744
83745
83748
83749
83750
83751
83752
83753
83754
83755
84172
84173
84174
84178
84179
84180
84184
84185
84186
84190
84191
84192
84196
84197
84198
84202
84203
84204
84208
84209
84210
84214
84215
84216
84220
84221
84222
84226
84227
84228
84232
84233
84234
84539
84542
84555
84557
84579
84580
84581
84583
84584
84690
84691
84692
84693
84694
84695
84696
84697
84698
84699
84700
84701
84702
84703
84704
84711
84712
84713
84714
84715
84721
84722
84723
84724
84725
84726
84808
84809
84810
84811
84812
84813
84814
84815
84816
84817
84818
84819
84820
84821
84822
84823
84824
84825
84826
84827
85056
85057
85058
85059
85060
85061
85062
85063
85064
85065
85066
85067
85068
85069
85070
85071
85072
85073
85074
85075
85086
85087
85088
85089
85090
85091
85092
85093
85094
85095
85106
85107
85108
85109
85110
85111
85112
85113
85114
85115
85126
85127
85128
85129
85130
85131
85132
85133
85134
85135
85146
85147
85148
85149
85150
85151
85152
85153
85154
85155
85166
85167
85168
85169
85170
85171
85172
85173
85174
85175
85186
85187
85188
85189
85190
85191
85192
85193
85194
85195
85206
85207
85208
85209
85210
85211
85212
85213
85214
85215
85226
85227
85228
85229
85230
85231
85232
85233
85234
85235
85246
85247
85248
85249
85250
85251
85252
85253
85254
85255
85266
85267
85268
85271
85561
85562
85563
85567
85568
85569
85573
85574
85575
85579
85580
85581
85585
85586
85587
85591
85592
85593
85597
85598
85599
85603
85604
85605
85609
85610
85611
85615
85616
85617
85744
85745
85746
85747
85752
85753
85754
85755
85760
85761
85762
85763
85768
85769
85770
85771
85776
85777
85778
85779
85784
85785
85786
85787
85792
85793
85794
85795
85800
85801
85802
85803
85808
85809
85810
85811
85816
85817
85818
85819
86442
86444
86446
86457
86458
86459
86460
86461
86462
86463
86557
86558
86559
86560
86561
86562
86563
86564
86565
86566
86567
86568
86569
86570
86571
86572
86573
86574
86575
86582
86583
86584
86585
86586
86587
86588
86589
86598
86599
86600
86601
86602
86603
86802
86803
86804
86805
86816
86817
86818
86819
86820
86821
86822
86823
86824
86825
86826
86827
86828
86829
86840
86841
86842
86843
86844
86845
86846
86847
86848
86849
86850
86851
86864
86865
86866
86867
86868
86869
86870
86871
86872
86873
86888
86889
86890
86891
86892
86893
86894
86895
86896
86897
86902
86903
86904
86905
86906
86907
86908
86909
86910
86911
86916
86917
86918
86919
86920
86921
86922
86923
86924
86925
87196
87197
87198
87199
87200
87201
87202
87203
87204
87205
87216
87217
87218
87219
87220
87221
87222
87223
87224
87225
87236
87237
87238
87239
87240
87241
87242
87243
87244
87245
87256
87257
87258
87259
87260
87261
87262
87263
87264
87265
87276
87277
87278
87279
87280
87281
87282
87283
87284
87285
87296
87297
87298
87299
87300
87301
87302
87303
87304
87305
87316
87317
87318
87319
87320
87321
87322
87323
87324
87325
87336
87337
87338
87339
87340
87341
87342
87343
87344
87345
87356
87357
87358
87359
87360
87361
87362
87363
87364
87365
87376
87377
87378
87379
87380
87381
87382
87811
87817
87818
87819
87844
87845
87846
87847
87848
87849
87850
87851
87852
87853
87854
87855
87940
87941
87942
87943
87948
87949
87950
87951
87956
87957
87958
87959
87964
87965
87966
87967
87972
87973
87974
87975
87980
87981
87982
87983
87988
87989
87990
87991
87996
87997
87998
87999
88065
88068
88069
88088
88089
88090
88091
88606
88608
88610
88611
88617
88737
88738
88739
88740
88741
88742
88744
88745
88746
88747
88748
88749
88751
88752
88753
88754
88755
88756
88760
88761
88762
88764
88765
88766
88767
88768
88769
88770
88771
88772
88773
88775
88776
88777
88778
88779
88780
88782
88783
88784
88785
88786
88787
88788
88789
88790
88791
88792
88793
88794
88795
88796
88797
88909
88910
88911
88912
88913
88917
88918
88919
88920
88921
88923
88924
88925
88926
88927
88928
88930
88931
88932
88933
88934
88935
88937
88938
88939
88940
88941
88942
88944
88945
88946
88947
88948
88949
88951
88952
88953
88954
88955
88956
88958
88959
88960
88961
88962
88963
88965
88966
88967
88968
88969
88970
89136
89137
89138
89139
89140
89141
89146
89147
89148
89149
89150
89151
89156
89157
89158
89159
89160
89161
89166
89167
89168
89169
89170
89171
89176
89177
89178
89179
89180
89181
89186
89187
89188
89189
89190
89191
89196
89197
89198
89199
89200
89201
89206
89207
89208
89209
89210
89211
89216
89217
89218
89219
89220
89221
89226
89227
89228
89229
89230
89231
89236
89237
89238
89240
89241
89415
89419
89420
89437
89439
89440
89441
89454
89487
89490
89491
89494
89495
89498
89499
89502
89503
89506
89507
89510
89511
89514
89515
89518
89519
89522
89523
89526
89527
89530
89592
89593
89594
89595
89600
89601
89602
89603
90141
90142
90143
90144
90145
90147
90152
90153
90154
90155
90173
90174
90175
90176
90177
90178
90179
90180
90192
90193
90194
90195
90196
90197
90198
90199
90206
90207
90336
90337
90338
90339
90340
90341
90342
90343
90344
90345
90346
90347
90348
90349
90350
90351
90352
90353
90354
90355
90356
90357
90358
90359
90360
90361
90362
90363
90364
90365
90366
90367
90499
90500
90501
90504
90505
90506
90507
90508
90509
90510
90512
90513
90514
90515
90516
90517
90518
90519
90520
90521
90523
90525
90527
90529
90531
90533
90535
90746
90747
90748
90749
90750
90760
90761
90762
90763
90764
90765
90766
90767
90777
90778
90779
90780
90781
90782
90783
90784
90794
90795
90796
90797
90798
90799
90800
90801
90811
90812
90813
90814
90815
90816
90817
90818
90828
90829
90830
90831
90832
90833
90834
90835
90845
90846
90847
90848
90849
90850
90851
90852
90862
90863
90864
90865
90866
90867
90868
90869
90879
90880
90881
90882
90883
90884
90885
90886
90896
90897
90898
90899
90900
90901
90902
90903
90913
90914
90915
90916
90917
90918
90919
90920
90930
90931
90932
91502
91503
91504
91505
91506
91507
91508
91535
91536
91537
91538
91539
91540
91541
91542
91543
91544
91545
91546
91547
91548
91549
91550
91551
91552
91553
91554
91555
91556
91557
91558
91559
91586
91587
91588
91589
91590
91591
91592
91593
91594
91595
91596
91597
91598
91599
91600
91601
91602
91603
91604
91605
91606
91607
91608
91609
91610
91637
91638
91639
91640
91641
91642
91643
91644
91645
91646
91647
91648
91649
91650
91651
91652
91653
91654
91655
91656
91657
91658
91659
91660
91661
91688
91689
91690
91691
91692
91693
91694
91695
91696
91697
91698
91699
91700
91701
91702
91703
91704
91705
91706
91707
91708
91709
91710
91711
91712
91739
91740
91741
91742
91743
91744
91745
91746
91747
91748
91749
91750
91751
91752
91753
91754
91755
91756
91757
91758
91759
91760
91761
91762
91763
91790
91791
91792
91793
91794
91795
91796
91797
91798
91799
91800
91801
91802
91803
91804
91805
91806
91807
91808
91809
91810
91811
91812
91813
91814
91841
91842
91843
91844
91845
91846
91847
91848
91849
91850
91851
91852
91853
91854
91855
91856
91857
91858
91859
91860
91861
91862
91863
91864
91865
91892
91893
91894
91895
91896
91897
91898
91899
91900
91901
91902
91903
91904
91905
91906
91907
91908
91909
91910
91911
91912
91913
91914
91915
91916
91943
91944
91945
91946
91947
91948
91949
91950
91951
91952
91953
91954
91955
91956
91957
91958
91959
91960
91961
91962
91963
91964
91965
91966
91967
91994
91995
91996
91997
91998
91999
92000
92001
92002
92003
92004
92005
92006
92007
92008
92009
92010
92011
92012
92013
92014
92015
92016
92017
92018
92046
92052
92054
92063
92065
93351
93352
93357
93358
93359
93360
93361
93362
93363
93386
93387
93388
93389
93390
93391
93392
93393
93395
93396
93493
93494
93495
93496
93497
93498
93499
93500
93501
93502
93503
93504
93505
93506
93507
93508
93509
93510
93511
93512
93513
93514
93515
93516
93517
93518
93519
93520
93521
93522
93523
93524
93525
93526
93527
93844
93845
93846
93847
93848
93849
93850
93851
93852
93853
93870
93871
93872
93873
93874
93875
93876
93877
93878
93879
93896
93897
93898
93899
93900
93901
93902
93903
93904
93905
93922
93923
93924
93925
93926
93927
93928
93929
93930
93931
93932
93949
93950
93951
93952
93953
93954
93955
93956
93957
93958
93959
93974
93975
93976
93977
93978
93979
93980
93981
93982
93983
93984
93999
94000
94001
94002
94003
94004
94005
94006
94007
94008
94009
94026
94027
94028
95546
95547
95549
95550
95551
95552
95553
95566
95567
95569
95570
95571
95572
95591
95592
95593
95594
95595
95596
95597
95598
95599
95600
95655
95660
95679
95683
95687
95690
95691
95692
95693
95694
95695
95696
95697
95698
95699
95700
95701
95706
95710
96058
96059
96060
96061
96062
96063
96064
96065
96066
96067
96068
96069
96070
96082
96083
96084
96085
96086
96087
96088
96089
96090
96091
96092
96093
96094
96106
96107
96108
96109
96110
96111
96112
96113
96114
96115
96116
96152
96153
96154
96155
96156
96157
96158
96159
96160
96174
96175
96176
96177
96178
96179
96180
96181
96182
96183
96184
96185
96186
96187
96188
96189
96212
96213
96214
96215
96216
96217
96218
96219
96220
96224
96225
96226
96227
96228
96229
96230
96231
96232
96233
96234
96235
96236
96237
96238
96239
96240
96242
96245
96246
96248
96465
96466
96467
96468
96469
96470
96471
96481
96482
96483
96484
96485
96486
96487
96488
96489
96490
96491
96492
96493
96497
96498
96499
96500
96501
96502
96503
96504
96505
96506
96507
96508
96509
96510
96514
96515
96516
96517
96518
96519
96520
96521
96522
96523
96524
96525
96526
96527
96531
96532
96533
96534
96535
96536
96537
96538
96539
96540
96541
96542
96543
96547
96548
96549
96550
96551
96552
96553
96554
96555
96556
96557
96558
96559
96563
96564
96565
96566
96567
96568
96569
96570
96571
96572
96573
96574
96575
96579
96580
96581
96582
96583
96584
96585
96586
96587
96588
96589
96590
96591
96595
96596
96597
96598
96599
96600
96601
96602
96603
96604
96605
96606
96607
96826
96827
96828
96829
96830
96831
96832
96833
96834
96835
96836
96837
96838
96839
96840
96841
96842
96843
96844
96845
96846
96847
96848
96849
96850
96851
96852
96853
96854
96855
96856
96857
96858
96859
96860
96861
96862
96863
96864
96865
96866
96867
96868
96869
96870
96871
96872
96873
96874
96875
96876
96877
96878
96879
96880
96881
96882
96883
96884
96885
96886
96887
96888
96889
96890
96891
96892
96893
96894
96895
96896
96897
96898
96899
96900
96901
96902
96903
96904
96905
96906
96907
96908
96909
96910
96911
96912
96913
96914
96915
96916
96917
96918
96919
96920
96921
96922
96923
96924
96925
96926
96927
96928
96929
96930
96931
96932
96933
96934
96935
96941
96943
96944
97281
97282
97283
97293
97294
97295
97296
97297
97298
97347
97348
97349
97353
97354
97355
97356
97357
97358
97359
97360
97361
97398
97399
97400
97497
97498
97499
97506
97507
97508
97509
97510
97511
97518
97519
97520
97521
97522
97523
97530
97531
97532
97533
97534
97535
97542
97543
97544
97545
97546
97547
97554
97555
97556
97557
97558
97559
97566
97567
97568
97569
97570
97571
97578
97579
97580
97581
97582
97583
97590
97591
97592
97593
97594
97595
97602
97603
97604
97605
97606
97607
97614
97615
97616
97617
97618
97619
97626
97627
97628
97631
98759
98760
98761
98762
98763
98764
98768
98769
98770
98776
98777
98778
98779
98780
98781
98813
98814
98815
98816
98817
98818
98819
98820
98821
98822
98823
98824
98825
98842
98844
98845
98846
98847
98848
98849
98850
98851
98852
98853
98854
98855
98856
98857
98866
98868
98869
98870
98871
98872
98873
99090
99091
99092
99093
99094
99095
99096
99097
99098
99099
99100
99101
99102
99103
99104
99105
99106
99107
99108
99109
99110
99111
99112
99113
99114
99115
99116
99117
99118
99119
99120
99121
99122
99123
99124
99125
99126
99127
99128
99129
99130
99131
99132
99133
99134
99135
99136
99137
99138
99139
99140
99141
99142
99143
99144
99145
99146
99147
99148
99149
99150
99397
99398
99399
99400
99401
99408
99409
99410
99411
99412
99413
99414
99415
99416
99417
99418
99419
99420
99424
99425
99426
99427
99428
99429
99430
99431
99432
99433
99434
99435
99436
99437
99438
99439
99440
99441
99442
99443
99447
99448
99449
99453
99454
99455
99459
99460
99461
99465
99466
99467
99471
99472
99473
99477
99478
99479
99483
99484
99485
99489
99491
99860
99861
99862
99863
99864
99865
99866
99882
99883
99884
99885
99886
99887
99888
99889
99890
99891
99892
99893
99894
99895
99911
99912
99913
99914
99915
99916
99917
99918
99919
99920
99921
99922
99923
99924
99940
99941
99942
99943
99944
99945
99946
99947
99948
99949
99950
99951
99952
99953
99969
99970
99971
99972
99973
99974
99975
99976
99977
99978
99979
99980
99981
99982
99998
99999
100000
100001
100002
100003
100004
100005
100006
100007
100008
100009
100010
100011
100027
100028
100029
100030
100031
100032
100033
100034
100035
100036
100037
100038
100039
100040
100056
100057
100058
100059
100060
100061
100062
100063
100064
100065
100066
100067
100068
100069
100085
100086
100087
100088
100089
100090
100091
100092
100093
100094
100095
100096
100097
100098
100114
100115
100116
100117
100118
100119
100120
100121
100122
100123
100124
100125
100126
100127
100143
100144
100145
100146
100147
100148
100149
100150
100151
100152
100153
100154
100155
100156
100172
100173
100174
100175
100176
100177
100178
100182
100185
100952
100953
100954
100955
100956
100957
100958
100959
100960
100961
100962
100963
100964
100995
100996
100997
100998
100999
101000
101001
101002
101003
101004
101005
101006
101007
101008
101009
101010
101011
101012
101013
101014
101045
101046
101047
101048
101049
101050
101051
101052
101053
101054
101055
101056
101057
101058
101059
101060
101061
101062
101063
101064
101095
101096
101097
101098
101099
101100
101101
101102
101103
101104
101105
101106
101107
101108
101109
101110
101111
101112
101113
101114
101145
101146
101147
101148
101149
101150
101151
101152
101153
101154
101155
101156
101157
101158
101159
101160
101161
101162
101163
101164
101195
101196
101197
101198
101199
101200
101201
101202
101203
101204
101205
101206
101207
101208
101209
101210
101211
101212
101213
101214
101245
101246
101247
101248
101249
101250
101251
101252
101253
101254
101255
101256
101257
101258
101259
101260
101261
101262
101263
101264
101295
101296
101297
101298
101299
101300
101301
101302
101303
101304
101305
101306
101307
101308
101309
101310
101311
101312
101313
101314
101345
101346
101347
101348
101349
101350
101351
101352
101353
101354
101355
101356
101357
101358
101359
101360
101361
101362
101363
101364
101395
101396
101397
101398
101399
101400
101401
101402
101403
101404
101405
101406
101407
101408
101409
101410
101411
101412
101413
101414
101445
101446
101447
101448
101449
101450
101451
101452
101453
101454
101455
101456
101457
101458
101459
101460
101461
101462
101463
101464
101506
103431
103432
103433
103434
103435
103436
103437
103438
103439
103440
103441
103442
103474
103475
103477
103478
103479
103480
103481
103482
103483
103484
103485
103486
103487
103488
103489
103644
103645
103646
103647
103648
103649
103650
103651
103652
103653
103654
103655
103656
103657
103658
103659
103660
103661
103662
103663
103664
103665
103666
103667
103668
103669
103670
103671
103672
103673
103674
103675
103676
103677
103678
103679
103680
103681
103682
103683
103684
103685
103686
103687
103688
103689
103690
103691
103692
103693
103694
103695
103696
103697
103698
103699
103700
103701
103702
104298
104299
104300
104301
104302
104303
104304
104305
104306
104307
104308
104309
104310
104311
104312
104313
104314
104315
104316
104317
104348
104349
104350
104351
104352
104353
104354
104355
104356
104357
104358
104359
104360
104361
104362
104363
104364
104365
104366
104367
104398
104399
104400
104401
104402
104403
104404
104405
104406
104407
104408
104409
104410
104411
104412
104413
104414
104415
104416
104417
104448
104449
104450
104451
104452
104453
104454
104455
104456
104457
104458
104459
104460
104461
104462
104463
104464
104465
104466
104467
104498
104499
104500
104501
104502
104503
104504
104505
104506
104507
104508
104509
104510
104511
104512
104513
104514
104515
104516
104517
104548
104549
104550
104551
104552
104553
104554
104555
104556
104557
104558
104559
104560
104561
104562
104563
104564
104565
104566
104567
104598
104599
104600
104601
104602
104603
104604
104605
104606
104607
104608
104609
104610
104611
104612
104613
104614
104615
104616
104617
104646
104647
104651
104652
104653
104654
104655
104656
104657
104658
104659
104660
104661
104665
104974
104975
104976
104977
104978
105125
105126
105132
105133
105139
105140
105150
105151
105153
105260
105261
105262
105267
105268
105269
105270
105271
105272
105273
105274
105275
105277
105364
105365
105367
105368
105402
105403
105404
105405
105406
105407
105408
105409
105410
105411
105412
105413
105414
105415
105416
105855
105856
105857
105858
105859
105860
105876
105877
105878
105879
105880
105881
105897
105898
105899
105900
105901
105902
105928
105929
105930
105931
105932
105933
105934
105935
105938
105939
105940
105941
105943
105944
106260
106261
106262
106263
106264
106265
106266
106267
106268
106281
106282
106283
106284
106285
106286
106287
106288
106289
106290
106291
106292
106293
106294
106295
106296
106297
106298
106299
106300
106301
106302
106303
106304
106305
106306
106307
106308
106310
106311
106312
106313
106314
106316
106544
106560
106561
106562
106563
106564
106616
106617
106618
106656
106707
106708
106710
106730
106731
106732
106733
106756
106757
106776
106777
106778
106779
106788
106793
107091
107358
107359
107370
107371
107372
107383
107384
107385
107386
107428
107429
107430
107431
107432
107433
107434
107435
107436
107437
107438
107439
107440
107441
107442
107443
107444
107445
107446
107447
107448
107449
107450
107451
107452
107453
107454
107455
107456
107457
107458
107459
107460
107461
107462
107463
107632
107633
107634
107635
107636
107637
107638
107639
107640
107641
107642
107643
107644
107719
107720
107722
107723
107726
107782
107783
107801
107802
107804
107805
107808
107832
107833
107836
107837
107838
107839
107858
107868
107869
108182
108186
108188
108189
108195
108200
108201
108210
108211
108214
108215
108216
108235
108238
108239
108240
108241
108242
108243
108244
108468
108469
108470
108471
108472
108473
108474
108475
108476
108477
108488
108489
108490
108491
108492
108493
108494
108495
108496
108497
108498
108499
108500
108501
108502
108503
108504
108505
108506
108507
108508
108509
108510
108511
108512
108513
108514
108515
108516
108517
108518
108674
108678
108726
108727
108728
108729
108730
108731
108732
108733
108734
108735
108736
108737
108738
108739
108740
108741
108742
108743
108744
108745
109355
109356
109357
109358
109359
109360
109361
109387
109388
109389
109390
109391
109392
109393
109394
109416
109417
109418
109419
109420
109453
109454
109455
109456
109457
109458
109459
109460
109465
109466
109467
109468
109469
109472
109912
109913
109914
109915
109916
109917
109918
109919
109930
109931
109932
109933
109934
109935
109936
109937
109938
109939
109940
109941
109942
109943
109944
109945
109946
109947
109948
109949
109950
109951
109952
109953
109954
109955
109956
109957
109958
109959
109960
109961
109962
109963
109964
109965
109966
109967
109972
109973
109974
109975
109978
110513
110514
110515
110564
110565
110566
110567
110568
110569
110570
110571
110572
110573
110574
110575
110576
110577
110578
110579
110740
110741
110742
110743
110744
110745
110746
110747
110748
110826
110860
110861
110862
111013
111014
111015
111016
111017
111018
111022
111023
111024
111082
111083
111084
111085
111086
111087
111088
111089
111090
111091
111092
111093
111153
111158
111166
111167
111168
111169
111170
111171
111172
111236
111237
111238
111239
111240
111241
111242
111243
111244
111245
111246
111247
111248
111249
111275
111280
111281
111282
111283
111300
111301
111302
111303
111455
111463
111472
111473
111474
111475
111576
111577
111578
111579
111580
111581
111582
111583
111584
111585
111586
111587
111588
111589
111590
111591
111963
111968
111971
112352
112353
112354
112355
112356
112357
112358
112359
112360
112361
112362
112363
112364
112365
112366
112367
112368
112369
112370
112371
112372
112373
112374
112375
112376
112377
112378
112379
112380
112381
112382
112383
112384
112385
112386
112387
112388
112389
112390
112391
112740
112741
112742
112743
112744
112745
112746
112747
112748
112749
112750
112751
112752
112753
112754
112755
112756
112757
112758
112759
112760
112761
112762
112763
112764
113420
113421
113425
113426
113427
113428
113429
113430
113431
113452
113453
113457
113458
113459
113460
113461
113462
113463
113486
113487
113488
113489
113490
113491
113528
113529
113530
113531
113532
113533
113534
113535
113537
113542
113543
113544
113988
113989
113990
113991
113992
113993
113994
113995
113996
113997
114010
114011
114012
114013
114014
114015
114016
114017
114018
114019
114020
114021
114022
114023
114024
114025
114026
114027
114028
114029
114030
114031
114032
114033
114034
114035
114036
114037
114038
114039
114040
114041
114042
114043
114044
114045
114046
114047
114048
114050
114055
114056
114057
114491
114492
114493
114494
114495
114496
114501
114502
114503
114504
114505
114506
114507
114508
114509
114700
114701
114702
114703
114704
114705
114706
114707
114708
114709
114710
114711
114712
114713
114714
114715
114716
114717
114718
114719
114720
114721
114722
114723
114724
114725
114726
114727
114728
114729
114730
114731
114732
114733
114734
114735
114736
114737
114738
114739
114740
114741
114742
114743
114744
114745
114746
114747
114748
114749
114750
114751
114752
114753
114754
114755
114756
114757
114758
114759
114760
114761
114762
116224
116225
116226
116227
116228
116229
116237
116238
116239
116240
116241
116242
116243
116244
116245
116246
116247
116248
116249
116294
116295
116296
116297
116298
116299
116307
116308
116309
116310
116311
116312
116313
116314
116315
116316
116317
116318
116319
116368
116369
116370
116371
116372
116373
116374
116375
116376
116377
116378
116379
116453
116454
116455
116456
116457
116458
116459
116460
116461
116462
116463
116464
116465
116466
116467
116468
116469
116470
116471
116474
116475
116476
116477
116479
116480
116483
116487
116488
116489
116490
116491
116492
116493
116494
116495
116499
116500
116501
117488
117489
117490
117491
117492
117493
117494
117495
117496
117497
117498
117499
117500
117501
117502
117503
117504
117505
117506
117507
117536
117537
117538
117539
117540
117541
117542
117543
117544
117545
117546
117547
117548
117549
117550
117551
117552
117553
117554
117555
117556
117557
117558
117559
117560
117561
117562
117563
117564
117565
117566
117567
117568
117569
117570
117571
117572
117573
117574
117575
117576
117577
117578
117579
117580
117581
117582
117583
117584
117585
117586
117587
117588
117589
117590
117591
117592
117593
117594
117595
117596
117597
117598
117599
117600
117601
117602
117603
117604
117605
117606
117607
117608
117609
117610
117611
117612
117613
117614
117615
117616
117617
117618
117619
117620
117621
117622
117623
117625
117626
117627
117628
117629
117631
117632
117633
117634
117638
117639
117640
117641
117642
117643
117644
117645
117646
117647
117648
118282
118283
118284
118285
118286
118287
118288
118289
118290
118291
118292
118293
118294
118295
118296
118297
118298
118299
118300
118301
118302
118303
118304
118820
118821
118822
118823
118902
118903
118908
118909
118914
118915
118920
118921
118926
118927
118932
118933
118938
118939
118944
118945
118950
118951
118956
118957
118962
118963
118968
118969
119426
119427
119428
119429
119430
119431
119432
119433
119450
119451
119452
119453
119454
119455
119456
119457
119472
119473
119474
119475
119476
119477
119478
119479
119480
119481
119482
119483
119484
119485
119486
119487
119488
119489
119490
119491
119492
119493
119494
119495
119496
119497
119498
119499
119500
119501
119502
119503
119504
119505
119506
119507
119508
119509
119510
119511
119512
119513
119514
119515
119516
119517
119599
119600
119601
122191
122192
122193
122194
122199
122200
122201
122202
122203
122204
122205
122206
122343
122344
122345
122346
122347
122348
122349
122350
122351
122352
122353
122354
122355
122356
122357
122358
122359
122360
122361
122362
122494
122495
122496
122497
122498
122499
122500
122501
122502
122503
122504
122505
122506
122507
122508
122509
122510
122511
122512
122513
122514
122739
122740
122741
122742
122745
122746
122755
122756
122757
122758
122767
122768
122769
122770
122779
122780
122781
122782
122791
122792
122793
122794
122803
122804
122805
122806
122815
122816
122817
122818
122827
122828
122829
122830
122839
122840
122841
122842
122851
122852
122853
122854
122863
122864
122865
122866
122875
122877
123031
123032
123033
123034
123923
123924
123925
123926
123927
123928
123929
123930
123931
123932
123933
123934
123935
123936
123937
123938
123963
123964
123965
123966
123967
123968
123969
123970
123971
123972
123973
123974
123975
123976
123977
123978
123979
123980
123981
123982
123983
123984
123985
123986
123987
123988
123989
123990
123991
123992
123993
123994
123995
123996
123997
123998
124067
124068
124069
124070
124071
124072
124073
124074
124075
124076
124077
124078
124079
124080
124081
124082
124083
124084
124085
124086
124087
124088
124089
124090
124091
124092
124093
124094
124095
124096
124097
124098
124099
124100
124101
124102
124103
124104
124105
124106
124108
124110
124555
124556
124557
124558
124563
124564
124565
124566
124579
124580
124581
124582
124583
124584
124585
124586
124599
124600
124601
124602
124603
124604
124605
124606
124719
124720
124721
124722
124723
124724
124725
124726
124727
124728
124729
124730
124731
124732
124733
124734
124735
124736
124737
124738
124739
124740
124741
124742
124847
124848
124849
124850
124851
124852
124853
124854
124855
124856
124857
124858
124859
124860
124861
124862
124863
124864
124865
124866
124867
124868
124869
124870
125055
125056
125057
125058
125067
125068
125069
125070
125071
125072
125073
125074
125083
125084
125085
125086
125087
125088
125089
125090
125099
125100
125101
125102
125103
125104
125105
125106
125115
125116
125117
125118
125119
125120
125121
125122
125131
125132
125133
125134
125135
125136
125137
125138
125147
125148
125149
125150
125151
125152
125153
125154
125163
125164
125165
125166
125167
125168
125169
125170
125179
125180
125181
125182
125183
125184
125185
125186
125195
125196
125197
125198
125199
125200
125201
125202
125211
125212
125213
125214
125215
125216
125217
125218
125227
125228
125229
125230
125231
125659
125660
125661
125662
125663
125664
125665
125666
125683
125684
125685
125686
125687
125688
125689
125690
125691
125692
125693
125694
125711
125712
125713
125714
125715
125716
125717
125718
125719
125720
125721
125722
125739
125740
125741
125742
125743
125744
125745
125746
125747
125748
125749
125750
125767
125768
125769
125770
125771
125772
125773
125774
125775
125776
125777
125778
125795
125796
125797
125798
125799
125800
125801
125802
125803
125804
125805
125806
125823
125824
125825
125826
125827
125828
125829
125830
125831
125832
125833
125834
125851
125852
125853
125854
125855
125856
125857
125858
125859
125860
125861
125862
125879
125880
125881
125882
125883
125884
125885
125886
125887
125888
125889
125890
125907
125908
125909
125910
125911
125912
125913
125914
125915
125916
125917
125918
125935
125936
125937
125938
125939
125940
125941
125942
125943
125944
125945
125946
125967
125970
127071
127072
127073
127074
127075
127076
127077
127078
127098
127099
127100
127101
127102
127103
127104
127105
127106
127195
127196
127197
127198
127199
127200
127201
127202
127203
127204
127205
127206
127207
127208
127209
127210
127211
127212
127213
127214
127215
127216
127217
127218
127219
127220
127221
127222
127223
127224
127225
127226
127227
127228
127229
127230
127555
127556
127557
127558
127559
127560
127561
127562
127563
127564
127565
127566
127583
127584
127585
127586
127587
127588
127589
127590
127591
127592
127593
127594
127611
127612
127613
127614
127615
127616
127617
127618
127619
127620
127621
127622
127639
127640
127641
127642
127643
127644
127645
127646
127647
127648
127649
127650
127667
127668
127669
127670
127671
127672
127673
127674
127675
127676
127677
127678
127695
127696
127697
127698
127699
127700
127701
127702
127703
127704
127705
127706
127723
127724
127725
127726
127727
127728
127729
127730
127731
127732
127733
127734
127751
127753
127755
127756
127757
127758
127760
127761
128001
128002
128005
128006
128051
128052
128053
128054
128055
128056
128057
128058
128059
128060
128061
128062
128063
128064
128065
128066
128067
128068
128069
128070
128655
128656
128657
128658
128659
128660
128661
128662
128683
128684
128685
128686
128687
128688
128689
128690
128711
128712
128713
128714
128715
128716
128717
128718
128753
128754
128755
128756
128757
128758
128759
128760
128761
128762
128765
128767
128768
128769
128770
128771
128774
129195
129196
129197
129198
129199
129200
129201
129202
129203
129204
129205
129206
129223
129224
129225
129226
129227
129228
129229
129230
129231
129232
129233
129234
129235
129236
129237
129238
129239
129240
129241
129242
129243
129244
129245
129246
129247
129248
129249
129250
129251
129252
129253
129254
129255
129256
129257
129258
129259
129261
129263
129264
129265
129266
129268
129269
130410
130412
130414
130416
130418
130420
130422
130424
130426
130428
130430
130432
130434
130983
130985
130987
130989
130991
130993
130995
130997
130999
131001
131003
131005
131224
131225
131227
131229
131247
131248
131249
131267
131268
131269
131297
131299
131301
131303
131305
131307
131309
131311
131313
131315
131317
131319
131361
131363
131365
131367
131369
131371
131373
131375
131377
131379
131381
132143
132144
132145
132146
132147
132149
132151
132153
132177
132178
132179
132180
132181
132182
132213
132215
132217
132219
132221
132223
132225
132227
132229
132231
132233
132273
132275
132277
132279
132281
132283
132285
132287
132289
132291
132293
133307
133311
133312
133315
133316
133319
133320
133323
133324
133327
133328
133331
133332
133335
133336
133339
133340
133343
133344
133347
133348
133351
133352
133355
134242
134244
134245
134246
134248
134249
134252
134253
134256
134257
134298
134300
134301
134302
134303
134304
134305
134306
134307
134308
134358
134359
134361
134362
134364
134365
134367
134368
134370
134372
134374
134376
134378
134380
134382
134385
134452
134453
134456
134457
134460
134461
134464
134465
134468
134469
134472
134473
134476
134477
134480
134481
134484
134485
134488
134489
134492
134493
134559
134561
134563
134565
134567
134569
134571
134573
134575
134577
134579
134848
134859
134860
134861
134862
134863
134887
134889
134891
134893
134895
134897
134899
134901
134903
134905
134923
134924
134925
134926
134927
134928
134929
134930
134931
134932
134933
134934
134955
136162
136164
136165
136200
136201
136202
136203
136204
136238
136239
136240
136241
136242
136299
136300
136303
136306
136309
136312
136315
136318
136321
136324
136327
136330
136372
136590
136592
136610
136612
136614
136615
136616
137587
138387
138397
138399
138819
138820
138822
138823
138824
138828
138829
138834
138878
138879
138880
138881
138882
138883
138884
138885
138886
138887
138933
138934
138935
138936
138937
138938
138939
138940
138941
138942
138943
139023
139024
139025
139029
139030
139031
139035
139036
139037
139041
139042
139043
139047
139048
139049
139053
139054
139055
139059
139060
139061
139065
139066
139067
139071
139072
139073
139077
139078
139079
139083
139084
139085
139089
139090
139167
139549
139550
139551
139552
139553
139554
139555
139556
139557
139558
139559
139592
139593
139594
139595
139596
139597
139598
139599
139600
139601
139672
139673
139674
139675
139679
139680
139681
139682
139686
139687
139688
139692
139693
139694
139698
139699
139700
139704
139705
139706
139710
139711
139712
139716
139717
139718
139722
139723
139724
139728
139729
139730
139734
139735
139736
139989
139990
139994
139995
140016
140022
140023
140025
140028
140030
140031
140032
140062
140064
140066
140068
140070
140072
140074
140896
140897
140927
140929
140931
140935
140937
140939
140940
140941
140942
140960
140961
140962
140963
140964
140965
140966
140967
140968
140986
140987
140988
140989
140990
140991
140992
140993
140994
140995
141108
141110
141114
141115
141119
141120
141149
141150
141151
141152
141153
141154
141181
141182
141183
141184
141185
141186
141233
141236
141237
141240
141241
141244
141245
141248
141249
141252
141253
141256
141257
141260
141261
141264
141265
141268
141269
141272
141273
141276
141384
141385
141390
141391
141392
141397
141398
141399
141404
141405
141406
141411
141412
141413
141418
141419
141420
141425
141426
141427
141432
141433
141434
141439
141440
141441
141446
141447
141448
141453
141454
141455
141737
141738
141744
141745
141768
141769
141770
141771
141772
141773
141774
141775
141776
141858
141859
141860
141865
141866
141867
141872
141873
141874
141879
141880
141881
141886
141887
141888
141893
141894
141895
141900
141901
141902
141908
142676
142700
142702
142704
142706
142708
142710
142712
142714
142716
142718
142720
142759
142761
142763
142765
142767
142769
142771
142773
142775
142777
142854
142857
142859
142860
142877
142878
142879
142893
142894
142895
142919
142921
142923
142925
142927
142929
142931
142933
142935
142937
142939
143005
143009
143010
143011
143015
143016
143017
143021
143022
143023
143027
143028
143029
143033
143034
143035
143039
143040
143041
143045
143046
143047
143051
143052
143053
143057
143058
143059
143063
143064
143065
143392
143393
143394
143395
143396
143397
143398
143399
143400
143401
143405
143406
143410
143411
143412
143415
143416
143417
143474
143475
143476
143477
143478
143479
143480
143481
143482
143483
143484
143485
143486
143487
143540
143542
143544
143546
143548
143550
143552
143554
143556
143640
143641
143642
143643
143648
143649
143650
143651
143656
143657
143658
143659
143664
143665
143666
143667
143672
143673
143674
143675
143680
143681
143682
143683
143688
143689
143690
143691
143696
143697
143698
143699
143704
143705
143706
143707
143712
143713
143714
143715
143720
143721
143723
143913
143915
143916
143931
143932
143933
143934
143935
143936
143937
143969
143971
143973
143975
143977
143979
143981
143983
143986
144148
144149
144162
144163
144164
144165
144166
144167
144220
144224
144225
144229
144230
144231
144235
144236
144237
144241
144242
144243
144247
144248
144249
144252
144253
144254
144256
144257
144409
144410
144411
144414
144415
144467
144468
144469
144470
144474
144475
144476
144481
144482
144483
144484
144485
144486
144487
144488
144489
144586
144587
144589
144622
144623
144624
144625
144666
144667
144668
144669
144670
144817
144818
144824
144825
144831
144832
144842
144843
144845
144952
144953
144954
144959
144960
144961
144962
144963
144964
144965
144966
144967
144969
145029
145032
145033
145067
145069
145071
145123
145126
145127
145146
145147
145148
145149
145209
145210
145214
145215
145239
145241
145244
145245
145246
145247
145364
145365
145366
145368
145445
145447
145448
145449
145450
145451
145452
145453
145454
145455
145564
145565
145566
145567
147417
147418
147419
147420
147421
147422
147423
147424
147425
147426
147427
147428
147429
147430
147431
147432
147433
147434
147435
147436
147437
147438
147439
147440
147441
147442
147443
147444
147445
147446
147447
147448
147449
147450
147451
147452
147453
147454
147455
147456
147457
147458
147459
147460
147461
147462
147463
147464
147465
147466
147467
147468
147469
147470
147471
147473
147474
148907
148908
148909
148910
148911
148912
148913
148914
148915
149065
149076
149077
149078
149087
149088
149089
149098
149099
149100
149109
149110
149111
149120
149121
149122
149131
149132
149133
149142
149143
149144
149153
149154
149155
149164
149165
149166
149175
149176
149177
149186
149187
149188
150472
150480
150484
150492
150537
150538
150539
150540
150541
150542
150543
150544
150545
150546
150547
150548
150549
150550
150551
150552
150553
150554
150555
150556
150557
150558
150559
150560
150605
150606
150607
150608
150609
150610
150611
150612
150613
150614
150615
150616
150617
150618
150619
150620
150621
150622
150623
150624
150625
150626
150627
150628
150666
150668
150669
150670
150671
150672
150673
150674
150675
150676
150677
150678
150679
150680
150681
150682
150683
150684
150685
150686
150687
150688
150689
150690
150691
150692
150693
150694
150695
150696
150697
150698
150699
150700
150701
150702
150703
150704
150705
150706
150707
150708
150709
150710
150711
150712
150713
150714
150715
150716
150717
150718
150719
150720
150721
150722
150723
150724
150725
150726
150727
150728
150729
150730
150731
150732
150733
150734
150735
150736
150737
150738
150739
150740
150741
150742
150743
150744
150745
150746
150747
150748
150749
150750
150751
150752
150753
150754
150755
150756
150757
150758
150759
150760
150761
150762
150763
150764
150765
150766
150767
150768
150769
150770
150771
150772
150773
150774
150775
150776
150777
150778
150779
150780
150781
150782
150783
150784
150785
150786
150787
150788
150789
150790
150791
150792
150793
150794
150795
150796
150797
150798
150799
150800
150801
150802
150803
150804
151044
151046
151047
151048
151049
151050
151051
151052
156485
156486
156487
156488
156489
156490
156491
156492
156493
156494
156495
156496
156499
156506
156507
156508
156509
156510
156511
156512
156513
156514
156515
156516
156517
156518
156519
156520
156521
156522
156523
156524
156537
156542
156829
156830
156831
156832
156833
156834
156835
156836
156837
156838
156839
156840
156841
156842
156843
156844
156845
156846
156847
156848
156849
156850
156851
156852
156853
156854
156855
156856
156857
156858
156859
156860
156861
156862
156863
156864
156865
156866
156867
156868
156869
156870
156871
156872
157162
157163
157164
157165
157166
157167
157168
157169
157170
157171
157172
157173
157174
157175
157176
157177
157178
157179
157180
157181
157182
157183
157184
157185
157186
157187
157188
157189
157190
157191
157192
157193
157194
157195
157196
157197
157198
157199
157200
157201
157202
157203
157204
157205
157206
157723
157724
157725
157726
157727
157728
157730
157731
157732
157733
157734
157755
157756
157757
157758
157759
157760
157781
157782
157783
157784
157785
157786
157787
157788
157809
157810
157811
157812
157813
157814
157815
157816
157837
157838
157839
157840
157841
157842
157843
157844
157865
157866
157867
157868
157869
157870
157871
157872
157893
157894
157895
157896
157897
157898
157899
157900
157921
157922
157923
157924
157925
157926
157927
157928
157949
157950
157951
157952
157953
157954
157955
157956
157977
157978
157979
157980
157981
157982
157983
157984
158005
158006
158007
158008
158009
158010
158011
158012
158033
158035
158039
158335
158336
158337
158338
158339
158340
160488
160495
160512
160514
160577
160578
160579
160580
160581
160582
160583
160584
160585
160586
160587
160588
160589
160590
160591
160592
160593
160594
160595
160596
160597
160598
160599
160600
160601
160602
160603
160604
160605
160606
160607
160608
160609
160610
160611
160612
160613
160614
160615
160616
160617
160618
160681
160682
160683
160684
160685
160686
160687
160688
160689
160690
160691
160692
160693
160694
160695
160696
160697
160698
160699
160700
160701
160702
160703
160704
160705
160706
160707
160708
160709
160710
160711
160712
160713
160714
160715
160716
160717
160718
160719
160720
160721
160722
160723
160724
160725
160726
160727
160728
160729
160730
160731
160732
160733
160734
160735
160736
160737
160738
160739
160740
160741
160742
160743
160744
160745
160746
160747
160748
160749
160750
160751
160752
160753
160754
160755
160756
160757
160758
160759
160760
160761
160762
160763
160764
160765
160766
160767
160768
160769
160770
160771
160772
160773
160774
160775
160776
160777
160778
160779
160780
160781
160782
160977
160978
160979
160980
160981
160982
160983
160984
160985
160986
160987
160988
160989
160990
160991
160992
160993
160994
160995
160996
160997
160998
160999
161000
161001
161002
161003
161004
161005
161006
161007
161008
161009
161010
161011
161012
161013
161014
161015
161016
161017
161018
161019
161020
161021
161022
161023
161024
161025
161026
161027
161028
161029
161030
161031
161032
161033
161034
161035
161036
161037
161038
161039
161040
161041
161042
161043
161044
161045
161046
161047
161048
161049
161050
161051
161052
161053
161054
161055
161056
161057
161058
161059
161060
161061
161062
161063
161064
161065
161066
161067
161068
161069
161070
161071
161072
161073
161074
161075
161076
161077
161078
161079
161080
161081
161082
161083
161084
161085
161086
161087
161088
161089
161090
161091
161092
161093
161094
161095
161096
161102
161103
161104
161107
161108
162013
162014
162015
162016
162017
162018
162019
162020
162027
162028
162029
162030
162031
162032
162059
162060
162061
162062
162063
162064
162065
162066
162067
162068
162069
162070
162071
162072
162073
162074
162091
162094
162095
162096
162097
162098
162099
162100
162101
162102
162103
162104
162105
162106
162107
162108
162109
162110
162325
162326
162327
162328
162329
162330
162331
162332
162333
162334
162335
162336
162337
162338
162339
162340
162341
162342
162343
162344
162345
162346
162347
162348
162349
162350
162351
162352
162353
162354
162355
162356
162357
162358
162359
162360
162361
162362
162363
162364
162365
162366
162549
162550
162551
162552
162553
162554
162555
162556
162557
162558
162559
162560
162561
162562
162563
162564
162565
162566
162567
162568
162569
162570
162571
162572
162573
162574
162575
162576
162577
162578
162579
162580
162581
162582
162919
162920
162921
162922
162923
162924
162925
162926
162943
162944
162945
162946
162947
162948
162949
162950
162951
162952
162953
162954
162955
162956
162973
162974
162975
162976
162977
162978
162979
162980
162981
162982
162983
162984
162985
162986
163003
163004
163005
163006
163007
163008
163009
163010
163011
163012
163013
163014
163015
163016
163033
163034
163035
163036
163037
163038
163039
163040
163041
163042
163043
163044
163045
163046
163063
163064
163065
163066
163067
163068
163069
163070
163071
163072
163073
163074
163075
163076
163093
163094
163095
163096
163097
163098
163099
163100
163101
163102
163103
163104
163105
163106
163123
163124
163125
163126
163127
163128
163129
163130
163131
163132
163133
163134
163135
163136
163153
163154
163155
163156
163157
163158
163159
163160
163161
163162
163163
163164
163165
163166
163183
163184
163185
163186
163187
163188
163189
163190
163191
163192
163193
163194
163195
163196
163213
163214
163215
163216
163217
163218
163219
163220
163221
163222
163223
163224
163225
163226
163243
163244
163245
163246
163247
163248
163250
163995
163996
163997
163998
163999
164000
164001
164002
164003
164004
164005
164006
164035
164036
164037
164038
164039
164040
164041
164042
164043
164044
164045
164046
164047
164048
164049
164050
164051
164052
164081
164082
164083
164084
164085
164086
164087
164088
164089
164090
164091
164092
164093
164094
164095
164096
164097
164098
164127
164128
164129
164130
164131
164132
164133
164134
164135
164136
164137
164138
164139
164140
164141
164142
164143
164144
164173
164174
164175
164176
164177
164178
164179
164180
164181
164182
164183
164184
164185
164186
164187
164188
164189
164190
164219
164220
164221
164222
164223
164224
164225
164226
164227
164228
164229
164230
164231
164232
164233
164234
164235
164236
164265
164266
164267
164268
164269
164270
164271
164272
164273
164274
164275
164276
164277
164278
164279
164280
164281
164282
164311
164312
164313
164314
164315
164316
164317
164318
164319
164320
164321
164322
164323
164324
164325
164326
164327
164328
164357
164358
164359
164360
164361
164362
164363
164364
164365
164366
164367
164368
164369
164370
164371
164372
164373
164374
164403
164404
164405
164406
164407
164408
164409
164410
164411
164412
164413
164414
164415
164416
164417
164418
164419
164420
164449
164450
164451
164452
164453
164454
164455
164456
164457
164458
164459
164460
164461
164462
164463
164464
164465
164466
164502
166425
166426
166427
166428
166429
166430
166431
166432
166433
166434
166435
166436
166474
166475
166476
166477
166478
166479
166480
166481
166482
166483
166484
166485
166486
166487
166488
166489
166490
166491
166492
166661
166662
166663
166664
166665
166666
166667
166668
166669
166670
166671
166672
166673
166674
166675
166676
166677
166678
166679
166680
166681
166682
166683
166684
166685
166686
166687
166688
166689
166690
166691
166692
166693
166694
166695
166696
166697
166698
166699
166700
166701
166702
166703
166704
166705
166706
166707
166708
166709
166710
166711
166712
166713
166714
166715
166716
166717
166718
166719
166720
167337
167338
167339
167340
167341
167342
167343
167344
167345
167346
167347
167348
167349
167350
167351
167352
167353
167354
167387
167388
167389
167390
167391
167392
167393
167394
167395
167396
167397
167398
167399
167400
167401
167402
167403
167404
167437
167438
167439
167440
167441
167442
167443
167444
167445
167446
167447
167448
167449
167450
167451
167452
167453
167454
167487
167488
167489
167490
167491
167492
167493
167494
167495
167496
167497
167498
167499
167500
167501
167502
167503
167504
167505
167506
167539
167540
167541
167542
167543
167544
167545
167546
167547
167548
167549
167550
167551
167552
167553
167554
167555
167556
167557
167558
167587
167588
167589
167590
167591
167592
167593
167594
167595
167596
167597
167598
167599
167600
167601
167602
167603
167604
167605
167606
167635
167636
167637
167638
167639
167640
167641
167642
167643
167644
167645
167646
167647
167648
167649
167650
167651
167652
167653
167654
167679
167681
167685
167687
167688
167689
167690
167691
167692
167696
168139
168140
168141
168142
168148
168149
168150
168151
168152
168273
168274
168275
168276
168277
168278
168279
168280
168281
168282
168283
168284
168285
168286
168287
168288
168289
168290
168291
168292
168293
168294
168295
168296
168297
168298
168299
168300
168301
168302
168303
168304
168305
168306
168307
168308
168309
168310
168311
168312
168313
168314
168315
168316
168317
168318
168319
168320
168321
168322
168323
168324
169403
169404
169405
169406
169407
169408
169409
169410
169411
169412
169413
169414
169453
169454
169455
169456
169457
169458
169459
169460
169461
169462
169463
169464
169503
169504
169505
169506
169507
169508
169509
169510
169511
169512
169576
169577
169578
169579
169580
169581
169582
169583
169584
169585
169586
169587
169588
169589
169590
169591
169592
169597
169599
169600
169601
169602
169603
169604
169606
169612
170317
170318
170319
170320
170321
170322
170323
170324
170325
170326
170327
170328
170329
170330
170331
170332
170333
170334
170359
170360
170361
170362
170363
170364
170365
170366
170367
170368
170369
170370
170371
170372
170373
170374
170375
170376
170377
170378
170379
170380
170381
170382
170383
170384
170385
170386
170387
170388
170389
170390
170391
170392
170393
170394
170395
170396
170397
170398
170399
170400
170401
170402
170403
170404
170405
170406
170407
170408
170409
170410
170411
170412
170413
170415
170419
170420
170421
170422
170423
170424
170428
)


// ************************************************************************* //
