/*--------------------------------*- C++ -*----------------------------------*\
| =========                 |                                                 |
| \\      /  F ield         | OpenFOAM: The Open Source CFD Toolbox           |
|  \\    /   O peration     | Version:  v2012                                 |
|   \\  /    A nd           | Website:  www.openfoam.com                      |
|    \\/     M anipulation  |                                                 |
\*---------------------------------------------------------------------------*/
FoamFile
{
    version     2.0;
    format      ascii;
    class       volVectorField;
    location    "720/topAir";
    object      U;
}
// * * * * * * * * * * * * * * * * * * * * * * * * * * * * * * * * * * * * * //

dimensions      [0 1 -1 0 0 0 0];


internalField   nonuniform List<vector> 
1200
(
(0.10471459 -0.0024812888 0.00087440419)
(0.11866839 -0.0025489694 0.0013111779)
(0.13065239 -0.0023173646 0.0013860618)
(0.14001139 -0.0017452362 0.0012387945)
(0.14819099 -0.00089703811 0.00088287451)
(0.1558465 5.1181523e-05 0.00027803931)
(0.16325003 0.00099048759 -0.00060795472)
(0.170652 0.0018625923 -0.0019443431)
(0.17824859 0.0027700293 -0.0040019289)
(0.18635061 0.0039047677 -0.0071048692)
(0.19510546 0.0056037409 -0.011664938)
(0.20415073 0.0082560217 -0.01809534)
(0.21190195 0.012261862 -0.026642308)
(0.21675406 0.016963428 -0.03710335)
(0.21885069 0.022191334 -0.048641685)
(0.21889989 0.027201834 -0.060012071)
(0.21717668 0.031406364 -0.07002737)
(0.21388686 0.034548077 -0.077977002)
(0.20949821 0.036558025 -0.083685062)
(0.20476078 0.037458167 -0.087336707)
(0.20048784 0.037397828 -0.089274762)
(0.19727577 0.036637013 -0.089858191)
(0.19537749 0.035427063 -0.089392604)
(0.19476582 0.03395466 -0.088107906)
(0.19523077 0.032376604 -0.08613541)
(0.19634232 0.030912015 -0.083451735)
(0.19720137 0.029956612 -0.079796651)
(0.19596147 0.030317587 -0.074586726)
(0.18918385 0.033915057 -0.066826952)
(0.15077066 0.0466762 -0.054500728)
(0.098686147 -0.0039277859 0.00084617069)
(0.098466011 -0.0047339157 0.0012758893)
(0.098925516 -0.0047706826 0.0014540529)
(0.099862353 -0.0042871897 0.0015311741)
(0.10135383 -0.0034767445 0.0015337523)
(0.10343173 -0.0025941431 0.0014464134)
(0.10607552 -0.0018146566 0.0012431523)
(0.10946817 -0.0011692214 0.00086287434)
(0.11410207 -0.00033867202 0.00018042726)
(0.12048062 0.0010724616 -0.00098661678)
(0.129598 0.0039266071 -0.002953227)
(0.14165183 0.0092431995 -0.006110314)
(0.15632787 0.017841593 -0.010977949)
(0.17174334 0.028559241 -0.017628868)
(0.185866 0.0407718 -0.025577165)
(0.19705864 0.053095845 -0.033823753)
(0.20430047 0.064469649 -0.041409806)
(0.20735494 0.074090179 -0.047831073)
(0.20685328 0.081303621 -0.052948203)
(0.2040939 0.085728989 -0.056784563)
(0.20054624 0.087533212 -0.059405993)
(0.19728185 0.087350699 -0.060857596)
(0.19480148 0.085853486 -0.061227979)
(0.19323148 0.083512365 -0.060651621)
(0.19252479 0.0806279 -0.059224354)
(0.19245776 0.077576718 -0.056867136)
(0.1924276 0.075083632 -0.053183335)
(0.19120038 0.07465182 -0.047275252)
(0.1874721 0.079495379 -0.037127815)
(0.16224312 0.094732444 -0.017884448)
(0.098814799 -0.0029304915 0.000873278)
(0.097954191 -0.0042369553 0.0013241492)
(0.096310387 -0.0046425102 0.0015238918)
(0.094259622 -0.0047291148 0.0016422636)
(0.092268706 -0.0046883014 0.0017316423)
(0.090517524 -0.0046098179 0.0018046948)
(0.088988282 -0.004601613 0.0018808605)
(0.087615739 -0.0046852091 0.0020056385)
(0.086463357 -0.0046930407 0.0022469061)
(0.085863317 -0.0045252628 0.0026308301)
(0.086331191 -0.0039082491 0.0030983627)
(0.090143939 -0.001195649 0.0032083393)
(0.10060134 0.0066668043 0.0022836177)
(0.11646595 0.020375605 0.0002017134)
(0.13512572 0.037816745 -0.0029122727)
(0.15315149 0.056178158 -0.006151736)
(0.16778779 0.072684875 -0.0088731967)
(0.17784281 0.08628105 -0.01091093)
(0.18355527 0.096537211 -0.01249391)
(0.18614456 0.10332484 -0.013945638)
(0.18709431 0.10679512 -0.015425592)
(0.18738986 0.10738662 -0.016738667)
(0.1873379 0.10573693 -0.017562242)
(0.18692564 0.10244514 -0.017791014)
(0.1861625 0.097976554 -0.017357702)
(0.18508815 0.092746418 -0.016151232)
(0.18355811 0.087444055 -0.013866189)
(0.18120676 0.083611006 -0.0099247889)
(0.17841681 0.084762851 -0.0033071)
(0.16419223 0.097089262 0.0091302943)
(0.096858152 -0.0015576398 0.00083869328)
(0.09463362 -0.0023018498 0.0012513893)
(0.090912622 -0.0025280333 0.0014123984)
(0.086363648 -0.0025580398 0.0014900924)
(0.081807583 -0.0024946439 0.0015407708)
(0.077488685 -0.0023700822 0.0015813706)
(0.073367051 -0.0022253311 0.0016374028)
(0.069341181 -0.0020965381 0.0017568241)
(0.065278044 -0.0020262357 0.0020176303)
(0.060958499 -0.0021997419 0.0025349529)
(0.055947127 -0.0031448955 0.0035540135)
(0.049843862 -0.0047916073 0.0055357482)
(0.041983741 -0.0050870545 0.0091524186)
(0.038473665 0.0021724906 0.014063065)
(0.04581155 0.017982037 0.019651953)
(0.061170277 0.035375166 0.025532532)
(0.07782663 0.050089698 0.031189873)
(0.092737918 0.061906666 0.036402351)
(0.10537155 0.070960429 0.040818051)
(0.11620496 0.077283186 0.043960007)
(0.12575285 0.080866367 0.045887605)
(0.13416157 0.08178368 0.046815947)
(0.14124854 0.080425116 0.046925945)
(0.14672673 0.077333678 0.046420001)
(0.15044808 0.073061613 0.045569112)
(0.15248862 0.068053214 0.04466352)
(0.1532188 0.062885574 0.043998942)
(0.15361573 0.05873727 0.043579042)
(0.15753178 0.058304312 0.042851077)
(0.17884431 0.067285309 0.042029991)
(0.10597745 -0.0024827286 0.00099732461)
(0.12078517 -0.0025615738 0.0013836828)
(0.13401713 -0.0024213049 0.0013662943)
(0.14471014 -0.0020370319 0.0011143054)
(0.15403142 -0.0014791276 0.00064611652)
(0.16256958 -0.0009316052 -8.1756368e-05)
(0.17033525 -0.00054677192 -0.0011334202)
(0.17724183 -0.00039333965 -0.00267736)
(0.18326693 -0.00053481596 -0.0049705594)
(0.18838486 -0.0010542547 -0.0083073176)
(0.19252618 -0.0020797324 -0.013033765)
(0.1955894 -0.0037478968 -0.019415722)
(0.1969504 -0.0061880261 -0.02742018)
(0.1963079 -0.010086583 -0.036329805)
(0.19541022 -0.014633865 -0.044932596)
(0.19565385 -0.018920483 -0.052109822)
(0.19685395 -0.021938404 -0.057585986)
(0.19801035 -0.023317945 -0.061681767)
(0.19833683 -0.023471729 -0.064729424)
(0.19770599 -0.023150562 -0.066878218)
(0.19653798 -0.022880878 -0.068207287)
(0.19540115 -0.022751683 -0.068783254)
(0.19468969 -0.022709096 -0.068661721)
(0.19458672 -0.022735153 -0.067874285)
(0.195208 -0.022820342 -0.066403113)
(0.19668222 -0.022833799 -0.064132283)
(0.19905312 -0.022351503 -0.060735231)
(0.20213197 -0.020272486 -0.0556026)
(0.20541239 -0.01319232 -0.047917771)
(0.20060727 0.0090142559 -0.03764201)
(0.099975665 -0.0039396629 0.0010539085)
(0.10069481 -0.0047824323 0.0015940042)
(0.10253306 -0.0049586457 0.0017822727)
(0.10501941 -0.0047338155 0.0018126848)
(0.10796828 -0.0043039277 0.0017263089)
(0.11131943 -0.0039240253 0.0014996438)
(0.11497911 -0.0037971621 0.0010873732)
(0.11887061 -0.0040339523 0.00041401386)
(0.1229727 -0.0047563887 -0.0006437357)
(0.12725798 -0.0061533475 -0.002239094)
(0.13174856 -0.0084634482 -0.0045327871)
(0.1365272 -0.01194739 -0.0077206175)
(0.14173891 -0.016892326 -0.011859459)
(0.1473444 -0.023940243 -0.01636707)
(0.15334149 -0.03163002 -0.020170736)
(0.15950462 -0.037787305 -0.022411447)
(0.16521134 -0.040399661 -0.023330482)
(0.1694729 -0.039195141 -0.024053368)
(0.17171911 -0.035524676 -0.025336689)
(0.17217003 -0.031292711 -0.0272496)
(0.1716666 -0.027789908 -0.029415344)
(0.17098997 -0.025182348 -0.031408147)
(0.17039334 -0.023263101 -0.032827831)
(0.16986077 -0.022026295 -0.033276914)
(0.16956515 -0.021627173 -0.032368845)
(0.17008966 -0.022185931 -0.029736796)
(0.17252088 -0.023531347 -0.02488943)
(0.17915217 -0.025026613 -0.016983398)
(0.19595319 -0.025082259 -0.0046736446)
(0.25521648 -0.017967735 0.010310713)
(0.10011519 -0.0029587985 0.0010745194)
(0.10020997 -0.0042901651 0.0016420346)
(0.1000116 -0.0047390538 0.0018785718)
(0.099664736 -0.0049028945 0.0019869074)
(0.099385423 -0.0049773002 0.0020264874)
(0.099290231 -0.0050503271 0.0019979362)
(0.09939349 -0.0052109306 0.0018997683)
(0.099674613 -0.0055573066 0.0017470813)
(0.10011546 -0.0062317771 0.0015641086)
(0.10076752 -0.0074850892 0.0013274611)
(0.1017476 -0.0096491508 0.00088466483)
(0.10322778 -0.013194593 1.6042867e-05)
(0.1054147 -0.018805621 -0.0011868116)
(0.10836397 -0.026986539 -0.0019549723)
(0.11210866 -0.036066134 -0.00089262866)
(0.11637584 -0.042860901 0.0039432272)
(0.12204828 -0.043790538 0.012409046)
(0.12803897 -0.039579765 0.020951501)
(0.13298514 -0.03300831 0.027504622)
(0.13624689 -0.027197186 0.031278854)
(0.13800164 -0.023082822 0.033311098)
(0.1391953 -0.019817348 0.035533128)
(0.14103873 -0.017578732 0.038095334)
(0.14328912 -0.01649936 0.040784467)
(0.14495526 -0.017185443 0.042581568)
(0.14579981 -0.019428779 0.043672251)
(0.14632993 -0.022640018 0.044542437)
(0.1478094 -0.026983432 0.045545775)
(0.15478882 -0.032869559 0.048312366)
(0.18492559 -0.040955093 0.048166713)
(0.098102388 -0.0015846469 0.0010496378)
(0.096775136 -0.0023582138 0.0015986043)
(0.094428063 -0.0026173929 0.0018212126)
(0.091503958 -0.0026931663 0.0019123505)
(0.088580093 -0.0026915217 0.0019311853)
(0.085849222 -0.002647022 0.001882372)
(0.083311414 -0.0026034436 0.0017711438)
(0.080933357 -0.0026182508 0.0016163295)
(0.078665045 -0.0027751908 0.0014553954)
(0.076475977 -0.0032175935 0.0013447627)
(0.074286585 -0.0042176115 0.0013572366)
(0.071875718 -0.0062506615 0.0016225876)
(0.068860707 -0.009960464 0.0021334204)
(0.0650212 -0.015454494 0.0029602849)
(0.060625395 -0.020262762 0.0064142742)
(0.057565452 -0.019270974 0.018393106)
(0.060155057 -0.010289662 0.042978533)
(0.064099061 0.0028362566 0.06639247)
(0.068501251 0.016021658 0.084388068)
(0.073951528 0.026648799 0.096994834)
(0.081151525 0.033706294 0.10486446)
(0.089364877 0.036434013 0.10833593)
(0.096706734 0.036073237 0.10925797)
(0.10271001 0.033543928 0.10823918)
(0.10708098 0.029764657 0.10559579)
(0.11017374 0.024781115 0.10073285)
(0.11227984 0.018783157 0.093650914)
(0.11365973 0.012042395 0.084964622)
(0.11979534 0.0048651887 0.075825528)
(0.1502657 -0.0014697759 0.056415782)
(0.10584961 -0.0025034377 0.00034318301)
(0.12045336 -0.0025810962 0.00055355286)
(0.13358918 -0.0024153456 0.00062306137)
(0.14429461 -0.0019843847 0.00059477245)
(0.15367121 -0.0013696641 0.0004933819)
(0.16221515 -0.00076292951 0.00031912976)
(0.16995834 -0.00027272132 3.6133631e-05)
(0.17688223 6.2908255e-05 -0.00037185302)
(0.18299182 0.00021750166 -0.00091894244)
(0.18827043 0.00014690369 -0.0016255407)
(0.19265812 -0.00022998093 -0.0025030692)
(0.19604815 -0.0010533582 -0.0035084251)
(0.1977461 -0.0025537736 -0.0044536251)
(0.19736542 -0.0056080511 -0.0049706003)
(0.19661034 -0.0093246796 -0.0046777114)
(0.19632514 -0.012959723 -0.0038416505)
(0.19566553 -0.016399732 -0.0034171339)
(0.19400267 -0.01985491 -0.0041983279)
(0.1914835 -0.023291169 -0.0062620688)
(0.18852142 -0.026649686 -0.0091398913)
(0.18551855 -0.029922114 -0.012211139)
(0.1828148 -0.033020529 -0.01494647)
(0.18058244 -0.035762806 -0.017020802)
(0.17881133 -0.037977829 -0.018315891)
(0.17748099 -0.039636247 -0.018765217)
(0.17672666 -0.04092381 -0.018251877)
(0.17713777 -0.042044496 -0.01675584)
(0.18005973 -0.04253929 -0.015319008)
(0.18708333 -0.038779691 -0.017291113)
(0.19764721 -0.022224396 -0.02386524)
(0.09985232 -0.0039529135 0.00034213925)
(0.10033717 -0.0047844533 0.00057414689)
(0.10204402 -0.0049198359 0.00066470812)
(0.10451065 -0.0046280224 0.00064916377)
(0.10746803 -0.0041152345 0.00053980309)
(0.11079486 -0.0036389717 0.000318418)
(0.11437372 -0.0033411368 -5.0529841e-05)
(0.11810759 -0.0032884372 -0.00060709173)
(0.12194431 -0.0035591885 -0.0014022174)
(0.12587181 -0.004272192 -0.0025174275)
(0.12992367 -0.0056668704 -0.0040224213)
(0.13422916 -0.0081442009 -0.0059255895)
(0.139062 -0.012311334 -0.0080424906)
(0.1444055 -0.018948647 -0.0098663345)
(0.14981206 -0.025619866 -0.011172729)
(0.15424441 -0.03004426 -0.012968698)
(0.15633274 -0.032650089 -0.016628532)
(0.15606477 -0.034744104 -0.022074957)
(0.15440352 -0.036423227 -0.028402238)
(0.1519694 -0.037808996 -0.0346265)
(0.14903532 -0.039243356 -0.039883296)
(0.14577672 -0.04087749 -0.04360816)
(0.14225903 -0.042556277 -0.04555772)
(0.13832667 -0.044081516 -0.045728389)
(0.13399842 -0.04556383 -0.043973482)
(0.12943604 -0.047636453 -0.040022078)
(0.12626985 -0.050975089 -0.033778622)
(0.12918619 -0.055230894 -0.028156506)
(0.14535701 -0.053862036 -0.034655559)
(0.19504585 -0.036037703 -0.056752084)
(0.099996348 -0.0029542551 0.00034678268)
(0.099868166 -0.004279795 0.00058540133)
(0.099545749 -0.0047091955 0.00069077727)
(0.099189453 -0.0048415492 0.00069427827)
(0.09894371 -0.0048718205 0.00060481946)
(0.098876458 -0.0048799735 0.00040201798)
(0.098978535 -0.0049357743 4.914302e-05)
(0.099207924 -0.0051190096 -0.00050361349)
(0.099551791 -0.0055455193 -0.0013236152)
(0.099983594 -0.0064013979 -0.0024869044)
(0.10046864 -0.0080594582 -0.0041289477)
(0.10105119 -0.011191583 -0.0063822131)
(0.10195053 -0.016890347 -0.0092068221)
(0.1032015 -0.025514317 -0.012067698)
(0.10399138 -0.032989843 -0.014450885)
(0.10331278 -0.035128083 -0.0170875)
(0.099704098 -0.033958883 -0.021324896)
(0.095305666 -0.033088607 -0.024782192)
(0.091592984 -0.032595306 -0.028507408)
(0.087979218 -0.032959586 -0.03317736)
(0.083596047 -0.034487829 -0.037201836)
(0.078405257 -0.036876762 -0.038921105)
(0.073053026 -0.039520467 -0.037833393)
(0.067536285 -0.042082447 -0.034171981)
(0.063066339 -0.044374035 -0.027313071)
(0.05937208 -0.047558221 -0.01760238)
(0.058507309 -0.052737646 -0.0061801833)
(0.064923199 -0.060716226 2.6284887e-05)
(0.076762837 -0.064767654 -0.022307872)
(0.10992606 -0.054406257 -0.069722269)
(0.097986028 -0.001579848 0.00033796714)
(0.096439509 -0.0023485254 0.00056578808)
(0.093970355 -0.0025998505 0.00066188587)
(0.091035876 -0.0026657188 0.00065700169)
(0.088143405 -0.0026513919 0.0005596104)
(0.085436936 -0.0025888526 0.00034828616)
(0.082890633 -0.0025171501 -1.6002058e-05)
(0.080450154 -0.0024869192 -0.00058883936)
(0.078073187 -0.0025664378 -0.0014490085)
(0.075637174 -0.0028816869 -0.0027061258)
(0.072882906 -0.0037013668 -0.0046077708)
(0.06936004 -0.0056447166 -0.0075991425)
(0.064248771 -0.010163829 -0.012610325)
(0.055789798 -0.018310443 -0.020929954)
(0.042232812 -0.023629866 -0.031313887)
(0.027111529 -0.018923996 -0.037268375)
(0.017413522 -0.01287727 -0.029997157)
(0.026507626 -0.009592004 0.0055790651)
(0.030484355 -0.00068799659 0.041518434)
(0.034974527 0.0085918117 0.064746588)
(0.041374591 0.015350234 0.078322076)
(0.04813142 0.018611431 0.085197909)
(0.053704536 0.018875148 0.087852098)
(0.057114038 0.016561828 0.087366712)
(0.057420099 0.012055662 0.083976491)
(0.054578529 0.005041846 0.077308586)
(0.049720077 -0.0047977823 0.066915171)
(0.046787115 -0.018437892 0.050752197)
(0.035154887 -0.025784146 -0.0038994999)
(0.049037789 -0.0070751719 -0.090081124)
(0.10581853 -0.0025048897 0.00017463572)
(0.12033995 -0.0025781677 0.00030594689)
(0.13338536 -0.0023983706 0.00037061817)
(0.14401955 -0.0019375426 0.00037028004)
(0.1533523 -0.0012666565 0.00031062707)
(0.16189678 -0.00056418741 0.00019234026)
(0.16970612 7.1796924e-05 1.8610024e-05)
(0.17679132 0.00062264464 -0.0002126403)
(0.18321773 0.0010930143 -0.0005036632)
(0.18907699 0.0014766615 -0.00084038797)
(0.19449429 0.0017340267 -0.0011641084)
(0.19967271 0.0017594341 -0.0013041872)
(0.20433354 0.0013937108 -0.0008405182)
(0.20845031 0.00029839622 0.00088289)
(0.21332425 0.00030100616 0.0041395983)
(0.218548 0.0013987173 0.0082479369)
(0.22274834 0.0024788061 0.012555363)
(0.22540292 0.00285909 0.016850137)
(0.22692632 0.0024114922 0.021171826)
(0.22782902 0.0011753971 0.025630427)
(0.22837933 -0.00070558267 0.030395266)
(0.228557 -0.003022555 0.035601131)
(0.22811513 -0.0056162156 0.041174609)
(0.2268724 -0.0084035869 0.04669939)
(0.22505219 -0.011145418 0.051489733)
(0.22320751 -0.013091313 0.054802165)
(0.22158423 -0.012873518 0.055884179)
(0.21904809 -0.0090511053 0.053767071)
(0.21086267 0.00090845572 0.045262099)
(0.1527223 0.029080872 0.02395969)
(0.099822031 -0.003954655 0.0001772816)
(0.10020593 -0.0047804795 0.00032062666)
(0.10177964 -0.0048954254 0.00039197032)
(0.10411626 -0.0045599974 0.00038554416)
(0.10694566 -0.0039667733 0.00030252255)
(0.11013319 -0.0033550702 0.00013605855)
(0.11355376 -0.002849349 -0.00012920101)
(0.11711604 -0.0024869696 -0.00051858994)
(0.12078459 -0.002305447 -0.0010619432)
(0.12459827 -0.0024109063 -0.0017812931)
(0.12872657 -0.0030611822 -0.0026516031)
(0.13358618 -0.004778014 -0.0035076336)
(0.13989249 -0.0082365162 -0.0038706918)
(0.14786819 -0.012617199 -0.0029147048)
(0.15662139 -0.013021141 -0.00097695213)
(0.16404209 -0.0099198907 0.00036537789)
(0.16865532 -0.0070145729 0.00015291558)
(0.17090735 -0.0060318787 -0.0015918028)
(0.17159551 -0.0071708495 -0.0045859392)
(0.17124877 -0.009687134 -0.0084230832)
(0.17029236 -0.012801911 -0.012272734)
(0.16889396 -0.015853039 -0.015174512)
(0.16685855 -0.018521548 -0.016470782)
(0.16377076 -0.021116799 -0.016091856)
(0.15994626 -0.024003768 -0.014552575)
(0.15694811 -0.026334179 -0.013412779)
(0.1577159 -0.025025914 -0.015607219)
(0.16396062 -0.015676499 -0.023219122)
(0.17717479 0.0064834346 -0.036526892)
(0.18097802 0.045704779 -0.05361168)
(0.099967222 -0.0029518737 0.00017810896)
(0.099741031 -0.0042747588 0.00032186615)
(0.099282534 -0.0046955994 0.00039609781)
(0.09878276 -0.0048101832 0.00039133465)
(0.098382833 -0.0048095272 0.00030356741)
(0.098132174 -0.0047664876 0.00011961728)
(0.098005342 -0.004739418 -0.00018537805)
(0.097948456 -0.0047935534 -0.00064971008)
(0.097905636 -0.0050374358 -0.0013276938)
(0.097832908 -0.0056962694 -0.002303711)
(0.097754243 -0.0072657078 -0.0036428496)
(0.097964893 -0.010782561 -0.0053181176)
(0.099223562 -0.01792611 -0.0069149072)
(0.10129859 -0.026204968 -0.0071381888)
(0.10381279 -0.026723124 -0.0053236736)
(0.10541711 -0.021063015 -0.0032100396)
(0.10095151 -0.015791306 -0.0040052258)
(0.093784674 -0.012691945 -0.0079524013)
(0.085550432 -0.013496516 -0.014074818)
(0.078083515 -0.017059982 -0.020352924)
(0.071185319 -0.021715105 -0.024820632)
(0.064211013 -0.026189904 -0.025507067)
(0.057649923 -0.029835569 -0.021908423)
(0.051058844 -0.033064376 -0.015641845)
(0.045698075 -0.036149966 -0.0095417983)
(0.043453778 -0.03893271 -0.0094023313)
(0.049678223 -0.037214839 -0.02194811)
(0.067842989 -0.025505321 -0.041578655)
(0.091420206 -0.0025007427 -0.063592947)
(0.10161942 0.034190377 -0.087586088)
(0.09795741 -0.0015816144 0.00017330209)
(0.096315323 -0.0023525808 0.00031050404)
(0.093712682 -0.0026038895 0.00037789681)
(0.090634802 -0.0026661201 0.00036546291)
(0.087583865 -0.0026432833 0.00026776809)
(0.084680173 -0.0025654396 6.9112483e-05)
(0.081871843 -0.0024694572 -0.00026230287)
(0.079067629 -0.0024056442 -0.00078029386)
(0.076128385 -0.0024524687 -0.0015769584)
(0.072797449 -0.0027733531 -0.0028286868)
(0.068583209 -0.0037748311 -0.0048285102)
(0.062467351 -0.0065711687 -0.0081826963)
(0.052912597 -0.014002961 -0.014307048)
(0.035141923 -0.023126912 -0.024384601)
(0.0083533161 -0.016790126 -0.032345501)
(-0.017810022 0.0005777708 -0.029550499)
(-0.032021684 0.0031312274 -0.022983482)
(-0.037916218 0.0020499079 -0.011556815)
(-0.025621013 -0.001078837 0.010548066)
(-0.017252409 -0.00017981331 0.029732472)
(-0.0075190305 0.0011469178 0.041793216)
(0.00032262445 0.0010757419 0.048474481)
(0.004921996 -0.00070239246 0.051171977)
(0.0057840946 -0.004208368 0.051356657)
(0.0021074054 -0.010229362 0.048734349)
(-0.0093345545 -0.020342827 0.032490933)
(-0.022272363 -0.024172595 -0.0049663378)
(-0.025193467 -0.0061694653 -0.04819368)
(-0.00097776752 0.02386099 -0.081759461)
(0.037642753 0.051696156 -0.10596376)
(0.10580001 -0.0025087422 3.3565375e-05)
(0.12027499 -0.0025855277 5.0420404e-05)
(0.13326333 -0.0024082943 4.2825076e-05)
(0.14384232 -0.0019483641 1.0176039e-05)
(0.15312424 -0.0012757623 -4.648275e-05)
(0.16162063 -0.00056883841 -0.00012820446)
(0.16937785 7.1346254e-05 -0.00023840166)
(0.17639583 0.00062061932 -0.00038382599)
(0.18273779 0.0010750746 -0.00057402974)
(0.18851022 0.0014095541 -0.00081006814)
(0.19389148 0.0015476607 -0.0010691293)
(0.19924724 0.001332063 -0.0012513985)
(0.20457712 0.00069786119 -0.0010640305)
(0.21009541 7.9482145e-05 -7.5733537e-05)
(0.21633108 0.00085353179 0.0014434696)
(0.22235711 0.0021196212 0.0029332808)
(0.22735727 0.0033275927 0.004226767)
(0.23150973 0.0046944252 0.0056080841)
(0.23567959 0.0063864132 0.0074216396)
(0.24056205 0.0082937438 0.0099096041)
(0.2464528 0.010522083 0.013277097)
(0.25292617 0.013262453 0.017711388)
(0.25886648 0.016497944 0.023248927)
(0.26296666 0.020059163 0.02962281)
(0.26420736 0.023774797 0.036189375)
(0.2617216 0.027698813 0.041861922)
(0.25401211 0.032407814 0.045223494)
(0.23813522 0.039001292 0.044618746)
(0.21052623 0.049513274 0.037639605)
(0.11668941 0.07248083 0.02214394)
(0.099803196 -0.0039590866 3.382688e-05)
(0.10013093 -0.0047888566 5.1662811e-05)
(0.10162762 -0.0049057193 4.1299611e-05)
(0.10388377 -0.0045691774 -7.3631215e-07)
(0.10663138 -0.0039709624 -7.5324361e-05)
(0.10972962 -0.0033503803 -0.00018581656)
(0.11304219 -0.0028371932 -0.00033943388)
(0.11646579 -0.0024787266 -0.00054812016)
(0.11996922 -0.0023338588 -0.00082363082)
(0.12362849 -0.0025622857 -0.0011701725)
(0.12772805 -0.0035390348 -0.0015504091)
(0.13295655 -0.0059673876 -0.0018090102)
(0.14031532 -0.010195737 -0.0015147955)
(0.14984787 -0.011679941 -7.902474e-06)
(0.15938737 -0.008167299 0.0014576039)
(0.16652391 -0.0039281008 0.0017892436)
(0.17204106 -0.001006748 0.0012863804)
(0.17728061 0.00056232051 0.00054039513)
(0.18283105 0.001189473 -0.00024527459)
(0.18879844 0.0017419403 -0.0010905884)
(0.19613081 0.0034507255 -0.0018096947)
(0.20628957 0.0079276147 -0.00174452)
(0.21748464 0.01575354 -0.00044862915)
(0.22831201 0.026160994 0.0022094013)
(0.23763954 0.037906457 0.0058335656)
(0.24388291 0.05039113 0.0094593698)
(0.2443049 0.064093403 0.011653992)
(0.23463279 0.079583666 0.010815172)
(0.21273686 0.098713142 0.0046574098)
(0.13292269 0.12747275 -0.010141262)
(0.09994818 -0.0029528462 3.3247922e-05)
(0.099665308 -0.0042777209 5.0159551e-05)
(0.099125331 -0.0046995222 3.8535382e-05)
(0.09853375 -0.0048134789 -7.0096714e-06)
(0.098032411 -0.0048108559 -9.0309266e-05)
(0.097660445 -0.0047643914 -0.00021860573)
(0.097372328 -0.0047371481 -0.00040593167)
(0.097085947 -0.0048051075 -0.00067583762)
(0.096718234 -0.005106699 -0.0010623667)
(0.096208838 -0.0059507646 -0.0016145083)
(0.095639394 -0.0080497926 -0.0023782758)
(0.095694048 -0.012951617 -0.003321816)
(0.097150701 -0.022822339 -0.0040566918)
(0.099432984 -0.025791435 -0.0026503878)
(0.10473184 -0.019362582 3.0990071e-05)
(0.10377278 -0.012796032 -0.00038176629)
(0.10040017 -0.0072554168 -0.0027504818)
(0.094359881 -0.0030345643 -0.0061537449)
(0.087542615 -0.0016290333 -0.010390456)
(0.079562106 -0.0034241433 -0.015498311)
(0.070873517 -0.0068126609 -0.020072835)
(0.063760557 -0.008954081 -0.021751)
(0.067360972 -0.0070083933 -0.019598954)
(0.082188658 -0.00022871463 -0.015866561)
(0.10763823 0.01217542 -0.013321029)
(0.13320739 0.028759466 -0.011361187)
(0.15195852 0.046994547 -0.01048432)
(0.15965666 0.067679086 -0.012416172)
(0.15625139 0.094090181 -0.018859565)
(0.10496869 0.13141551 -0.030244873)
(0.097938379 -0.0015817848 3.209982e-05)
(0.096239669 -0.0023531428 4.7421677e-05)
(0.093554494 -0.002604424 3.3772191e-05)
(0.090380766 -0.0026662639 -1.4992307e-05)
(0.08722071 -0.0026430403 -0.000104202)
(0.084179452 -0.0025645923 -0.00024369626)
(0.081172115 -0.0024704671 -0.00045421781)
(0.078055719 -0.0024180904 -0.00077324601)
(0.074607785 -0.0025070368 -0.0012705678)
(0.070408566 -0.0029661179 -0.0020826264)
(0.064586952 -0.004412958 -0.0034839837)
(0.055170585 -0.0087196531 -0.0060894461)
(0.040155618 -0.020426277 -0.011455012)
(0.0036900686 -0.01960376 -0.020422178)
(-0.03543438 0.002360456 -0.018110286)
(-0.054987624 0.0058144613 -0.015261068)
(-0.070958056 0.0062785972 -0.013908999)
(-0.078734436 0.0038321702 -0.010692453)
(-0.079215814 -0.00084867785 -0.0048818151)
(-0.070487987 -0.0061133535 0.0035502643)
(-0.06058368 -0.010707658 0.010769354)
(-0.051747226 -0.015098551 0.015854939)
(-0.044421275 -0.01910638 0.018846559)
(-0.037098553 -0.020953545 0.019979857)
(-0.028728426 -0.018054503 0.018595904)
(-0.0099880855 -0.002420643 0.0071416432)
(0.018005362 0.027033649 -0.0038618968)
(0.027649605 0.048496762 -0.014639692)
(0.041452334 0.076952849 -0.028909578)
(0.056175952 0.11449598 -0.041861542)
(0.10579909 -0.0025086135 -6.845675e-05)
(0.12027141 -0.0025855893 -0.00012762832)
(0.13325532 -0.0024086143 -0.00016943436)
(0.14382745 -0.0019491177 -0.00019437325)
(0.15309861 -0.0012775199 -0.000205705)
(0.16157655 -0.00057298802 -0.0002055608)
(0.1693048 6.2598903e-05 -0.00019448228)
(0.17628034 0.00060336415 -0.00016922566)
(0.18256689 0.0010444697 -0.000127521)
(0.18827449 0.0013485649 -7.224706e-05)
(0.19360524 0.0014193624 -1.100537e-05)
(0.19903983 0.0010863959 2.0303392e-05)
(0.20484635 0.00043901896 -8.9323849e-05)
(0.21119316 0.00037911649 -0.00048690353)
(0.21786233 0.0014021279 -0.0011692362)
(0.22402145 0.0026438726 -0.0019506182)
(0.22886536 0.0039837886 -0.0027910492)
(0.23298503 0.0056982046 -0.0039256356)
(0.23699893 0.0077746404 -0.0056435523)
(0.24136967 0.010064324 -0.0082397381)
(0.24634447 0.012435196 -0.012011257)
(0.25167715 0.014903058 -0.017126547)
(0.25647568 0.017657157 -0.023503168)
(0.25957685 0.020529006 -0.030804502)
(0.26001345 0.023271708 -0.038361617)
(0.25698654 0.026019825 -0.045033352)
(0.24916776 0.029550104 -0.04915807)
(0.23373278 0.035317344 -0.04876963)
(0.20710024 0.045617201 -0.04133365)
(0.115785 0.06945785 -0.02477908)
(0.099802853 -0.0039590454 -6.7026278e-05)
(0.10012903 -0.0047892099 -0.00012874848)
(0.10162226 -0.004906741 -0.00017224919)
(0.10387205 -0.0045714045 -0.00019571697)
(0.10660811 -0.0039756863 -0.00020081461)
(0.10968567 -0.0033607655 -0.00018726692)
(0.11296631 -0.002858667 -0.00015163386)
(0.11634793 -0.0025219735 -8.6568825e-05)
(0.11979773 -0.0024201988 1.2763068e-05)
(0.12340108 -0.0027475617 0.00015415961)
(0.12750167 -0.0039480693 0.00033098123)
(0.13298246 -0.0067933461 0.00049203207)
(0.14090022 -0.011127519 0.00050320471)
(0.15124138 -0.010144583 6.4915784e-05)
(0.16054281 -0.0058271934 -0.00038386043)
(0.16758044 -0.0018498314 -0.00037448523)
(0.17381379 0.0010275489 -1.0788956e-05)
(0.17987871 0.0031336586 0.00036858864)
(0.18584018 0.0047297496 0.0005825968)
(0.19234003 0.006110964 0.00061218797)
(0.19998824 0.0081235926 0.00030616055)
(0.20908977 0.01214008 -0.00055923543)
(0.21892037 0.019002817 -0.0022710828)
(0.22812342 0.028121999 -0.0051051681)
(0.23569279 0.038294545 -0.0089809852)
(0.24059323 0.048859754 -0.012973895)
(0.24063807 0.060479779 -0.015213716)
(0.23197724 0.074312716 -0.013460106)
(0.21282007 0.092497805 -0.0053194913)
(0.14450297 0.1215134 0.011790552)
(0.099947793 -0.0029530327 -6.662511e-05)
(0.099663191 -0.0042782685 -0.00012751994)
(0.099119174 -0.0047007804 -0.00017112278)
(0.098519658 -0.0048160716 -0.00019480017)
(0.098002732 -0.0048161109 -0.00019880843)
(0.097601438 -0.00477576 -0.00018112424)
(0.097264787 -0.0047609538 -0.00013532084)
(0.096903525 -0.0048544214 -4.9916854e-05)
(0.09641261 -0.005216969 8.9051941e-05)
(0.095704034 -0.0062126286 0.00030652905)
(0.094896564 -0.0086938994 0.00063080517)
(0.095055822 -0.014516662 0.0010858997)
(0.096387854 -0.0259397 0.0017819767)
(0.10115236 -0.023018361 0.0018494492)
(0.10521615 -0.016024784 0.00093756347)
(0.1044273 -0.0097817274 0.0010560811)
(0.10036246 -0.0041419937 0.0020722097)
(0.0940026 0.00030798599 0.0036987505)
(0.08717483 0.0021673982 0.0060713728)
(0.07887128 0.00073452968 0.0092330256)
(0.067663187 -0.0031289924 0.012272212)
(0.056259748 -0.006069844 0.01345442)
(0.053972771 -0.0046279848 0.011906147)
(0.064921645 0.0015401534 0.0090256538)
(0.086544283 0.011785455 0.0069062747)
(0.11496552 0.026689345 0.0065088516)
(0.13656715 0.042808514 0.0083305819)
(0.14808732 0.061456947 0.014328052)
(0.15048162 0.08589802 0.025705686)
(0.12005702 0.1212259 0.041393763)
(0.097937969 -0.0015819055 -6.4617056e-05)
(0.096237349 -0.0023534466 -0.00012257994)
(0.093547612 -0.0026050682 -0.00016288825)
(0.090364609 -0.002667488 -0.00018275054)
(0.087185141 -0.0026453763 -0.00018194198)
(0.084106091 -0.0025697699 -0.00015783182)
(0.081033828 -0.0024817296 -0.00010167357)
(0.07780274 -0.0024422116 1.6532787e-06)
(0.074129435 -0.0025662857 0.00017956067)
(0.069461344 -0.0031255346 0.00048829808)
(0.062645337 -0.004883876 0.0010436127)
(0.051057888 -0.010275291 0.0021581851)
(0.032372696 -0.025011431 0.0050707573)
(-0.019788618 -0.0077322276 0.013899927)
(-0.044068713 0.0056944426 0.013173558)
(-0.06363139 0.0078609165 0.010422483)
(-0.076412213 0.0072372395 0.0068602745)
(-0.083624101 0.0041043243 0.0018935241)
(-0.084502626 -0.00052679394 -0.0037884647)
(-0.078767861 -0.0052670864 -0.0091259593)
(-0.069728303 -0.0098324317 -0.011854108)
(-0.061557607 -0.014433053 -0.012536074)
(-0.054674118 -0.018943561 -0.011758362)
(-0.047491111 -0.02193819 -0.010082327)
(-0.038548133 -0.020573472 -0.0077141187)
(-0.028358915 -0.010614052 -0.00097724482)
(-0.0037467803 0.015263189 0.015209246)
(0.014282388 0.041271019 0.032239938)
(0.032326654 0.066984339 0.050692399)
(0.065805957 0.10022394 0.066004986)
(0.10581537 -0.0025046947 -0.00020531137)
(0.12032827 -0.002578711 -0.00037388448)
(0.13336045 -0.0023999115 -0.00048154622)
(0.14397607 -0.0019404716 -0.00053018954)
(0.15328413 -0.0012716237 -0.00052648067)
(0.16179832 -0.00057159258 -0.00047178885)
(0.16957217 6.0678636e-05 -0.00036576579)
(0.17660925 0.00060313492 -0.00021458514)
(0.18296378 0.0010524228 -1.4125987e-05)
(0.18873518 0.0014002971 0.00022304409)
(0.19407453 0.001593479 0.00043491896)
(0.19923778 0.0015036195 0.00043414774)
(0.20407133 0.00099040469 -0.00026155759)
(0.20861945 4.5318126e-05 -0.0023873349)
(0.21383841 0.00051604867 -0.0058533544)
(0.21897801 0.0017868384 -0.0099651141)
(0.2227621 0.0028202601 -0.01424181)
(0.22494185 0.0030970037 -0.018641199)
(0.2259883 0.0024711178 -0.023232055)
(0.22633183 0.00095711748 -0.027979299)
(0.22628583 -0.0012385152 -0.032786564)
(0.22597462 -0.003763281 -0.037591828)
(0.22517978 -0.006318195 -0.042327686)
(0.22353507 -0.0088609786 -0.046729431)
(0.22104968 -0.011370787 -0.050304046)
(0.21830112 -0.013255915 -0.052470907)
(0.21588834 -0.01298933 -0.052579053)
(0.21298156 -0.0087156322 -0.0498728)
(0.20470405 0.0017293214 -0.041579638)
(0.14623523 0.02997207 -0.021213233)
(0.099820613 -0.0039547851 -0.00020611078)
(0.100199 -0.0047820404 -0.00038741459)
(0.10176194 -0.0048992107 -0.00050494368)
(0.10408183 -0.0045671303 -0.00055383437)
(0.10688808 -0.0039788891 -0.00053621537)
(0.11004621 -0.0033739046 -0.0004453652)
(0.11342886 -0.0028793704 -0.00026511976)
(0.1169332 -0.0025399011 2.7677897e-05)
(0.12052908 -0.0024087785 0.0004642067)
(0.12427807 -0.0026126788 0.0010687841)
(0.12838815 -0.0034594451 0.0018141014)
(0.13335902 -0.0055500992 0.0025070218)
(0.1400122 -0.0094793585 0.0025544737)
(0.14848819 -0.013072294 0.0010583133)
(0.15752628 -0.011529401 -0.00092607878)
(0.16445904 -0.0078036511 -0.0018627538)
(0.16865414 -0.0049809643 -0.0012691419)
(0.17057544 -0.004319078 0.00059814146)
(0.17081448 -0.0057444775 0.0035385199)
(0.16971285 -0.0085988519 0.0072930609)
(0.16767786 -0.012147991 0.011292441)
(0.16499263 -0.015573217 0.014647523)
(0.16149244 -0.018269707 0.016489383)
(0.15664546 -0.020473154 0.016620878)
(0.15041325 -0.02300365 0.015269036)
(0.14418066 -0.025949642 0.01355524)
(0.14228211 -0.025960013 0.01552282)
(0.14754225 -0.017006155 0.023277072)
(0.162762 0.0061716864 0.036350213)
(0.17173874 0.046239831 0.052324584)
(0.099965674 -0.0029525465 -0.00020705169)
(0.099733559 -0.0042767142 -0.0003887579)
(0.099263088 -0.0046997517 -0.00051005411)
(0.098743955 -0.0048177565 -0.00056307836)
(0.098316198 -0.004822099 -0.00054554005)
(0.098027121 -0.0047860803 -0.00044479159)
(0.097843575 -0.00477166 -0.00023515854)
(0.097692551 -0.0048532217 0.00012198172)
(0.097511323 -0.0051535866 0.0006822914)
(0.097257395 -0.0059399365 0.0015319977)
(0.096967224 -0.007805121 0.0027592777)
(0.097062348 -0.011996585 0.0043159924)
(0.098356928 -0.020415657 0.0055529393)
(0.10013429 -0.027586139 0.0047138333)
(0.10385468 -0.024078906 0.0020596067)
(0.10368353 -0.018048096 0.00070005223)
(0.098536318 -0.012936122 0.0025698712)
(0.090542367 -0.010507437 0.0072234584)
(0.081191048 -0.012045254 0.013722266)
(0.071649281 -0.016239697 0.020455391)
(0.062142881 -0.021517915 0.025257295)
(0.052595344 -0.02640978 0.026124856)
(0.04391359 -0.029730597 0.022738456)
(0.036348763 -0.032282433 0.016257874)
(0.030201567 -0.036154664 0.0081174032)
(0.027514249 -0.041937021 0.004280839)
(0.034432313 -0.042282463 0.018784859)
(0.054172977 -0.03071629 0.040562812)
(0.080481434 -0.0098461944 0.062085562)
(0.10218985 0.025489249 0.085525454)
(0.097955756 -0.0015819731 -0.00020142265)
(0.096307225 -0.0023535285 -0.00037531928)
(0.09369142 -0.0026058846 -0.00048843013)
(0.09059203 -0.0026698184 -0.00053264351)
(0.087509822 -0.0026495638 -0.00050450502)
(0.084560718 -0.0025752938 -0.00038879683)
(0.081676932 -0.0024856387 -0.00015315013)
(0.078740253 -0.0024369844 0.00025695027)
(0.075582384 -0.0025165763 0.00093984868)
(0.071885306 -0.0029194113 0.0020928227)
(0.067000115 -0.004145738 0.0040786717)
(0.059542602 -0.007623228 0.0076147871)
(0.047603307 -0.017014747 0.014277904)
(0.024180785 -0.023805978 0.025009028)
(-0.0070318642 -0.0072970709 0.030030847)
(-0.027695991 0.0035477403 0.024785679)
(-0.041693768 0.0049294729 0.017769299)
(-0.044063711 0.0029406381 0.0056278229)
(-0.032327696 0.00060046407 -0.01512451)
(-0.023058327 0.0010904103 -0.0303769)
(-0.012843457 0.0014112121 -0.039123049)
(-0.0044305478 0.00048092788 -0.043672336)
(0.0017179749 -0.001831549 -0.045241068)
(0.0044114734 -0.0058316416 -0.044434563)
(0.0040849689 -0.011956845 -0.042616311)
(-0.0057418947 -0.023659043 -0.030031149)
(-0.023999692 -0.028376685 0.0096687118)
(-0.029423266 -0.010506384 0.056469295)
(-0.018188852 0.01233345 0.083986208)
(0.019964961 0.042081786 0.11387159)
(0.10584497 -0.0025031557 -0.000367611)
(0.12043668 -0.0025818181 -0.00060736301)
(0.13355472 -0.0024172906 -0.00071012246)
(0.14423578 -0.0019878547 -0.00071870392)
(0.15358075 -0.0013746563 -0.00065776987)
(0.16208993 -0.00076918931 -0.00052843941)
(0.16977791 -0.0002855524 -0.00029984432)
(0.1766258 4.5140347e-05 5.0659086e-05)
(0.18265369 0.00019519123 0.00054014128)
(0.1878421 0.00011079029 0.0011935476)
(0.1921375 -0.00030078795 0.0020181863)
(0.19546907 -0.0012022721 0.0029538909)
(0.19723669 -0.0028484849 0.0037675551)
(0.19719485 -0.0060454557 0.0040072115)
(0.19688592 -0.0096468966 0.0033402581)
(0.19671506 -0.012971233 0.0022605832)
(0.19578693 -0.016100491 0.0018299966)
(0.1935641 -0.019379833 0.0027483298)
(0.19035095 -0.022809229 0.0049806359)
(0.18675253 -0.026302469 0.008042539)
(0.18334717 -0.02974223 0.011349746)
(0.18057003 -0.032865246 0.014347298)
(0.17852258 -0.035362674 0.016627725)
(0.17698129 -0.037079381 0.018066034)
(0.1757074 -0.038101475 0.018694871)
(0.17473238 -0.038764941 0.018427814)
(0.17460721 -0.039418443 0.017060416)
(0.17673421 -0.03960221 0.015351365)
(0.18264338 -0.03550532 0.016527071)
(0.19080719 -0.017773516 0.022029009)
(0.09985081 -0.0039530397 -0.00036481119)
(0.10032903 -0.0047864969 -0.00062627773)
(0.10202201 -0.0049246513 -0.00075223226)
(0.10446655 -0.0046367089 -0.00077860729)
(0.10739256 -0.0041287783 -0.00071817533)
(0.11067682 -0.0036583273 -0.00055311853)
(0.11419629 -0.0033742239 -0.0002483635)
(0.11785744 -0.0033368196 0.00023981862)
(0.12161213 -0.0036329 0.00096770439)
(0.12545514 -0.0044138339 0.0020190895)
(0.12944659 -0.0059448996 0.0034524475)
(0.13376809 -0.0086905066 0.0052476091)
(0.13877908 -0.0133075 0.0071541844)
(0.14442185 -0.020209449 0.0085677486)
(0.14998312 -0.02613785 0.0094484818)
(0.15403551 -0.029528542 0.011292455)
(0.15539466 -0.031349296 0.015327643)
(0.1542415 -0.033145605 0.021219207)
(0.15168144 -0.034895775 0.027994907)
(0.14845311 -0.036582499 0.03459017)
(0.14491803 -0.0383749 0.040110434)
(0.14132229 -0.040116971 0.04395679)
(0.13765917 -0.041426716 0.045878962)
(0.13368862 -0.042158989 0.046036092)
(0.12932782 -0.042693952 0.044463766)
(0.12474325 -0.04421148 0.040717697)
(0.12151395 -0.047835304 0.034277011)
(0.1248161 -0.052918907 0.027778862)
(0.14162067 -0.052533293 0.032644996)
(0.19419311 -0.035188965 0.053370663)
(0.099994727 -0.0029550708 -0.00036957246)
(0.099859619 -0.0042822234 -0.00063770215)
(0.099522216 -0.0047142822 -0.00077918209)
(0.099140828 -0.0048505945 -0.00082649258)
(0.098857432 -0.0048864437 -0.00078975928)
(0.098735947 -0.0049025508 -0.00064964361)
(0.098760522 -0.0049710652 -0.00036933504)
(0.098885279 -0.005174933 0.00010501979)
(0.099078802 -0.0056450298 0.00085332598)
(0.099328059 -0.0065995498 0.0019746987)
(0.099616365 -0.008462555 0.0035926679)
(0.10002171 -0.012025163 0.0058338297)
(0.10090124 -0.018546272 0.0085751704)
(0.10207749 -0.027710602 0.011061801)
(0.10253715 -0.033427674 0.012778263)
(0.10082421 -0.033752373 0.015565574)
(0.096170207 -0.031293421 0.020229065)
(0.090717808 -0.030154678 0.024291284)
(0.08589283 -0.030142365 0.029329243)
(0.081163727 -0.031275805 0.035119157)
(0.075687095 -0.033583821 0.039565604)
(0.069839482 -0.036395609 0.041226141)
(0.064361614 -0.038843857 0.039947759)
(0.059673724 -0.040771103 0.036254774)
(0.056578239 -0.042764207 0.02943848)
(0.055302423 -0.04621371 0.018940973)
(0.056424014 -0.05241676 0.0063210234)
(0.065327282 -0.061455161 -0.00070658566)
(0.079193633 -0.067123457 0.018742006)
(0.11675 -0.058955931 0.064306533)
(0.09798428 -0.0015802873 -0.00036009388)
(0.096430291 -0.0023496921 -0.00061645247)
(0.093944918 -0.0026022466 -0.00074757404)
(0.090982909 -0.0026699773 -0.00078548842)
(0.088048036 -0.0026583275 -0.0007401063)
(0.085277659 -0.0025997571 -0.00059135904)
(0.082636348 -0.0025350604 -0.00029909345)
(0.080058295 -0.0025177563 0.00020105057)
(0.077473336 -0.0026247503 0.001009082)
(0.07474162 -0.0029955684 0.0022715802)
(0.071552162 -0.0039544619 0.004273347)
(0.067308082 -0.006270022 0.0075827846)
(0.061002248 -0.011809499 0.013396161)
(0.050268031 -0.02080781 0.023105989)
(0.033431003 -0.022329604 0.033565622)
(0.017762597 -0.015798347 0.037649805)
(0.0071569987 -0.008281642 0.026510812)
(0.02022334 -0.0050704575 -0.01548195)
(0.02310389 0.0036489165 -0.047852285)
(0.029311551 0.011892427 -0.067079407)
(0.037387557 0.017214587 -0.077498723)
(0.045423519 0.019251205 -0.08243756)
(0.05221228 0.018582915 -0.083852977)
(0.057000121 0.015753253 -0.082623956)
(0.05876494 0.010922593 -0.079064808)
(0.056755829 0.0035274601 -0.072722229)
(0.05227885 -0.0067781093 -0.062995851)
(0.050903522 -0.020702605 -0.046664243)
(0.040131444 -0.029687782 0.0048496943)
(0.049170012 -0.014093321 0.09124857)
(0.10597167 -0.0024826424 -0.0010128083)
(0.12076407 -0.0025633907 -0.0014179619)
(0.13397323 -0.0024258355 -0.0014218905)
(0.14463549 -0.0020452733 -0.0011933008)
(0.1539161 -0.0014923625 -0.00075045215)
(0.16239978 -0.00094970481 -4.9255032e-05)
(0.17011256 -0.00056318335 0.00097170873)
(0.17696948 -0.00040789495 0.00248506)
(0.18293847 -0.00055057443 0.0047521343)
(0.18799903 -0.0010709737 0.0080683907)
(0.19208668 -0.0021061589 0.012783795)
(0.19511105 -0.0038107591 0.019160921)
(0.19647545 -0.0063401158 0.027139188)
(0.1959238 -0.010390978 0.035928427)
(0.19518973 -0.015051905 0.044251785)
(0.19551672 -0.019293174 0.051150044)
(0.19656199 -0.022125237 0.056471865)
(0.1972704 -0.023326896 0.060548146)
(0.1969595 -0.023461216 0.06363636)
(0.19572889 -0.023300498 0.065803339)
(0.19420649 -0.023237812 0.067096848)
(0.19302428 -0.023263358 0.067569379)
(0.19251055 -0.023270615 0.067271428)
(0.19269989 -0.023212066 0.066275548)
(0.19355157 -0.023091372 0.06464942)
(0.19510177 -0.022790807 0.062362097)
(0.19735419 -0.021892001 0.059119323)
(0.20008384 -0.019243827 0.054304165)
(0.2026117 -0.011357834 0.047104625)
(0.19477136 0.011959973 0.037219774)
(0.099974018 -0.0039402145 -0.0010683545)
(0.10068501 -0.0047862486 -0.0016272348)
(0.10250527 -0.0049673632 -0.0018379719)
(0.10496279 -0.0047493262 -0.001894528)
(0.10787129 -0.0043283702 -0.0018378958)
(0.11116959 -0.0039577929 -0.0016441766)
(0.11476612 -0.0038336074 -0.0012671013)
(0.11858357 -0.0040759031 -0.00062753833)
(0.12261688 -0.0048127074 0.00040062856)
(0.1268355 -0.0062285967 0.0019723138)
(0.13126368 -0.0085944 0.0042464636)
(0.13601129 -0.01220933 0.0073812788)
(0.14125754 -0.017413354 0.011394735)
(0.14695561 -0.024821969 0.015634377)
(0.15299029 -0.032646336 0.019011732)
(0.1589571 -0.038498865 0.020909189)
(0.16419904 -0.040493099 0.021713123)
(0.1677291 -0.038711669 0.022603469)
(0.16909872 -0.034875571 0.02422329)
(0.16880321 -0.030952046 0.026455853)
(0.1678633 -0.027921926 0.028811403)
(0.16703068 -0.025666689 0.030810807)
(0.16644824 -0.023836139 0.032045999)
(0.16603595 -0.022369787 0.032255526)
(0.16592921 -0.021586703 0.031217361)
(0.16671434 -0.021695533 0.028660079)
(0.1695243 -0.02263415 0.02402814)
(0.17670355 -0.023686201 0.016347535)
(0.19402789 -0.02301417 0.0041180037)
(0.25300276 -0.014207055 -0.010805023)
(0.10011333 -0.0029600053 -0.0010890175)
(0.1001995 -0.0042937519 -0.0016752927)
(0.099981742 -0.0047464286 -0.0019345761)
(0.099602371 -0.0049156214 -0.0020697482)
(0.099275334 -0.0049970743 -0.0021401602)
(0.099114717 -0.0050787257 -0.0021453689)
(0.099133251 -0.005249325 -0.0020806535)
(0.099311149 -0.0056101238 -0.0019531792)
(0.099641457 -0.0063032384 -0.0017811226)
(0.10015534 -0.0075914786 -0.0015401114)
(0.1009661 -0.0098380473 -0.0010821935)
(0.10228503 -0.013567247 -0.00016755184)
(0.10435727 -0.019558628 0.0011267524)
(0.10721576 -0.028290121 0.0018828227)
(0.11072492 -0.037442261 0.00048212583)
(0.11455851 -0.04348793 -0.00477712)
(0.1198638 -0.043207236 -0.013649326)
(0.12527734 -0.037995088 -0.022045948)
(0.12936398 -0.031277532 -0.027854164)
(0.13177939 -0.02630596 -0.030515348)
(0.13271892 -0.022832151 -0.032114866)
(0.13392686 -0.020536796 -0.033882059)
(0.13607087 -0.019339395 -0.036045256)
(0.13893322 -0.018870205 -0.038778264)
(0.1415601 -0.019512252 -0.041229467)
(0.1432062 -0.021140133 -0.043111271)
(0.14473498 -0.023658621 -0.044412658)
(0.14745064 -0.027432285 -0.045589086)
(0.15546655 -0.032523917 -0.048773003)
(0.18703206 -0.038881878 -0.051340446)
(0.09810029 -0.0015852564 -0.0010637175)
(0.096763655 -0.0023598624 -0.0016308762)
(0.094395722 -0.0026207273 -0.0018755971)
(0.091436406 -0.0026989283 -0.0019929398)
(0.088460159 -0.0027005542 -0.0020419477)
(0.085656223 -0.0026602626 -0.0020258583)
(0.083021554 -0.0026220538 -0.0019453822)
(0.080522715 -0.0026442084 -0.0018102083)
(0.078113112 -0.0028116216 -0.0016452642)
(0.075738768 -0.0032803836 -0.0014881422)
(0.073306332 -0.0043365174 -0.0013746519)
(0.070605083 -0.006516067 -0.0013491611)
(0.067251053 -0.010631697 -0.0012502775)
(0.062889411 -0.016957833 -0.00092201178)
(0.057513978 -0.021932129 -0.0033713479)
(0.053628425 -0.020111989 -0.016107924)
(0.056170327 -0.0097427894 -0.042710972)
(0.059297182 0.0047592226 -0.066970874)
(0.06317428 0.018583337 -0.084718131)
(0.069434745 0.029060112 -0.096787017)
(0.078243826 0.035307867 -0.10368856)
(0.087531146 0.03737225 -0.10672215)
(0.095786977 0.036402417 -0.10741363)
(0.10247343 0.033503645 -0.1063937)
(0.10735432 0.029536746 -0.10384373)
(0.1109333 0.024255684 -0.098982246)
(0.11338129 0.018161273 -0.092020906)
(0.11530756 0.011371387 -0.083650916)
(0.1221644 0.0043415979 -0.075680787)
(0.15354436 -0.0020705759 -0.058066288)
(0.10470779 -0.002481176 -0.00087858311)
(0.11864484 -0.0025505998 -0.0013208362)
(0.13060565 -0.002321266 -0.0014021325)
(0.1399345 -0.0017519597 -0.0012617679)
(0.14807723 -0.0009066914 -0.00091323612)
(0.1556862 3.929001e-05 -0.00031487262)
(0.16302781 0.00098113451 0.0005672208)
(0.17036723 0.0018514462 0.0018901472)
(0.17790917 0.0027525015 0.0039284042)
(0.18597378 0.0038726423 0.0070080962)
(0.19473341 0.0055495071 0.011546453)
(0.20385593 0.0081621033 0.017965595)
(0.21177804 0.012107954 0.026517154)
(0.21686838 0.016757494 0.036986127)
(0.21916849 0.021963676 0.048486843)
(0.21924297 0.027007654 0.059756554)
(0.21726754 0.031296 0.06963464)
(0.21346864 0.034511421 0.077457532)
(0.20846599 0.03651629 0.083083726)
(0.20321728 0.037311876 0.086703269)
(0.19868105 0.037092158 0.088632195)
(0.19547483 0.036167422 0.089191569)
(0.19377469 0.034833883 0.088655628)
(0.19342251 0.033313771 0.087249709)
(0.19407475 0.031772893 0.085134289)
(0.19521193 0.030424096 0.082328428)
(0.19589094 0.02966193 0.078603886)
(0.1942336 0.030314733 0.07339255)
(0.18679543 0.034346099 0.065714702)
(0.14639784 0.047785534 0.05354109)
(0.098683926 -0.0039281637 -0.00085004073)
(0.098454647 -0.004737147 -0.0012852231)
(0.098895589 -0.0047779726 -0.0014701835)
(0.099803819 -0.0042997161 -0.0015551809)
(0.1012562 -0.0034948686 -0.001566581)
(0.10328379 -0.0026165929 -0.0014887583)
(0.10586672 -0.00183485 -0.001295434)
(0.1091704 -0.0012110697 -0.00092732075)
(0.11369577 -0.00042010063 -0.0002562527)
(0.11996457 0.00092010499 0.00089361313)
(0.12896466 0.0036530868 0.0028392849)
(0.14104452 0.0088208904 0.0059648531)
(0.15590426 0.017261432 0.010772753)
(0.17163522 0.027909514 0.01733292)
(0.18604164 0.040185273 0.025131452)
(0.19729646 0.052764729 0.033205651)
(0.20425913 0.064518621 0.0406759)
(0.20672927 0.07442539 0.047086257)
(0.20553996 0.081650672 0.052296554)
(0.20223791 0.085797699 0.056287142)
(0.19842017 0.087190887 0.059046029)
(0.19512858 0.086599883 0.060574934)
(0.19276813 0.084797553 0.060955685)
(0.19135275 0.082328057 0.060340464)
(0.1907426 0.079485528 0.058856394)
(0.19067754 0.076600699 0.056435795)
(0.1905578 0.074372104 0.052666653)
(0.18913709 0.07434895 0.046613278)
(0.18509436 0.079848674 0.036274365)
(0.15857449 0.095912167 0.016970926)
(0.098812469 -0.002931588 -0.00087708226)
(0.097942551 -0.0042402839 -0.0013332725)
(0.09627932 -0.0046492883 -0.0015396615)
(0.094197228 -0.00474052 -0.0016657229)
(0.092161807 -0.0047051401 -0.0017635312)
(0.090352522 -0.0046318272 -0.0018450035)
(0.088754128 -0.0046272899 -0.0019276404)
(0.08729809 -0.0047373895 -0.0020530773)
(0.086038161 -0.0047931764 -0.002289159)
(0.085295613 -0.0046988725 -0.0026727668)
(0.08563086 -0.0042061245 -0.003138301)
(0.089177832 -0.0018255642 -0.003266907)
(0.099313923 0.0054528065 -0.0023807616)
(0.11555896 0.018792431 -0.00028372825)
(0.13451135 0.036254323 0.0026775614)
(0.15257972 0.054856794 0.0056725994)
(0.1668797 0.071806129 0.008213056)
(0.17630082 0.085884183 0.010202598)
(0.1813846 0.096452125 0.011928039)
(0.18365155 0.10327398 0.01364342)
(0.18464229 0.10653185 0.015408834)
(0.18519681 0.10679243 0.016845538)
(0.18550165 0.10481026 0.017616405)
(0.1854369 0.10127636 0.017689388)
(0.18489894 0.096697972 0.017155149)
(0.18388574 0.091500607 0.015896735)
(0.18230302 0.086391723 0.013551212)
(0.17986137 0.082961774 0.0094605381)
(0.17702144 0.08484927 0.0025758711)
(0.16170926 0.0982961 -0.010069912)
(0.096855595 -0.0015581464 -0.00084233538)
(0.094621036 -0.0023032258 -0.0012600928)
(0.090879224 -0.0025307946 -0.0014273698)
(0.086296348 -0.0025627516 -0.0015122302)
(0.081691248 -0.0025018702 -0.0015705894)
(0.077306377 -0.0023803851 -0.0016185071)
(0.073101052 -0.0022397409 -0.0016795887)
(0.068973744 -0.0021199673 -0.0017989793)
(0.064791694 -0.0020621706 -0.0020524997)
(0.060338658 -0.0022479789 -0.0025536085)
(0.055194492 -0.0032051651 -0.0035202489)
(0.048922881 -0.0050420067 -0.0053836458)
(0.040865202 -0.0058640876 -0.0088207516)
(0.036245601 0.00068511599 -0.013730187)
(0.043630578 0.01676684 -0.019411657)
(0.059196756 0.034593823 -0.025542164)
(0.075548436 0.049699545 -0.031422063)
(0.089914889 0.061975128 -0.036734757)
(0.10222081 0.07139468 -0.040927681)
(0.11321687 0.077859316 -0.043743947)
(0.12333903 0.081312855 -0.045429569)
(0.13247692 0.081960911 -0.046182161)
(0.14022621 0.080308597 -0.046221029)
(0.14618083 0.076953801 -0.045774985)
(0.15014802 0.072472571 -0.045047997)
(0.15226285 0.067337999 -0.044280905)
(0.15299135 0.062178361 -0.043748088)
(0.15339692 0.058205707 -0.043474223)
(0.15743139 0.058175329 -0.043032428)
(0.17872373 0.067833077 -0.042550152)
)
;

boundaryField
{
    maxY
    {
        type            fixedValue;
        value           uniform (0 0 0);
    }
    minX
    {
        type            fixedValue;
        value           uniform (0.1 0 0);
    }
    maxX
    {
        type            inletOutlet;
        inletValue      uniform (0 0 0);
        value           nonuniform List<vector> 
40
(
(0.15077066 0.0466762 -0.054500728)
(0.16224312 0.094732444 -0.017884448)
(0.16419223 0.097089262 0.0091302943)
(0.17884431 0.067285309 0.042029991)
(0.20060727 0.0090142559 -0.03764201)
(0.25521648 -0.017967735 0.010310713)
(0.18492559 -0.040955093 0.048166713)
(0.1502657 -0.0014697759 0.056415782)
(0.19764721 -0.022224396 -0.02386524)
(0.19504585 -0.036037703 -0.056752084)
(0.10992606 -0.054406257 -0.069722269)
(0.049037789 -0.0070751719 -0.090081124)
(0.1527223 0.029080872 0.02395969)
(0.18097802 0.045704779 -0.05361168)
(0.10161942 0.034190377 -0.087586088)
(0.037642753 0.051696156 -0.10596376)
(0.11668941 0.07248083 0.02214394)
(0.13292269 0.12747275 -0.010141262)
(0.10496869 0.13141551 -0.030244873)
(0.056175952 0.11449598 -0.041861542)
(0.115785 0.06945785 -0.02477908)
(0.14450297 0.1215134 0.011790552)
(0.12005702 0.1212259 0.041393763)
(0.065805957 0.10022394 0.066004986)
(0.14623523 0.02997207 -0.021213233)
(0.17173874 0.046239831 0.052324584)
(0.10218985 0.025489249 0.085525454)
(0.019964961 0.042081786 0.11387159)
(0.19080719 -0.017773516 0.022029009)
(0.19419311 -0.035188965 0.053370663)
(0.11675 -0.058955931 0.064306533)
(0.049170012 -0.014093321 0.09124857)
(0.19477136 0.011959973 0.037219774)
(0.25300276 -0.014207055 -0.010805023)
(0.18703206 -0.038881878 -0.051340446)
(0.15354436 -0.0020705759 -0.058066288)
(0.14639784 0.047785534 0.05354109)
(0.15857449 0.095912167 0.016970926)
(0.16170926 0.0982961 -0.010069912)
(0.17872373 0.067833077 -0.042550152)
)
;
    }
    minZ
    {
        type            fixedValue;
        value           uniform (0 0 0);
    }
    maxZ
    {
        type            fixedValue;
        value           uniform (0 0 0);
    }
    topAir_to_rightSolid
    {
        type            fixedValue;
        value           uniform (0 0 0);
    }
    topAir_to_heater
    {
        type            fixedValue;
        value           uniform (0 0 0);
    }
    topAir_to_leftSolid
    {
        type            fixedValue;
        value           uniform (0 0 0);
    }
}


// ************************************************************************* //
