/*--------------------------------*- C++ -*----------------------------------*\
| =========                 |                                                 |
| \\      /  F ield         | OpenFOAM: The Open Source CFD Toolbox           |
|  \\    /   O peration     | Version:  v2012                                 |
|   \\  /    A nd           | Website:  www.openfoam.com                      |
|    \\/     M anipulation  |                                                 |
\*---------------------------------------------------------------------------*/
FoamFile
{
    version     2.0;
    format      ascii;
    class       volVectorField;
    location    "210/topAir";
    object      U;
}
// * * * * * * * * * * * * * * * * * * * * * * * * * * * * * * * * * * * * * //

dimensions      [0 1 -1 0 0 0 0];


internalField   nonuniform List<vector> 
1200
(
(0.1030086 -0.0020106311 0.00086087302)
(0.11375424 -0.0021862408 0.0012948113)
(0.12302425 -0.0021157776 0.0013933691)
(0.1301793 -0.0017477629 0.0012997169)
(0.13637562 -0.0011280124 0.0010364444)
(0.14214538 -0.00039460328 0.00057227472)
(0.14762222 0.00037341645 -0.00012732197)
(0.15304272 0.0011207359 -0.0011256314)
(0.15856654 0.0018731401 -0.0026033083)
(0.16441066 0.0027674693 -0.0048020724)
(0.17076351 0.0040089771 -0.0080183761)
(0.17752815 0.0059213394 -0.012599377)
(0.18383864 0.0088917041 -0.018842702)
(0.18858557 0.012780411 -0.026839755)
(0.19135245 0.017563591 -0.036297983)
(0.19224731 0.022583567 -0.046531513)
(0.19167404 0.02709158 -0.056605639)
(0.19023676 0.03065637 -0.065584282)
(0.18841488 0.033214001 -0.072829608)
(0.18646509 0.034796019 -0.078154068)
(0.18464829 0.03544701 -0.0817154)
(0.18333989 0.035292918 -0.083799824)
(0.18288521 0.034532461 -0.084673832)
(0.18343314 0.033379913 -0.084522641)
(0.18486023 0.032049401 -0.083429688)
(0.18670985 0.030792866 -0.081354131)
(0.18802016 0.030022551 -0.07806497)
(0.18688685 0.03060362 -0.073020855)
(0.17990469 0.03452782 -0.065247823)
(0.13995517 0.047903187 -0.052492012)
(0.098724112 -0.0032641055 0.00084614421)
(0.098447311 -0.0040952063 0.0012836099)
(0.098586617 -0.0042672725 0.0014765132)
(0.098999922 -0.0039664834 0.0015794889)
(0.099826243 -0.0033475447 0.0016251819)
(0.1011135 -0.0026128976 0.0016057873)
(0.10282693 -0.0018896782 0.0015073964)
(0.10497608 -0.0012932889 0.0013014577)
(0.10795502 -0.00064470886 0.00090863777)
(0.11208554 0.00035455268 0.00017851947)
(0.11799946 0.0022239984 -0.0010851083)
(0.12627644 0.0058614221 -0.0032117267)
(0.13689238 0.012234659 -0.0066271132)
(0.1488672 0.021240799 -0.011692912)
(0.16050177 0.032489645 -0.018442575)
(0.17025979 0.044454604 -0.026301998)
(0.17741827 0.05541482 -0.034300395)
(0.18203385 0.064511172 -0.04147946)
(0.18444145 0.071705904 -0.047320756)
(0.18505732 0.076949058 -0.051781255)
(0.18455411 0.080149623 -0.055029383)
(0.1837322 0.081462446 -0.057209933)
(0.18319802 0.08127564 -0.058389114)
(0.18322845 0.080040324 -0.058593194)
(0.18379847 0.078175777 -0.057803242)
(0.18460599 0.076120118 -0.055881201)
(0.18496538 0.07460346 -0.052396024)
(0.18352295 0.075188001 -0.04630546)
(0.178872 0.081141333 -0.035328228)
(0.15028449 0.097665764 -0.014696372)
(0.098891129 -0.0026647975 0.00087071825)
(0.0982305 -0.0038769893 0.001327513)
(0.096798317 -0.0042699848 0.0015383188)
(0.094887955 -0.0043593052 0.0016694167)
(0.092948843 -0.0043140327 0.0017730251)
(0.091163818 -0.0042067391 0.0018614961)
(0.089536343 -0.0041125435 0.0019484831)
(0.087996991 -0.0041348701 0.0020590647)
(0.086524971 -0.0041563996 0.0022468382)
(0.085263567 -0.0040897733 0.0025619992)
(0.084547237 -0.0037494928 0.0030041169)
(0.085420687 -0.0023583777 0.0033740222)
(0.090335628 0.0022882985 0.0031499488)
(0.1006159 0.012529389 0.0018243417)
(0.11470455 0.02839638 -0.00079487748)
(0.12956764 0.046589708 -0.0042257018)
(0.14302024 0.063935617 -0.0074163357)
(0.15419211 0.078098584 -0.009692275)
(0.16265716 0.088693998 -0.011213913)
(0.16824955 0.096024749 -0.01240229)
(0.17159361 0.10042891 -0.013650364)
(0.17367382 0.10224998 -0.015093054)
(0.17520551 0.1019161 -0.016422555)
(0.17645107 0.099919173 -0.017240186)
(0.17732235 0.096722861 -0.017297149)
(0.17754 0.092783753 -0.016336183)
(0.17669691 0.088789248 -0.013978872)
(0.17414625 0.086291155 -0.0094425775)
(0.16993936 0.088836966 -0.0011507759)
(0.14742612 0.10285761 0.014178576)
(0.09689877 -0.0014738762 0.00083682022)
(0.094808322 -0.002173021 0.0012558453)
(0.091278692 -0.0023919351 0.0014276455)
(0.086905514 -0.002432145 0.0015175511)
(0.082476179 -0.0023859655 0.0015808272)
(0.078235353 -0.0022773383 0.0016321293)
(0.074157229 -0.002136908 0.0016894102)
(0.070164044 -0.002002759 0.0017850642)
(0.066155281 -0.0018886427 0.0019728296)
(0.061968467 -0.0018668149 0.002342134)
(0.057301521 -0.0021921458 0.0030451513)
(0.051740895 -0.0031111608 0.0043585175)
(0.044745915 -0.0037674584 0.0067363259)
(0.037746655 -0.00036644306 0.010517347)
(0.03818501 0.012258795 0.015193623)
(0.048121258 0.030308352 0.019905166)
(0.062639608 0.046762003 0.024731413)
(0.078300623 0.05930311 0.029779681)
(0.093066872 0.068139631 0.03480261)
(0.10580241 0.074075962 0.039088212)
(0.11636417 0.077643905 0.042077157)
(0.12518241 0.079083483 0.043774961)
(0.13265515 0.078607003 0.044414564)
(0.13884775 0.076544284 0.044347358)
(0.14354614 0.073279263 0.043947808)
(0.14648978 0.069244385 0.043597973)
(0.14765423 0.065019183 0.043682464)
(0.14755104 0.0618142 0.044637998)
(0.14959314 0.062493744 0.046628274)
(0.16060584 0.073218405 0.048574107)
(0.10427567 -0.0020059743 0.0010284177)
(0.11588608 -0.0021861892 0.001472106)
(0.12641231 -0.0021852509 0.0015312362)
(0.13493582 -0.0019687936 0.0013848798)
(0.14234575 -0.0015931546 0.0010654219)
(0.14909329 -0.0012039597 0.00054628463)
(0.15523532 -0.00090426187 -0.00021147902)
(0.16072742 -0.00075976013 -0.0012879532)
(0.16552866 -0.0008240539 -0.0028758475)
(0.1696138 -0.001164851 -0.0051966646)
(0.17295375 -0.0018532193 -0.0085196542)
(0.17546129 -0.0029798653 -0.013137756)
(0.17678055 -0.004591322 -0.019259138)
(0.17670941 -0.0070419981 -0.026819046)
(0.17609991 -0.0099237446 -0.035371991)
(0.17590929 -0.012823128 -0.044132237)
(0.17660439 -0.015276659 -0.052198495)
(0.17813821 -0.016879977 -0.058850683)
(0.1799614 -0.01757248 -0.063845665)
(0.18139103 -0.017753586 -0.067361284)
(0.18217832 -0.017927896 -0.069656784)
(0.18262845 -0.01832508 -0.070928554)
(0.18325696 -0.018898516 -0.071296946)
(0.18447032 -0.0195235 -0.070808588)
(0.18647107 -0.020072671 -0.06944156)
(0.18929738 -0.020366862 -0.067101003)
(0.19283721 -0.019966865 -0.063551893)
(0.19673539 -0.017608042 -0.058414384)
(0.20014392 -0.009715416 -0.051338952)
(0.1898358 0.013724565 -0.041381226)
(0.10002648 -0.0032694789 0.0010815253)
(0.10070931 -0.0041301941 0.0016581315)
(0.10225231 -0.0044165502 0.0018960838)
(0.10425893 -0.0043349703 0.0019970565)
(0.10661305 -0.0040491412 0.0020124132)
(0.10928292 -0.0037673729 0.0019327394)
(0.11219304 -0.0036335003 0.0017347431)
(0.11526972 -0.0037519 0.001372609)
(0.11847721 -0.0042210715 0.00076232142)
(0.12182098 -0.0051695766 -0.00023937717)
(0.12524793 -0.0067324742 -0.0017874742)
(0.12875206 -0.009064869 -0.0040947832)
(0.13239998 -0.012261454 -0.0074251278)
(0.13617981 -0.016615452 -0.011898405)
(0.14021367 -0.021473491 -0.017291525)
(0.14485464 -0.025883708 -0.022917854)
(0.15014258 -0.028856524 -0.027782944)
(0.15560987 -0.029616041 -0.0311748)
(0.16034335 -0.02809753 -0.033233152)
(0.16353366 -0.025216999 -0.034617366)
(0.16515395 -0.022306823 -0.035746848)
(0.16585224 -0.020189054 -0.036701359)
(0.16631171 -0.018913959 -0.037378053)
(0.16693504 -0.018271285 -0.037489919)
(0.16799489 -0.018141442 -0.036628124)
(0.16993812 -0.01847586 -0.034319816)
(0.1737248 -0.019090509 -0.029978049)
(0.18159627 -0.019161684 -0.022705636)
(0.1995444 -0.016421335 -0.011030887)
(0.25550681 -0.0042312392 0.0033265073)
(0.10020135 -0.0026923651 0.0011004226)
(0.10050939 -0.0039278421 0.0016996918)
(0.10052406 -0.0043593061 0.0019768976)
(0.10031364 -0.0045193205 0.0021383856)
(0.10008366 -0.0045822981 0.0022499763)
(0.099947865 -0.004624537 0.0023203231)
(0.09991617 -0.0047159863 0.0023545803)
(0.099960892 -0.0049330766 0.0023637228)
(0.10006276 -0.0053641345 0.0023753488)
(0.10022425 -0.0061384811 0.0023974978)
(0.1004576 -0.0074674907 0.00237326)
(0.10082395 -0.0096009792 0.0021433399)
(0.10156855 -0.012810852 0.0015503269)
(0.10300706 -0.017413598 0.00067492705)
(0.10531282 -0.023310548 -0.00011550329)
(0.10904266 -0.028966315 9.1153457e-05)
(0.11448093 -0.033174781 0.0025003671)
(0.1211527 -0.034525884 0.0074537985)
(0.12788715 -0.03254504 0.013860312)
(0.13319629 -0.028793485 0.0199098)
(0.13647903 -0.025257399 0.024431817)
(0.13821457 -0.022223461 0.028016552)
(0.13977749 -0.019874947 0.031140786)
(0.14201568 -0.018530543 0.033980165)
(0.14499256 -0.018179984 0.036874212)
(0.14821529 -0.01894148 0.039715559)
(0.15127418 -0.020345894 0.042820656)
(0.1553918 -0.02198535 0.046571447)
(0.16354458 -0.023660358 0.052469983)
(0.18751298 -0.025267819 0.062662296)
(0.098152522 -0.0015008863 0.0010743745)
(0.096972203 -0.0022283047 0.0016547132)
(0.094817551 -0.0024783952 0.001917157)
(0.092062913 -0.002560311 0.0020612533)
(0.089254116 -0.0025693666 0.0021528495)
(0.086575521 -0.0025326724 0.0022042569)
(0.084022196 -0.0024831742 0.0022276674)
(0.081559953 -0.0024619085 0.0022458563)
(0.07915639 -0.0025177771 0.0022967306)
(0.076760047 -0.0027299542 0.0024435245)
(0.074263302 -0.0032473175 0.0027971667)
(0.071466775 -0.0043198935 0.0035659109)
(0.068054467 -0.0062624617 0.0050708657)
(0.063567149 -0.0090882439 0.0078814019)
(0.058143634 -0.011302365 0.013758821)
(0.05380422 -0.0097688705 0.024881586)
(0.053796074 -0.003117433 0.040989183)
(0.059263632 0.0064093502 0.058892024)
(0.067347416 0.016087385 0.075272023)
(0.075031341 0.024449711 0.088489897)
(0.081988995 0.030803955 0.097490595)
(0.08899254 0.034680837 0.1024109)
(0.09594157 0.035757848 0.10412618)
(0.10218917 0.034695847 0.10404984)
(0.10733368 0.032125718 0.10282556)
(0.11111338 0.028501936 0.10065619)
(0.11416166 0.023733009 0.096934644)
(0.1171221 0.01864011 0.092292422)
(0.12168036 0.014152345 0.088823486)
(0.13793483 0.011051255 0.087075598)
(0.10415096 -0.0020210873 0.00038616475)
(0.1155643 -0.0021972317 0.00064627455)
(0.12601007 -0.0021703021 0.00077488225)
(0.13457027 -0.0019057177 0.00081934188)
(0.14207461 -0.0014658365 0.00080863416)
(0.14892462 -0.0010052035 0.00075190987)
(0.15513864 -0.00062238886 0.00064360082)
(0.16067384 -0.00035167854 0.00046592812)
(0.16554131 -0.00020095621 0.0002029088)
(0.16975132 -0.00019020266 -0.00015586629)
(0.17324826 -0.00035736824 -0.00064434719)
(0.17589298 -0.000748787 -0.0013106868)
(0.17716233 -0.0014103841 -0.0022055746)
(0.17657397 -0.0028935424 -0.0034956403)
(0.17480581 -0.0050972017 -0.005374855)
(0.17277548 -0.0082377645 -0.0079287387)
(0.17128185 -0.012337799 -0.011003271)
(0.17077686 -0.016780278 -0.014201007)
(0.17097479 -0.020866467 -0.017260423)
(0.17123893 -0.024390321 -0.020259062)
(0.17127146 -0.027431073 -0.023159428)
(0.1712191 -0.030130745 -0.025734494)
(0.17141287 -0.032548513 -0.02777517)
(0.17211132 -0.034641452 -0.029162387)
(0.17344858 -0.03628352 -0.029811447)
(0.17557541 -0.037380966 -0.029668619)
(0.17856478 -0.037949666 -0.028906003)
(0.18267152 -0.037235658 -0.0280295)
(0.18891066 -0.031580267 -0.029044736)
(0.19028625 -0.0098475371 -0.032839276)
(0.099902466 -0.003275822 0.00038557553)
(0.10035871 -0.0041210477 0.00066573377)
(0.10179431 -0.0043653067 0.00081626694)
(0.10382402 -0.0042146332 0.00088099074)
(0.10625332 -0.0038384435 0.00088135905)
(0.10899805 -0.0034506708 0.00081087875)
(0.11195297 -0.003179766 0.00064966855)
(0.11501814 -0.0030752633 0.00036783992)
(0.11813326 -0.0031639173 -7.6618694e-05)
(0.12125231 -0.0035050136 -0.00074530811)
(0.12432546 -0.0041942438 -0.0017444486)
(0.12731127 -0.0053457078 -0.0032083483)
(0.13020028 -0.0070970537 -0.0053223278)
(0.13284548 -0.010144326 -0.0083123831)
(0.1352227 -0.014530871 -0.012378908)
(0.13764237 -0.020561718 -0.017506313)
(0.14037464 -0.027675058 -0.023004309)
(0.1431419 -0.033786977 -0.027906408)
(0.14516293 -0.03749637 -0.031814985)
(0.14567696 -0.039069764 -0.035368756)
(0.14469806 -0.039570331 -0.038819616)
(0.14279165 -0.039911407 -0.042016515)
(0.14060261 -0.040491031 -0.044694185)
(0.13860542 -0.041254441 -0.046480158)
(0.13699127 -0.041998231 -0.04707467)
(0.1360623 -0.042825217 -0.046242867)
(0.1365098 -0.044200259 -0.043917908)
(0.14105977 -0.045244528 -0.041149878)
(0.15777931 -0.040620081 -0.043509469)
(0.2080952 -0.019806759 -0.058128151)
(0.10008156 -0.0026855567 0.00039143818)
(0.10017446 -0.0039127317 0.00067894126)
(0.10009176 -0.0043228742 0.00084521318)
(0.099919177 -0.0044497842 0.00093256473)
(0.099795048 -0.0044673761 0.00096193022)
(0.099794606 -0.0044454315 0.00092890078)
(0.099915105 -0.0044386266 0.00081887548)
(0.10011825 -0.0044940385 0.00061030431)
(0.10036612 -0.0046630821 0.0002692296)
(0.10062606 -0.0050266257 -0.00026433652)
(0.10086988 -0.0057023562 -0.0010911837)
(0.10106286 -0.0068678388 -0.0023635319)
(0.10110638 -0.0088064719 -0.0042980874)
(0.10086587 -0.012014947 -0.0072629539)
(0.10029658 -0.01704699 -0.011737413)
(0.099662477 -0.024514693 -0.017687426)
(0.099303905 -0.033208592 -0.023414932)
(0.099150773 -0.039362249 -0.026511266)
(0.09924567 -0.041257851 -0.025826136)
(0.097761123 -0.040025402 -0.025583249)
(0.094057891 -0.038332674 -0.027392016)
(0.089072692 -0.037565778 -0.03023924)
(0.0837987 -0.038039422 -0.032815462)
(0.079292808 -0.039408244 -0.033867584)
(0.07603392 -0.041357603 -0.032470036)
(0.075110003 -0.044007517 -0.027370637)
(0.07676081 -0.048288374 -0.019368832)
(0.082766252 -0.054100811 -0.010652496)
(0.098915984 -0.057941523 -0.010678623)
(0.14604285 -0.05130028 -0.035300676)
(0.098035599 -0.0014949799 0.00038226102)
(0.096643948 -0.0022160427 0.00065854805)
(0.094394653 -0.0024568367 0.00081510861)
(0.091679799 -0.0025273505 0.00089433518)
(0.088980688 -0.0025219014 0.00091837016)
(0.086444593 -0.0024647931 0.00088522921)
(0.084057065 -0.0023843057 0.00078407382)
(0.081779819 -0.0023124352 0.00059986991)
(0.07957939 -0.0022810575 0.00031030196)
(0.077417034 -0.0023309302 -0.00011795136)
(0.075237714 -0.0025277916 -0.00073165852)
(0.07295421 -0.0029960993 -0.0015963529)
(0.070407782 -0.0039672538 -0.0028224556)
(0.06732385 -0.0058292415 -0.004627066)
(0.063331844 -0.0092575569 -0.0071992146)
(0.058315876 -0.015120165 -0.010207067)
(0.052184914 -0.021612293 -0.011451479)
(0.047098733 -0.022784661 -0.004271265)
(0.049486446 -0.016388826 0.019850009)
(0.051547758 -0.0052363956 0.046986638)
(0.052663179 0.0054507203 0.065411719)
(0.055821518 0.012770118 0.076159406)
(0.060472379 0.016296327 0.080952565)
(0.065265032 0.016682008 0.082002563)
(0.068938849 0.014478452 0.080490841)
(0.070339416 0.0098974537 0.076557638)
(0.069754501 0.0024953675 0.06972418)
(0.071949607 -0.0072847928 0.060620175)
(0.077665292 -0.016482609 0.043086044)
(0.10975963 -0.012141685 -0.0030231847)
(0.10412484 -0.0020210789 0.00021024465)
(0.11546652 -0.0021918215 0.00038484508)
(0.1258358 -0.0021515926 0.00050182024)
(0.13434304 -0.0018610358 0.0005660354)
(0.1418235 -0.0013752997 0.00058818408)
(0.14868187 -0.0008395322 0.00057443282)
(0.15495847 -0.00033802653 0.00052748144)
(0.16065191 0.00011018257 0.00045458409)
(0.16580111 0.00051334721 0.00036909862)
(0.1704446 0.00088402805 0.00027561668)
(0.17460119 0.0012498311 0.00018452445)
(0.17828001 0.0016479638 0.00013370507)
(0.18106375 0.0021043429 0.000191706)
(0.18254409 0.002051625 0.00031025085)
(0.18354252 0.001769297 0.00053583244)
(0.18520417 0.0011204497 0.0012142257)
(0.18822941 0.00037495409 0.0029873319)
(0.19235887 0.00011938985 0.0060229961)
(0.19635429 0.00015360075 0.009759509)
(0.1992903 -0.00028312865 0.013546439)
(0.20142312 -0.0012631916 0.0170146)
(0.20339734 -0.0026646352 0.020196239)
(0.20555215 -0.004370067 0.02333653)
(0.20787335 -0.006160602 0.026730998)
(0.20999586 -0.0078869364 0.030387913)
(0.21149212 -0.00943148 0.033737504)
(0.21223782 -0.0096820323 0.035853417)
(0.21154358 -0.0058756444 0.035783475)
(0.2026548 0.005245169 0.029803586)
(0.1357272 0.035265529 0.0092546408)
(0.099875024 -0.0032755269 0.00021209795)
(0.1002413 -0.0041133399 0.00039875716)
(0.10156378 -0.0043375588 0.00052578604)
(0.103493 -0.0041473109 0.00059244016)
(0.10583479 -0.0037019504 0.00060584838)
(0.10849369 -0.0032012291 0.00056596278)
(0.11136043 -0.0027519285 0.00046515743)
(0.11433741 -0.0023779273 0.00029098955)
(0.11735697 -0.0020748498 2.5153439e-05)
(0.12038293 -0.0018437386 -0.00036516653)
(0.12339356 -0.0016893474 -0.00092218779)
(0.12638443 -0.0016326904 -0.0016988593)
(0.12942094 -0.0017486522 -0.0027503267)
(0.13247572 -0.0028640063 -0.0041186895)
(0.13575793 -0.0050838462 -0.0057468963)
(0.13977048 -0.0089590053 -0.0072832585)
(0.14464905 -0.012932507 -0.0080480638)
(0.14935428 -0.014493873 -0.0086346928)
(0.15236184 -0.014117644 -0.010200932)
(0.15276096 -0.014791249 -0.013085895)
(0.15185922 -0.016225205 -0.016831667)
(0.15060558 -0.017936972 -0.020752909)
(0.14915915 -0.019800169 -0.0240254)
(0.14753552 -0.02148753 -0.025916671)
(0.14558932 -0.022805162 -0.026090487)
(0.14346614 -0.023908661 -0.024816186)
(0.14186162 -0.023683116 -0.023786198)
(0.14448832 -0.014804409 -0.029129537)
(0.15992828 0.01104916 -0.040445741)
(0.15779741 0.056086056 -0.056147183)
(0.10005532 -0.0026822104 0.00021385268)
(0.10006176 -0.0039054728 0.00040185478)
(0.099866548 -0.0043059785 0.00053371022)
(0.099588551 -0.0044144448 0.00060720807)
(0.099367325 -0.0044013126 0.0006274336)
(0.099266889 -0.00432923 0.00059250364)
(0.099277109 -0.004241047 0.00049276767)
(0.099355029 -0.0041664608 0.0003125856)
(0.099454324 -0.0041309062 2.9157322e-05)
(0.099532949 -0.0041669951 -0.00039264953)
(0.099542072 -0.0043390537 -0.0010108428)
(0.099418367 -0.0047648887 -0.0019207026)
(0.099107946 -0.0056667887 -0.0032572861)
(0.09855392 -0.0076226038 -0.0051216605)
(0.09784419 -0.011578583 -0.0075534635)
(0.09724434 -0.01898065 -0.010176458)
(0.096223984 -0.025941238 -0.011627297)
(0.093965629 -0.027430646 -0.01257741)
(0.090181715 -0.023334629 -0.014317176)
(0.08121074 -0.022120605 -0.01632897)
(0.072212445 -0.023006347 -0.018980521)
(0.064995718 -0.02479285 -0.022136628)
(0.057333829 -0.027637982 -0.023954376)
(0.049843579 -0.030689695 -0.023286044)
(0.04309476 -0.033813634 -0.019409754)
(0.037099526 -0.038813719 -0.010769912)
(0.031782699 -0.045227328 -0.0060539121)
(0.029749637 -0.038790095 -0.026127202)
(0.057012285 -0.010053216 -0.052777624)
(0.085400453 0.040229388 -0.081855111)
(0.098009825 -0.0014962981 0.00020857868)
(0.096534094 -0.0022190796 0.00038938542)
(0.094175304 -0.0024592334 0.00051401085)
(0.091357181 -0.0025255714 0.00058043952)
(0.088562795 -0.0025112152 0.00059382564)
(0.085927666 -0.0024378318 0.00055283425)
(0.083427281 -0.0023295681 0.00044841193)
(0.081013285 -0.0022124261 0.00026535199)
(0.078637667 -0.0021094142 -1.8528348e-05)
(0.076243475 -0.0020451283 -0.00043786822)
(0.073742302 -0.0020595707 -0.0010507251)
(0.070982826 -0.0022305442 -0.0019534401)
(0.067700105 -0.0027329047 -0.0033103201)
(0.063391823 -0.004018762 -0.0054122465)
(0.057031553 -0.0072512466 -0.0088708718)
(0.047524096 -0.015135153 -0.015193725)
(0.029295116 -0.021372545 -0.024706221)
(0.0098654485 -0.017933448 -0.029681576)
(-0.010814998 -0.0035542716 -0.024445356)
(0.0030546215 -0.0080063332 0.0082269863)
(-0.00061399277 -0.0042829085 0.030125229)
(0.0086707337 -0.0005604995 0.040033147)
(0.014278681 0.00012041064 0.043786627)
(0.018441591 -0.0013479204 0.044361466)
(0.019107297 -0.0050360011 0.042945097)
(0.014844845 -0.012150252 0.039832929)
(-0.0034098042 -0.023921667 0.020263059)
(-0.037119976 -0.019668446 -0.030181133)
(-0.044417873 0.010701035 -0.07117386)
(0.020436717 0.050901095 -0.10828541)
(0.10410972 -0.0020239678 5.7795641e-05)
(0.11541335 -0.0021968906 0.00010360357)
(0.12573871 -0.0021577257 0.00013029544)
(0.13421015 -0.0018663557 0.00013905309)
(0.14166646 -0.0013770702 0.00013371873)
(0.14850976 -0.00083506042 0.00011701935)
(0.1547771 -0.00032534836 8.9844462e-05)
(0.16046297 0.0001320111 5.1604209e-05)
(0.16560142 0.00054564081 -6.6446902e-07)
(0.17024015 0.00093355099 -7.2655179e-05)
(0.17442785 0.0013141752 -0.00016611615)
(0.17817035 0.0017131696 -0.0002727534)
(0.18085755 0.0022136721 -0.00039468505)
(0.18215311 0.0020341685 -0.00061610972)
(0.18315968 0.0015186691 -0.00093815933)
(0.18563613 0.00076123941 -0.0011474228)
(0.19049259 0.00097594098 -0.00081869408)
(0.19655543 0.0023361337 -1.48623e-05)
(0.20224217 0.0039356836 0.00085568106)
(0.20695608 0.0053231199 0.001721884)
(0.21151292 0.0065627484 0.0026942805)
(0.21685615 0.0077291622 0.0039497641)
(0.22339117 0.0090530091 0.0057289626)
(0.23071834 0.010943783 0.0082685702)
(0.23757227 0.013669666 0.011674752)
(0.24195103 0.017074945 0.015675174)
(0.24092132 0.021979105 0.019249782)
(0.23004679 0.030035461 0.020346285)
(0.20416105 0.043936183 0.015917108)
(0.10037655 0.07522826 0.0035821867)
(0.099859001 -0.0032782689 5.8577227e-05)
(0.10017843 -0.0041176051 0.00010811483)
(0.10143996 -0.0043407639 0.00013758897)
(0.10331243 -0.0041455876 0.00014607665)
(0.10560468 -0.0036901364 0.00013614529)
(0.1082149 -0.0031736742 0.00010855694)
(0.11102676 -0.0027026631 6.1018092e-05)
(0.11393671 -0.002300167 -1.1477471e-05)
(0.11687531 -0.0019587149 -0.00011684118)
(0.11979805 -0.0016717461 -0.00026343002)
(0.12267636 -0.0014536754 -0.00046836099)
(0.1255444 -0.0013208008 -0.00075092392)
(0.12860573 -0.0012247524 -0.001121217)
(0.13167584 -0.0024257658 -0.0015709713)
(0.13535496 -0.0050357065 -0.0020271862)
(0.14051551 -0.0090744223 -0.0022027508)
(0.14751275 -0.0092503103 -0.0015269927)
(0.15407683 -0.0060990643 -0.00081119443)
(0.15839555 -0.0032444716 -0.00096308517)
(0.16138737 -0.0019417095 -0.001909132)
(0.16385389 -0.0018511493 -0.0035112595)
(0.16615922 -0.0021779394 -0.0055793594)
(0.16894697 -0.002052277 -0.0075913173)
(0.17326971 -0.00032155807 -0.0087518844)
(0.18040605 0.0044361827 -0.0083462949)
(0.19146802 0.013969918 -0.0066198216)
(0.19908862 0.02811161 -0.0046383734)
(0.19803898 0.04783065 -0.0045554725)
(0.18527804 0.075585787 -0.0091939083)
(0.11601437 0.11827999 -0.021446632)
(0.10003941 -0.0026818799 5.8632029e-05)
(0.099999624 -0.0039051724 0.00010796191)
(0.099742304 -0.0043038641 0.00013800719)
(0.099402942 -0.0044076205 0.0001472559)
(0.099123705 -0.0043863833 0.00013733156)
(0.098961779 -0.0043018694 0.00010781667)
(0.098899054 -0.004195205 5.5017583e-05)
(0.09888537 -0.0040932485 -2.781845e-05)
(0.098865217 -0.0040162487 -0.00015075896)
(0.098774233 -0.0039958426 -0.00032781557)
(0.098528909 -0.0040960933 -0.0005882875)
(0.098032385 -0.0044228297 -0.0009765342)
(0.097249385 -0.005155701 -0.001553414)
(0.096195374 -0.0072418136 -0.0023703351)
(0.095368145 -0.012103114 -0.0034485148)
(0.094934827 -0.021700967 -0.0046011553)
(0.095581697 -0.022032455 -0.0036138634)
(0.096521007 -0.016546557 -0.001358962)
(0.091600885 -0.011179305 -0.0017379838)
(0.082313971 -0.0080229514 -0.0041062658)
(0.071139521 -0.0086473784 -0.008078384)
(0.059025385 -0.012264028 -0.012570498)
(0.046308875 -0.016657594 -0.015682512)
(0.035758701 -0.019588676 -0.016040563)
(0.031791884 -0.019822733 -0.01268819)
(0.035034251 -0.015909144 -0.005560391)
(0.06517531 0.0010737423 -0.0016510792)
(0.091554022 0.030060346 -0.0053963109)
(0.10238045 0.069966869 -0.01742888)
(0.067409344 0.12153125 -0.035396031)
(0.09799408 -0.0014959575 5.7112834e-05)
(0.096472801 -0.0022183407 0.00010429285)
(0.094052437 -0.0024571918 0.00013202411)
(0.091172213 -0.0025210626 0.00013871913)
(0.088317648 -0.0025030652 0.0001257277)
(0.085616625 -0.0024244465 9.2333084e-05)
(0.083034743 -0.0023086748 3.4255229e-05)
(0.08051472 -0.0021807304 -5.629069e-05)
(0.077993336 -0.002061038 -0.00019037474)
(0.075378692 -0.0019728484 -0.00038682022)
(0.072526624 -0.0019537376 -0.00068404313)
(0.069195008 -0.0020816326 -0.0011478044)
(0.064940644 -0.0025597948 -0.0018980056)
(0.05883794 -0.0040588331 -0.0031761086)
(0.048732964 -0.0085436637 -0.0055680782)
(0.033031343 -0.020545721 -0.010738705)
(-0.009298882 -0.012602755 -0.017309455)
(-0.039501819 0.0023196186 -0.009669396)
(-0.057060187 0.003442158 -0.0043960058)
(-0.063203856 0.00065287619 0.0011271338)
(-0.057540025 -0.0034291858 0.0095263232)
(-0.049543794 -0.0066247503 0.013558157)
(-0.042047713 -0.0096552185 0.015222796)
(-0.036209698 -0.013112773 0.015224477)
(-0.032028191 -0.017601303 0.014913026)
(-0.02986574 -0.021630732 0.015024393)
(-0.033707207 -0.015299912 0.011510918)
(-0.03016032 0.019133798 5.8826998e-05)
(-0.012688022 0.06406177 -0.024177257)
(0.018665806 0.11091987 -0.049990797)
(0.10410916 -0.0020237814 -6.4138809e-05)
(0.11541156 -0.0021967881 -0.00011779501)
(0.12573538 -0.0021578729 -0.00015380494)
(0.13420489 -0.001867008 -0.00017343754)
(0.1416586 -0.0013785168 -0.0001808664)
(0.14849819 -0.00083768897 -0.00017941126)
(0.15476023 -0.00032977287 -0.00017077123)
(0.16043862 0.00012493677 -0.00015532347)
(0.16556632 0.0005346328 -0.00013132017)
(0.17018736 0.00091794029 -9.4498853e-05)
(0.17434055 0.0012950697 -4.4526265e-05)
(0.17803457 0.0016923786 -8.4506078e-07)
(0.18068127 0.0021701003 2.9513501e-05)
(0.18191625 0.0019416013 0.00014855749)
(0.1828898 0.0013495566 0.00037449891)
(0.18542613 0.00053969067 0.00056630972)
(0.19038531 0.0008448144 0.00039847435)
(0.19639387 0.002205204 -0.00013600804)
(0.20190079 0.0037402746 -0.00080300773)
(0.20646619 0.0050817557 -0.0015813327)
(0.21092464 0.0062850929 -0.0025609571)
(0.21617803 0.007397044 -0.003927486)
(0.22260829 0.0086052362 -0.0059594345)
(0.2298573 0.010282003 -0.0089271993)
(0.23677048 0.012743463 -0.012906888)
(0.24140469 0.015953843 -0.017489998)
(0.24078355 0.020667006 -0.021457527)
(0.23037819 0.028594406 -0.022694587)
(0.20497805 0.042466748 -0.018249867)
(0.10204934 0.073951776 -0.0058313779)
(0.099858991 -0.0032780665 -6.1964372e-05)
(0.1001783 -0.0041175279 -0.00011539979)
(0.10143948 -0.0043410408 -0.00014934577)
(0.10331129 -0.0041465426 -0.00016323682)
(0.10560245 -0.0036921314 -0.00016002087)
(0.10821091 -0.003177205 -0.00014089399)
(0.11101984 -0.0027085303 -0.00010413212)
(0.11392473 -0.0023095512 -4.555285e-05)
(0.11685588 -0.0019735406 4.1587337e-05)
(0.11976692 -0.0016924606 0.00016456775)
(0.12262592 -0.0014793984 0.00033814305)
(0.12545618 -0.0013618138 0.00057984802)
(0.12844382 -0.0013460033 0.00090236904)
(0.13149679 -0.0026722934 0.0013131201)
(0.13524481 -0.0054750318 0.0018019005)
(0.14054304 -0.0095384304 0.0022205913)
(0.1478261 -0.0090195994 0.0020911831)
(0.15429841 -0.0057650917 0.0019124758)
(0.15848243 -0.0030761768 0.0023231367)
(0.16141709 -0.0019368428 0.0033071354)
(0.16377844 -0.0019657032 0.0047911139)
(0.16586471 -0.0024175136 0.0065778007)
(0.16825063 -0.002522486 0.0081163822)
(0.17188606 -0.0012731427 0.0085987722)
(0.17798798 0.0026851329 0.0074016582)
(0.18821334 0.011426913 0.0050651974)
(0.19651631 0.025477135 0.0028532072)
(0.196313 0.045297434 0.002906604)
(0.18468137 0.073136035 0.007840052)
(0.11814893 0.11612556 0.020612114)
(0.10003939 -0.0026818723 -6.1915054e-05)
(0.099999499 -0.0039052357 -0.00011500081)
(0.099741917 -0.0043040873 -0.00014928274)
(0.099402045 -0.0044081044 -0.00016356993)
(0.099121899 -0.0043872485 -0.00015988197)
(0.098958363 -0.0043032995 -0.00013830101)
(0.098892685 -0.0041975058 -9.5767167e-05)
(0.098873331 -0.0040969504 -2.637658e-05)
(0.098845724 -0.004022414 7.8744017e-05)
(0.098743681 -0.0040055334 0.00023156028)
(0.098479435 -0.0041117203 0.00045887535)
(0.097952608 -0.0044633941 0.00080272018)
(0.097112774 -0.0052868104 0.0013226087)
(0.095992936 -0.0075292933 0.0020681912)
(0.095254537 -0.012712754 0.0031116066)
(0.094672704 -0.022699081 0.0045398361)
(0.096744661 -0.021107939 0.0044196188)
(0.097209243 -0.015537571 0.0030621436)
(0.092186306 -0.010443152 0.0035053943)
(0.083208613 -0.007597906 0.0056164215)
(0.072367874 -0.008523825 0.0092379554)
(0.06047046 -0.012353561 0.013214784)
(0.047919634 -0.01698496 0.015552092)
(0.037351395 -0.020458416 0.014589865)
(0.033023911 -0.021676527 0.0091003287)
(0.034736512 -0.018974101 -2.9736668e-05)
(0.061073459 -0.0029855319 -0.0024171319)
(0.087712778 0.025920409 0.0036233578)
(0.098989119 0.065844015 0.017016458)
(0.066866209 0.11783444 0.035570492)
(0.097994045 -0.0014959662 -6.0332633e-05)
(0.09647262 -0.0022183743 -0.00011120524)
(0.094051929 -0.0024572828 -0.00014315583)
(0.091171106 -0.0025212526 -0.00015494086)
(0.088315492 -0.0025034116 -0.00014837467)
(0.08561261 -0.0024250297 -0.00012335794)
(0.083027284 -0.0023096068 -7.6416926e-05)
(0.080500467 -0.0021822061 -9.0760458e-07)
(0.077968901 -0.0020634574 0.00011244349)
(0.075337937 -0.0019776456 0.00027895387)
(0.072453433 -0.0019635602 0.00053119804)
(0.069057269 -0.0021060148 0.00092371277)
(0.064668512 -0.0026280765 0.0015541094)
(0.058280018 -0.0042502414 0.0026181135)
(0.047565777 -0.009148291 0.004627448)
(0.030552662 -0.022167353 0.009276452)
(-0.015763629 -0.0080611818 0.016428529)
(-0.039756566 0.0029358307 0.010138387)
(-0.056860298 0.0034161066 0.0048951946)
(-0.061928736 0.00048358745 -0.00058147936)
(-0.055465284 -0.0036313125 -0.0090869739)
(-0.046919382 -0.0067840367 -0.013831533)
(-0.039008905 -0.0096296805 -0.01722)
(-0.033253623 -0.01287693 -0.01983879)
(-0.029895615 -0.017179538 -0.021979044)
(-0.029413795 -0.02093321 -0.022133798)
(-0.037623764 -0.013461402 -0.013994124)
(-0.035739128 0.020249597 -0.0014388472)
(-0.021737749 0.061527948 0.021782857)
(0.0057736879 0.10860686 0.048409509)
(0.10412308 -0.0020209608 -0.00021570281)
(0.11546101 -0.0021923312 -0.00039694613)
(0.12582621 -0.0021529345 -0.00052149978)
(0.13432887 -0.0018634911 -0.00059409583)
(0.14180362 -0.0013792989 -0.00062547836)
(0.1486545 -0.00084565907 -0.00062194772)
(0.15492128 -0.00034705378 -0.0005862322)
(0.16060203 9.7408663e-05 -0.00052521798)
(0.1657357 0.00049622352 -0.00045290263)
(0.17036395 0.0008613608 -0.00037396107)
(0.17450099 0.0012170629 -0.00029855635)
(0.17814407 0.0016000742 -0.00025489254)
(0.18088673 0.0020266157 -0.00030881363)
(0.18231203 0.0019204072 -0.0004221532)
(0.18327043 0.0015518079 -0.00064207262)
(0.18501477 0.00079759038 -0.001332142)
(0.18830845 8.6034134e-05 -0.0031466964)
(0.19268534 -1.2589939e-05 -0.006187481)
(0.19673748 9.5181348e-05 -0.0098395747)
(0.19966849 -0.00028297531 -0.013483394)
(0.20181659 -0.0011858854 -0.016807323)
(0.20377496 -0.0025161436 -0.019864232)
(0.20584413 -0.0041877201 -0.022893809)
(0.20801844 -0.0060308376 -0.026169823)
(0.21002128 -0.0079107415 -0.029751157)
(0.21148924 -0.0097009371 -0.033078279)
(0.21233725 -0.01005267 -0.035296444)
(0.21174576 -0.0061802362 -0.035392943)
(0.20311885 0.0049266284 -0.029757659)
(0.13621642 0.035280532 -0.0094633403)
(0.099874969 -0.0032754283 -0.00021517018)
(0.10024076 -0.004114046 -0.00040538817)
(0.10156202 -0.0043393882 -0.00053652332)
(0.10348927 -0.0041506434 -0.00060810926)
(0.10582826 -0.0037073428 -0.00062749684)
(0.10848329 -0.0032094512 -0.00059482608)
(0.11134465 -0.0027639906 -0.00050258877)
(0.11431419 -0.002394874 -0.00033827325)
(0.11732364 -0.0020972327 -8.3396373e-05)
(0.12033571 -0.0018742278 0.0002938311)
(0.1233292 -0.0017348428 0.00083723562)
(0.12630052 -0.0017033065 0.00160193)
(0.12930653 -0.0018843885 0.0026449123)
(0.13236717 -0.0031170852 0.0040054931)
(0.13572565 -0.0055464513 0.0056107162)
(0.13992813 -0.0096592364 0.007072055)
(0.14511987 -0.013246255 0.0077126727)
(0.15006624 -0.014022441 0.0083175683)
(0.15305754 -0.013407918 0.010021669)
(0.15354134 -0.013974024 0.013088729)
(0.15283629 -0.015320646 0.017012392)
(0.15170741 -0.017017106 0.021071722)
(0.15027042 -0.018935528 0.024424444)
(0.1484908 -0.020834757 0.026314136)
(0.14616002 -0.0226718 0.026307214)
(0.14347972 -0.024712288 0.024466884)
(0.14141554 -0.024912658 0.023037912)
(0.14377677 -0.016040253 0.028033034)
(0.15975067 0.0095681227 0.039356709)
(0.1600828 0.054261836 0.054922143)
(0.10005525 -0.0026822957 -0.00021685416)
(0.10006134 -0.0039058731 -0.00040829022)
(0.099865283 -0.0043068754 -0.00054403071)
(0.099585785 -0.0044159988 -0.0006221502)
(0.099362255 -0.0044037299 -0.00064803873)
(0.099258459 -0.0043328173 -0.00062011193)
(0.099263957 -0.0042462285 -0.00052894943)
(0.099335627 -0.004173736 -0.00035893816)
(0.099424004 -0.0041407614 -8.6985969e-05)
(0.099485525 -0.0041817642 0.00032063112)
(0.099472849 -0.0043632258 0.00092237634)
(0.099320252 -0.00481016 0.0018127089)
(0.098966119 -0.0057766838 0.0031286813)
(0.098360822 -0.0078694302 0.0049731064)
(0.097660556 -0.012133003 0.007366066)
(0.097080457 -0.020056272 0.0098330933)
(0.096189007 -0.026154012 0.01094034)
(0.094418726 -0.025920898 0.011754901)
(0.090442633 -0.021840847 0.013655448)
(0.081673715 -0.020749542 0.016186865)
(0.07337846 -0.021778308 0.019227887)
(0.066418348 -0.02390024 0.022429398)
(0.058937669 -0.027028495 0.0239916)
(0.051309769 -0.030438429 0.022756849)
(0.043799563 -0.034281798 0.01790566)
(0.036777556 -0.040592626 0.0078447916)
(0.028498196 -0.046582911 0.004710917)
(0.026208049 -0.039468225 0.024709606)
(0.051182662 -0.01296871 0.051393339)
(0.081999437 0.036254381 0.080987458)
(0.098009709 -0.00149635 -0.00021151884)
(0.096533514 -0.0022192356 -0.0003956896)
(0.094173739 -0.0024595777 -0.0005241452)
(0.091353958 -0.0025261933 -0.00059516205)
(0.088557034 -0.0025122357 -0.00061423731)
(0.08591817 -0.002439427 -0.00058039203)
(0.083412442 -0.0023320052 -0.00048485465)
(0.080991179 -0.0022161135 -0.00031248384)
(0.078602911 -0.0021150378 -4.077142e-05)
(0.076186777 -0.0020534468 0.0003638131)
(0.07365258 -0.0020737327 0.00095977349)
(0.070837659 -0.0022592148 0.0018451184)
(0.067450268 -0.0028014688 0.0031886565)
(0.062925275 -0.0041952982 0.0052919117)
(0.05608602 -0.0077595682 0.0087856497)
(0.045651119 -0.016494478 0.015216156)
(0.025050672 -0.020842069 0.025179136)
(0.0051021793 -0.014191486 0.029508983)
(-0.012085221 -0.0023960606 0.022502294)
(0.0013639543 -0.0071570215 -0.0088897525)
(0.0001538687 -0.0034985214 -0.031383002)
(0.0094877269 -0.00019565767 -0.041205534)
(0.015340395 0.00049760625 -0.045433056)
(0.01892748 -0.00088471395 -0.046597738)
(0.017967709 -0.0047540038 -0.0456383)
(0.011586572 -0.012692449 -0.042359165)
(-0.014916864 -0.024054477 -0.013905647)
(-0.04621161 -0.015937085 0.034164505)
(-0.050111422 0.01207893 0.073278324)
(0.0012882382 0.047162104 0.10746835)
(0.10414856 -0.0020208931 -0.00039007689)
(0.11555695 -0.0021977586 -0.00065465721)
(0.12599762 -0.0021717215 -0.00078806555)
(0.13455247 -0.0019082619 -0.00083747555)
(0.14205049 -0.0014698285 -0.00083159181)
(0.1488928 -0.0010109419 -0.00077920578)
(0.15509804 -0.00063013306 -0.0006744257)
(0.16062164 -0.00036219784 -0.00049936959)
(0.16547325 -0.00021429793 -0.00023676657)
(0.16966049 -0.00020702781 0.00012420759)
(0.1731319 -0.00037556799 0.00061628686)
(0.17574694 -0.0007699838 0.0012911546)
(0.17697667 -0.0014379135 0.0022047108)
(0.17634192 -0.0029367164 0.0035202436)
(0.17453636 -0.0051776384 0.0054290642)
(0.17252106 -0.0083907678 0.0079921425)
(0.17113423 -0.012540043 0.010981068)
(0.17075969 -0.016926417 0.013997688)
(0.17100025 -0.02092273 0.016903404)
(0.17120121 -0.024371861 0.019838319)
(0.17112137 -0.027341557 0.022730268)
(0.17094472 -0.029978078 0.025345225)
(0.17101177 -0.032347741 0.027480285)
(0.17159222 -0.034418865 0.029017598)
(0.172813 -0.036108238 0.029903256)
(0.17488458 -0.037300085 0.02997685)
(0.17791846 -0.037989101 0.029282875)
(0.18218119 -0.037464195 0.028304262)
(0.18877132 -0.032119844 0.029210987)
(0.19152917 -0.010684613 0.033075641)
(0.099902345 -0.0032756345 -0.00038828822)
(0.1003578 -0.00412179 -0.00067153512)
(0.10179153 -0.0043672829 -0.00082554715)
(0.10381836 -0.0042181809 -0.00089434708)
(0.10624371 -0.0038440197 -0.00089952343)
(0.10898328 -0.0034587752 -0.00083461923)
(0.11193152 -0.0031909439 -0.00067966203)
(0.11498781 -0.0030907711 -0.00040449183)
(0.11808989 -0.0031845312 3.3471098e-05)
(0.12119177 -0.0035320204 0.00069685768)
(0.12424451 -0.0042276116 0.0016936434)
(0.12720635 -0.0053928535 0.0031592342)
(0.13006922 -0.0071707938 0.0052788606)
(0.13269304 -0.010274733 0.008274358)
(0.13507167 -0.014779498 0.012327179)
(0.13753849 -0.021008066 0.017376453)
(0.14034378 -0.028174707 0.022673942)
(0.1431156 -0.034001002 0.027393212)
(0.14500512 -0.037417256 0.031318973)
(0.14538346 -0.038792501 0.035031357)
(0.14435987 -0.03915496 0.03869004)
(0.14248544 -0.039409954 0.042111044)
(0.140369 -0.039952597 0.04500723)
(0.13844573 -0.04075566 0.046990342)
(0.13686139 -0.041674823 0.047717905)
(0.13588366 -0.042880162 0.046835852)
(0.13617536 -0.044771743 0.044141227)
(0.14053659 -0.046454441 0.040637698)
(0.15702891 -0.042794642 0.042362676)
(0.20809315 -0.023009128 0.056795857)
(0.10008144 -0.0026856385 -0.00039407002)
(0.10017374 -0.0039131848 -0.00068455329)
(0.10008967 -0.0043239049 -0.00085419338)
(0.099914709 -0.0044515629 -0.00094554507)
(0.09978701 -0.0044701209 -0.00097978188)
(0.099781461 -0.0044494684 -0.0009527026)
(0.099894781 -0.0044444487 -0.00084983542)
(0.10008783 -0.0045024604 -0.00064965035)
(0.10032106 -0.0046753301 -0.00031815221)
(0.10056059 -0.0050443182 0.00020700792)
(0.10077526 -0.005729543 0.001028006)
(0.10093134 -0.0069135671 0.0023005435)
(0.10092504 -0.0088915999 0.0042403128)
(0.10061628 -0.012184965 0.0072201201)
(0.099975997 -0.017397769 0.01170634)
(0.099285333 -0.025194513 0.017587339)
(0.098839859 -0.033904922 0.023088386)
(0.09855614 -0.039417882 0.02603038)
(0.098430167 -0.040838469 0.025456591)
(0.096795388 -0.039402527 0.025501582)
(0.093218761 -0.037631845 0.027580717)
(0.088463027 -0.03690058 0.030595643)
(0.083448647 -0.037474397 0.033174671)
(0.07912328 -0.039016086 0.034077183)
(0.075825584 -0.041297011 0.032384568)
(0.074689454 -0.044477026 0.026848682)
(0.075899158 -0.049410581 0.018237079)
(0.081905619 -0.055840118 0.0084978165)
(0.097215344 -0.060801194 0.0085842782)
(0.14281913 -0.054798985 0.035430421)
(0.098035417 -0.0014950391 -0.00038480705)
(0.096643043 -0.0022162263 -0.00066397207)
(0.094392218 -0.0024572428 -0.00082379528)
(0.091674805 -0.0025280755 -0.00090691793)
(0.088971831 -0.0025230683 -0.0009357376)
(0.08643013 -0.0024665699 -0.00090849992)
(0.084034555 -0.0023869275 -0.00081450506)
(0.081745728 -0.0023162649 -0.00063872317)
(0.079528195 -0.0022866884 -0.00035880399)
(0.07734115 -0.0023394971 6.0859508e-05)
(0.075125264 -0.0025417269 0.00066886566)
(0.072786668 -0.0030202903 0.0015345191)
(0.070153455 -0.0040187986 0.0027771219)
(0.066927738 -0.0059472188 0.0046369932)
(0.062698579 -0.0095477583 0.0073536761)
(0.057315155 -0.015839606 0.010714341)
(0.050478897 -0.02233237 0.012596382)
(0.045032484 -0.022487609 0.0052742251)
(0.048216712 -0.015851823 -0.020058305)
(0.050288883 -0.0046076082 -0.047440635)
(0.051867417 0.0060059614 -0.065977591)
(0.055369119 0.01320011 -0.076777114)
(0.060158884 0.016633168 -0.081748829)
(0.064789632 0.016930633 -0.082979154)
(0.06791705 0.01451696 -0.081425898)
(0.068342133 0.0094727419 -0.076952121)
(0.067171843 0.0012479915 -0.06917516)
(0.069207507 -0.009218605 -0.059591369)
(0.072808045 -0.018952879 -0.038568496)
(0.099397311 -0.014165974 0.013633558)
(0.10427308 -0.0020056691 -0.0010305496)
(0.11587818 -0.002186563 -0.001476505)
(0.1263991 -0.0021865273 -0.0015378389)
(0.13491755 -0.0019711226 -0.0013933376)
(0.14232244 -0.0015965881 -0.0010749665)
(0.14906457 -0.0012084265 -0.00055564672)
(0.15520048 -0.00090959321 0.00020414199)
(0.16068667 -0.00076548412 0.0012847867)
(0.16548205 -0.00083043823 0.0028807121)
(0.16956054 -0.0011724063 0.0052151817)
(0.17289375 -0.0018618713 0.0085612069)
(0.17539393 -0.0029901253 0.013212299)
(0.17670487 -0.0046039003 0.019378748)
(0.17662663 -0.0070576781 0.026992035)
(0.1760173 -0.0099467819 0.035594694)
(0.17584775 -0.012863705 0.044378357)
(0.17659609 -0.015339499 0.052406089)
(0.17818781 -0.016942121 0.058951356)
(0.18001323 -0.017612421 0.063820894)
(0.18136841 -0.01776747 0.067228705)
(0.18203579 -0.017915107 0.069449032)
(0.18235382 -0.018275064 0.070687371)
(0.1828516 -0.018802139 0.071075299)
(0.18394594 -0.019380503 0.070669709)
(0.18586058 -0.019899286 0.069451478)
(0.18867174 -0.020186541 0.067301184)
(0.19228836 -0.01979614 0.063941381)
(0.19633448 -0.017458246 0.058944634)
(0.19992428 -0.0096051889 0.051934308)
(0.19014117 0.013763109 0.041947623)
(0.10002634 -0.0032691503 -0.0010834151)
(0.10070815 -0.0041307457 -0.0016621615)
(0.10224875 -0.0044183574 -0.0019024934)
(0.10425164 -0.0043382738 -0.002006183)
(0.10660086 -0.0040540684 -0.0020246057)
(0.1092647 -0.0037739582 -0.0019482461)
(0.11216763 -0.0036417454 -0.0017535566)
(0.11523606 -0.0037616189 -0.0013942567)
(0.11843432 -0.0042330745 -0.00078522988)
(0.12176984 -0.005185673 0.00021954686)
(0.12518917 -0.006754483 0.001776851)
(0.12868597 -0.0090948704 0.0041026312)
(0.13232825 -0.012304661 0.0074630557)
(0.1361086 -0.016679697 0.011973477)
(0.14015707 -0.021578453 0.017389711)
(0.14483461 -0.02606151 0.022979469)
(0.15016393 -0.029112563 0.027687283)
(0.15563364 -0.029869147 0.030841104)
(0.16028748 -0.028275079 0.032730764)
(0.16333337 -0.025306842 0.034057321)
(0.16480786 -0.022328723 0.035221207)
(0.16539657 -0.02013971 0.036295209)
(0.16578506 -0.018780837 0.037174055)
(0.1663725 -0.018051626 0.037560998)
(0.16743562 -0.017866596 0.03701304)
(0.16943266 -0.018212917 0.034981979)
(0.17333065 -0.018923189 0.030797592)
(0.18134821 -0.019155495 0.023531696)
(0.1993807 -0.016683267 0.011749592)
(0.25553441 -0.0050224366 -0.002939799)
(0.10020119 -0.0026924093 -0.0011022319)
(0.10050841 -0.0039282579 -0.0017035487)
(0.10052112 -0.0043603287 -0.0019830694)
(0.10030736 -0.0045211129 -0.002147269)
(0.10007251 -0.0045850275 -0.002262085)
(0.099930058 -0.0046284478 -0.0023362284)
(0.099889618 -0.0047214524 -0.0023747759)
(0.099923291 -0.0049406828 -0.0023883989)
(0.1000118 -0.0053749253 -0.0024039877)
(0.10015827 -0.006154243 -0.0024277729)
(0.10037663 -0.0074923952 -0.0024000996)
(0.10072496 -0.00964166 -0.002157787)
(0.10145197 -0.012876278 -0.0015408697)
(0.10287399 -0.017521597 -0.00063341329)
(0.10515558 -0.023492751 0.00017801873)
(0.10885122 -0.029244509 -8.4742142e-05)
(0.11422122 -0.033528388 -0.0027492142)
(0.12080888 -0.034757637 -0.0080961273)
(0.12746427 -0.032471994 -0.014712058)
(0.13267203 -0.028471139 -0.020772629)
(0.13587545 -0.024758401 -0.025195662)
(0.13753835 -0.02150026 -0.028734666)
(0.13912338 -0.018976518 -0.031788832)
(0.14142693 -0.017515057 -0.034540119)
(0.14451031 -0.017133431 -0.03733527)
(0.14782571 -0.018094034 -0.039910685)
(0.15095037 -0.019842282 -0.042730617)
(0.15507943 -0.021901914 -0.046231805)
(0.16313659 -0.024114387 -0.051870678)
(0.18730521 -0.026261887 -0.061856042)
(0.098152296 -0.001500941 -0.0010761018)
(0.096971001 -0.0022284893 -0.001658392)
(0.094814228 -0.0024788157 -0.001923041)
(0.09205607 -0.0025610604 -0.0020697254)
(0.089242097 -0.0025705465 -0.0021644106)
(0.086556303 -0.0025344081 -0.0022194748)
(0.08399329 -0.0024856399 -0.0022470433)
(0.08151837 -0.0024654001 -0.0022695975)
(0.079098603 -0.0025228985 -0.0023244152)
(0.076681951 -0.002738115 -0.0024734749)
(0.074159809 -0.0032619796 -0.0028262406)
(0.071330274 -0.0043487378 -0.0035892325)
(0.067873496 -0.0063115442 -0.0050816587)
(0.06333091 -0.0091546773 -0.0078752753)
(0.057861073 -0.011371489 -0.013749022)
(0.05350282 -0.0098798019 -0.024866425)
(0.053523731 -0.0033575407 -0.040966529)
(0.059023395 0.0060623544 -0.058944859)
(0.066999055 0.015758311 -0.075404678)
(0.074512257 0.024196287 -0.088539268)
(0.081377463 0.030675381 -0.097545629)
(0.088424589 0.0345621 -0.10239758)
(0.095388646 0.035641016 -0.10411274)
(0.10160293 0.034548073 -0.10403731)
(0.10666575 0.031892864 -0.10274125)
(0.110325 0.028152377 -0.10039132)
(0.11341788 0.023150839 -0.096153012)
(0.11650243 0.01779301 -0.091037464)
(0.12135096 0.012945864 -0.086920886)
(0.13981972 0.0095846603 -0.084506915)
(0.10300608 -0.0020101879 -0.00086138008)
(0.11374674 -0.0021862198 -0.0012958279)
(0.12301237 -0.0021162194 -0.001394805)
(0.13016417 -0.0017484996 -0.0013012699)
(0.13635821 -0.0011286042 -0.0010375941)
(0.1421267 -0.00039443884 -0.00057227132)
(0.14760322 0.00037502665 0.00012964105)
(0.15302552 0.0011245903 0.0011319393)
(0.15855332 0.0018798214 0.0026154798)
(0.16440566 0.0027778363 0.0048232535)
(0.17077308 0.0040242059 0.0080536333)
(0.17755718 0.0059469766 0.012656615)
(0.18388429 0.0089367723 0.018932323)
(0.18863712 0.012851768 0.026971554)
(0.19140158 0.017656161 0.036476426)
(0.19230109 0.022678966 0.046750499)
(0.19175007 0.027174271 0.056840825)
(0.19033254 0.030726139 0.06579392)
(0.18848641 0.033276851 0.0729772)
(0.18645015 0.034850351 0.078222736)
(0.18450285 0.035490656 0.081704889)
(0.18304664 0.035329486 0.083720168)
(0.18244534 0.034566351 0.084544753)
(0.18286549 0.033411371 0.084373926)
(0.18421042 0.032071575 0.083299152)
(0.18605733 0.030796263 0.081275641)
(0.18746554 0.030003984 0.078057355)
(0.18652443 0.03056801 0.073084587)
(0.17979756 0.034478658 0.065377322)
(0.140372 0.047843801 0.052694657)
(0.098723858 -0.0032635743 -0.00084675129)
(0.098445814 -0.0040952114 -0.0012849553)
(0.098582477 -0.0042679838 -0.0014787157)
(0.098991954 -0.0039677836 -0.001582676)
(0.099813594 -0.0033490474 -0.0016294487)
(0.10109562 -0.0026141363 -0.0016111454)
(0.1028036 -0.0018902982 -0.0015136812)
(0.10494786 -0.0012930789 -0.0013081902)
(0.10792565 -0.00064348375 -0.00091455382)
(0.11205869 0.00035702537 -0.00018070117)
(0.11798671 0.0022309987 0.0010904769)
(0.12630089 0.0058891781 0.0032332837)
(0.13696881 0.01230791 0.0066778681)
(0.14899101 0.021372769 0.011785629)
(0.16065367 0.032661777 0.018579402)
(0.17043358 0.044617834 0.026463298)
(0.17761834 0.055544086 0.034444936)
(0.18223571 0.064631191 0.041563714)
(0.18457593 0.071850244 0.047331087)
(0.18505363 0.077105756 0.051726517)
(0.18438017 0.080295351 0.054924751)
(0.18338692 0.081588694 0.057068929)
(0.18269671 0.081380823 0.058228595)
(0.18260496 0.080120465 0.058435463)
(0.18311345 0.078216435 0.057671979)
(0.18395066 0.076095036 0.0557904)
(0.18444872 0.074491825 0.052339446)
(0.18324577 0.074984272 0.046261892)
(0.17891119 0.080846771 0.035291556)
(0.15092079 0.097373837 0.014753391)
(0.09889087 -0.0026647536 -0.00087128204)
(0.098229203 -0.0038771991 -0.0013287653)
(0.096794813 -0.0042706338 -0.0015403873)
(0.09488087 -0.0043604786 -0.0016724553)
(0.092936684 -0.0043158226 -0.0017772232)
(0.091144975 -0.0042093488 -0.0018670566)
(0.089509089 -0.0041164206 -0.0019555668)
(0.087959535 -0.0041409726 -0.0020677143)
(0.086475974 -0.0041660878 -0.0022569061)
(0.085203044 -0.0041064871 -0.0025728233)
(0.084478792 -0.0037752203 -0.0030141719)
(0.085356007 -0.0023833783 -0.0033793988)
(0.090329866 0.0023143064 -0.0031350575)
(0.10070653 0.012665998 -0.001772231)
(0.11487278 0.028626819 0.00088966516)
(0.1297742 0.046796904 0.0043407497)
(0.14325507 0.06405521 0.0075225549)
(0.15441337 0.078111579 0.0097717511)
(0.16276857 0.088636399 0.01128176)
(0.16817824 0.095938217 0.012461078)
(0.17134875 0.10033868 0.013706855)
(0.17329155 0.10216906 0.015151017)
(0.1747167 0.10185556 0.016475128)
(0.17588618 0.099883126 0.017283121)
(0.17672032 0.09669981 0.017338764)
(0.17696622 0.092742625 0.016378802)
(0.17624449 0.088681211 0.014031792)
(0.17391076 0.086073427 0.0095125173)
(0.17000089 0.088476066 0.0012761985)
(0.14822827 0.10236646 -0.013877025)
(0.096898456 -0.0014738973 -0.00083734782)
(0.094806839 -0.0021731247 -0.001257011)
(0.09127486 -0.0023922031 -0.0014295585)
(0.086897916 -0.0024326366 -0.0015203447)
(0.082463156 -0.0023867342 -0.0015846697)
(0.078214946 -0.0022784568 -0.0016372112)
(0.074127073 -0.0021385226 -0.0016959047)
(0.070121232 -0.00200523 -0.0017930877)
(0.066096068 -0.0018928414 -0.0019824652)
(0.061887389 -0.001875203 -0.0023536166)
(0.057189655 -0.0022107534 -0.0030596224)
(0.051584556 -0.0031479243 -0.0043796462)
(0.044519193 -0.003801143 -0.0067728393)
(0.037519608 -0.00029007569 -0.010569848)
(0.038141783 0.012495048 -0.01523484)
(0.048215253 0.030505757 -0.019917945)
(0.062770004 0.046790676 -0.024719106)
(0.07838183 0.05915783 -0.029758804)
(0.093001355 0.067875564 -0.034783054)
(0.10555043 0.073778286 -0.039045816)
(0.11595242 0.07736541 -0.042014284)
(0.12466312 0.078837709 -0.043701525)
(0.13207488 0.078396924 -0.044330447)
(0.13823582 0.076364425 -0.044243275)
(0.14293206 0.073112337 -0.043796743)
(0.14591876 0.069064944 -0.043364819)
(0.14720938 0.064784793 -0.043340408)
(0.14734691 0.061488268 -0.044192555)
(0.14974549 0.06204337 -0.046015512)
(0.16161181 0.072627888 -0.047784002)
)
;

boundaryField
{
    maxY
    {
        type            fixedValue;
        value           uniform (0 0 0);
    }
    minX
    {
        type            fixedValue;
        value           uniform (0.1 0 0);
    }
    maxX
    {
        type            inletOutlet;
        inletValue      uniform (0 0 0);
        value           nonuniform List<vector> 
40
(
(0.13995517 0.047903187 -0.052492012)
(0.15028449 0.097665764 -0.014696372)
(0.14742612 0.10285761 0.014178576)
(0.16060584 0.073218405 0.048574107)
(0.1898358 0.013724565 -0.041381226)
(0.25550681 -0.0042312392 0.0033265073)
(0.18751298 -0.025267819 0.062662296)
(0.13793483 0.011051255 0.087075598)
(0.19028625 -0.0098475371 -0.032839276)
(0.2080952 -0.019806759 -0.058128151)
(0.14604285 -0.05130028 -0.035300676)
(0.10975963 -0.012141685 -0.0030231847)
(0.1357272 0.035265529 0.0092546408)
(0.15779741 0.056086056 -0.056147183)
(0.085400453 0.040229388 -0.081855111)
(0.020436717 0.050901095 -0.10828541)
(0.10037655 0.07522826 0.0035821867)
(0.11601437 0.11827999 -0.021446632)
(0.067409344 0.12153125 -0.035396031)
(0.018665806 0.11091987 -0.049990797)
(0.10204934 0.073951776 -0.0058313779)
(0.11814893 0.11612556 0.020612114)
(0.066866209 0.11783444 0.035570492)
(0.0057736879 0.10860686 0.048409509)
(0.13621642 0.035280532 -0.0094633403)
(0.1600828 0.054261836 0.054922143)
(0.081999437 0.036254381 0.080987458)
(0.0012882382 0.047162104 0.10746835)
(0.19152917 -0.010684613 0.033075641)
(0.20809315 -0.023009128 0.056795857)
(0.14281913 -0.054798985 0.035430421)
(0.099397311 -0.014165974 0.013633558)
(0.19014117 0.013763109 0.041947623)
(0.25553441 -0.0050224366 -0.002939799)
(0.18730521 -0.026261887 -0.061856042)
(0.13981972 0.0095846603 -0.084506915)
(0.140372 0.047843801 0.052694657)
(0.15092079 0.097373837 0.014753391)
(0.14822827 0.10236646 -0.013877025)
(0.16161181 0.072627888 -0.047784002)
)
;
    }
    minZ
    {
        type            fixedValue;
        value           uniform (0 0 0);
    }
    maxZ
    {
        type            fixedValue;
        value           uniform (0 0 0);
    }
    topAir_to_rightSolid
    {
        type            fixedValue;
        value           uniform (0 0 0);
    }
    topAir_to_heater
    {
        type            fixedValue;
        value           uniform (0 0 0);
    }
    topAir_to_leftSolid
    {
        type            fixedValue;
        value           uniform (0 0 0);
    }
}


// ************************************************************************* //
