/*--------------------------------*- C++ -*----------------------------------*\
| =========                 |                                                 |
| \\      /  F ield         | OpenFOAM: The Open Source CFD Toolbox           |
|  \\    /   O peration     | Version:  v2012                                 |
|   \\  /    A nd           | Website:  www.openfoam.com                      |
|    \\/     M anipulation  |                                                 |
\*---------------------------------------------------------------------------*/
FoamFile
{
    version     2.0;
    format      ascii;
    class       volVectorField;
    location    "350/topAir";
    object      U;
}
// * * * * * * * * * * * * * * * * * * * * * * * * * * * * * * * * * * * * * //

dimensions      [0 1 -1 0 0 0 0];


internalField   nonuniform List<vector> 
1200
(
(0.10409415 -0.002345737 0.00088289027)
(0.11685433 -0.0024614506 0.0013105871)
(0.1278192 -0.0022774867 0.0013831711)
(0.13637501 -0.0017668415 0.0012454067)
(0.14384244 -0.00098962322 0.00091105848)
(0.15081567 -0.00010861265 0.00034142187)
(0.15752445 0.00078669784 -0.00048615271)
(0.1642378 0.0016265631 -0.0017038195)
(0.17111707 0.002485722 -0.0035647315)
(0.17843474 0.0035287232 -0.0063581913)
(0.18635959 0.0050642194 -0.010457964)
(0.19460995 0.0074580977 -0.016258578)
(0.20186947 0.011143547 -0.024030888)
(0.20671249 0.015695422 -0.033698533)
(0.20906243 0.020915501 -0.044660787)
(0.20951372 0.026014156 -0.055880293)
(0.20852609 0.030362306 -0.066164559)
(0.20639006 0.033703742 -0.074624157)
(0.20336189 0.03598483 -0.080927673)
(0.19986467 0.037207256 -0.085175247)
(0.19651037 0.037455208 -0.087683542)
(0.19389618 0.036935685 -0.088799876)
(0.19238385 0.035891853 -0.088806304)
(0.19202786 0.034546398 -0.087891324)
(0.19259551 0.033098735 -0.086150755)
(0.1935578 0.031785066 -0.083559396)
(0.19391537 0.031018103 -0.079886494)
(0.19174373 0.031649662 -0.074578458)
(0.18379976 0.035645735 -0.066666938)
(0.14109813 0.04896997 -0.05417556)
(0.098722928 -0.0036966091 0.00086133045)
(0.098488151 -0.0045324327 0.0012902042)
(0.098802372 -0.0046153773 0.0014655637)
(0.099535709 -0.0041890774 0.0015449239)
(0.10078452 -0.0034400742 0.0015565179)
(0.10257745 -0.0026037198 0.001487269)
(0.10489424 -0.0018274149 0.0013155779)
(0.10782953 -0.0012113643 0.00098880719)
(0.11185472 -0.00045295303 0.00039287571)
(0.11742942 0.00079888235 -0.00062670512)
(0.12541095 0.0033330343 -0.0023674841)
(0.13611621 0.0081777481 -0.0052014629)
(0.14933079 0.016238642 -0.0096467102)
(0.16342801 0.026694988 -0.015919309)
(0.17651112 0.038810188 -0.023703637)
(0.18719852 0.050927731 -0.032048677)
(0.19473197 0.061894068 -0.039859101)
(0.19884699 0.071245147 -0.046449392)
(0.19982241 0.078588772 -0.051658261)
(0.19851743 0.083557294 -0.055577205)
(0.1961393 0.08608972 -0.058347687)
(0.19374157 0.086600222 -0.060033129)
(0.19191942 0.085673738 -0.06067275)
(0.19085206 0.083846375 -0.060313504)
(0.1904343 0.081506986 -0.058979109)
(0.19033371 0.079033992 -0.056561525)
(0.18985022 0.077153633 -0.052603566)
(0.18763763 0.077402897 -0.046044962)
(0.18243912 0.083007472 -0.034760205)
(0.15258262 0.098901699 -0.014536407)
(0.098842816 -0.002833405 0.00088828305)
(0.098056625 -0.0041164879 0.001338453)
(0.096491812 -0.0045187082 0.001534731)
(0.094494043 -0.0046038046 0.0016519774)
(0.092526204 -0.0045605181 0.0017427198)
(0.090770993 -0.004470949 0.0018187633)
(0.08922162 -0.0044299402 0.0018967776)
(0.087805857 -0.0045159322 0.0020129768)
(0.086551301 -0.0045518943 0.0022327662)
(0.085728564 -0.0044351588 0.002597507)
(0.085808906 -0.0039162447 0.0030422796)
(0.088609616 -0.0015720597 0.0031953714)
(0.097289148 0.0055933079 0.0024220055)
(0.11121653 0.018938264 0.00049660207)
(0.1282079 0.036351837 -0.0026648445)
(0.14502305 0.054591905 -0.0060812873)
(0.15963007 0.071159749 -0.0088271068)
(0.17059141 0.084516749 -0.010696238)
(0.17754957 0.094607705 -0.011939828)
(0.18122445 0.10152837 -0.013033651)
(0.1829294 0.10542834 -0.014324419)
(0.18379032 0.10661624 -0.015743046)
(0.18430828 0.10560948 -0.016794188)
(0.18449895 0.10296176 -0.017141504)
(0.18416406 0.099148068 -0.016641029)
(0.18311419 0.094619738 -0.015190362)
(0.18107008 0.090062931 -0.012386082)
(0.17752303 0.087053648 -0.0075770125)
(0.17290602 0.089157444 0.00046467384)
(0.15174791 0.10254522 0.014091104)
(0.096887648 -0.0015511318 0.00085469781)
(0.094725708 -0.002275512 0.0012668324)
(0.091069314 -0.0024918348 0.0014247305)
(0.086580777 -0.0025207249 0.0015015605)
(0.0820745 -0.0024602267 0.0015533027)
(0.0777936 -0.0023385317 0.0015955944)
(0.073702637 -0.0021928747 0.0016512856)
(0.069705622 -0.0020632333 0.0017637186)
(0.065672916 -0.001978723 0.0020068701)
(0.061388297 -0.0020854042 0.0024993391)
(0.056452807 -0.0028247223 0.0034443244)
(0.0504679 -0.0042316826 0.0052593533)
(0.042701848 -0.0044322483 0.0085768887)
(0.038451192 0.0025906005 0.013160317)
(0.044095348 0.018355447 0.018302113)
(0.057776289 0.035999939 0.023543397)
(0.074065752 0.050768398 0.028914585)
(0.089693829 0.061984007 0.034378893)
(0.10325934 0.070345803 0.039453116)
(0.11459104 0.07626023 0.043330906)
(0.1241711 0.079848969 0.045793901)
(0.13246231 0.081092205 0.047075)
(0.13955465 0.080223624 0.047416863)
(0.14518418 0.077636941 0.047148066)
(0.14904974 0.073813722 0.046590535)
(0.15096912 0.069269585 0.04612089)
(0.15105681 0.064595842 0.046125199)
(0.15003877 0.061027541 0.046913431)
(0.15165753 0.061393828 0.048138641)
(0.16628156 0.071514817 0.048242078)
(0.10534059 -0.0023444287 0.0010073198)
(0.11894328 -0.0024652188 0.0014004553)
(0.13116381 -0.0023649213 0.0013961796)
(0.14106644 -0.0020310335 0.0011676672)
(0.14969421 -0.0015274743 0.00073718604)
(0.15759143 -0.0010233371 6.7085317e-05)
(0.16478221 -0.00065874474 -0.00089192674)
(0.17118527 -0.00049974312 -0.0022778294)
(0.17677757 -0.00060526573 -0.0043300924)
(0.18154654 -0.0010359253 -0.007314542)
(0.18543377 -0.0019030554 -0.011560636)
(0.1883451 -0.0033145789 -0.017368807)
(0.18979049 -0.0053345546 -0.024844087)
(0.18950469 -0.0084719563 -0.033607246)
(0.1888157 -0.012160406 -0.04278253)
(0.18904383 -0.015825281 -0.051192963)
(0.1904083 -0.018671273 -0.057937733)
(0.19216319 -0.0201729 -0.062901822)
(0.19336435 -0.020533179 -0.066451943)
(0.19358086 -0.02040641 -0.068932976)
(0.19303425 -0.02035506 -0.070516122)
(0.19232372 -0.020500618 -0.071301478)
(0.19199993 -0.020749396 -0.071337363)
(0.19235467 -0.020986553 -0.070623014)
(0.19343663 -0.021128653 -0.069121014)
(0.19517919 -0.021039962 -0.066735399)
(0.19743636 -0.020237502 -0.063223563)
(0.19984314 -0.017434202 -0.058084011)
(0.20162974 -0.0091157193 -0.050570753)
(0.19110673 0.01435211 -0.040012899)
(0.10000494 -0.0037044468 0.0010654092)
(0.10070467 -0.0045704345 0.0016122523)
(0.1024107 -0.0047837334 0.0018100857)
(0.10471425 -0.0046024011 0.0018574246)
(0.10744748 -0.0042139368 0.0017987504)
(0.11055427 -0.0038553636 0.0016154216)
(0.1139475 -0.0037131573 0.0012694409)
(0.11754596 -0.003892786 0.00069289726)
(0.12134735 -0.0045019672 -0.00022585297)
(0.12530136 -0.0056842193 -0.0016358131)
(0.12939124 -0.0076475215 -0.0037173091)
(0.1336716 -0.010573284 -0.0067007206)
(0.13825346 -0.014600032 -0.01080514)
(0.14314192 -0.020223941 -0.015816934)
(0.14852205 -0.026565061 -0.020942487)
(0.15452701 -0.032200291 -0.024935444)
(0.16067079 -0.035290058 -0.02710762)
(0.16595673 -0.034909793 -0.028166574)
(0.16943588 -0.031814403 -0.029115417)
(0.17091993 -0.027726618 -0.030452908)
(0.17106132 -0.024234592 -0.032106061)
(0.17077781 -0.021785545 -0.033817283)
(0.17060122 -0.020124411 -0.035210351)
(0.17067304 -0.018976889 -0.035798759)
(0.1710529 -0.01832474 -0.035062009)
(0.17214829 -0.018363255 -0.0325057)
(0.17498682 -0.01892555 -0.02766686)
(0.18176373 -0.019360869 -0.019637967)
(0.19776023 -0.017861512 -0.0066396436)
(0.25338279 -0.0087601395 0.0098050872)
(0.10013484 -0.0028593787 0.0010861697)
(0.10029753 -0.0041662841 0.0016592566)
(0.10018411 -0.0046090961 0.0019027628)
(0.09989703 -0.0047672591 0.0020233792)
(0.099644973 -0.0048333982 0.0020830965)
(0.099546022 -0.0048900379 0.0020851894)
(0.099615217 -0.0050176689 0.0020298886)
(0.099830534 -0.0053035392 0.0019288572)
(0.10018157 -0.0058586197 0.0018084639)
(0.10067431 -0.0068889921 0.0016585429)
(0.10138814 -0.0086672119 0.0013554709)
(0.10250424 -0.011528102 0.00066725432)
(0.10426397 -0.015921083 -0.00043391251)
(0.10677458 -0.022401712 -0.0015427556)
(0.11033453 -0.030140113 -0.0017417841)
(0.11509601 -0.037214403 0.0011060847)
(0.12110238 -0.040647578 0.00799125)
(0.1278994 -0.03868338 0.016367584)
(0.13388912 -0.033323678 0.023881151)
(0.13795596 -0.027471689 0.029161164)
(0.14010583 -0.023049905 0.032113989)
(0.14115078 -0.019236707 0.034819285)
(0.14297754 -0.016606783 0.037402219)
(0.14576414 -0.015094982 0.040333354)
(0.14835129 -0.014964981 0.043160242)
(0.15024689 -0.016493389 0.045365192)
(0.15144221 -0.018956826 0.047393689)
(0.15272283 -0.022041731 0.049562669)
(0.15698394 -0.026111917 0.053308129)
(0.1797824 -0.031462979 0.060546736)
(0.098123277 -0.0015770476 0.0010615357)
(0.096852541 -0.002330353 0.001615843)
(0.09457688 -0.0025784397 0.001845725)
(0.091718744 -0.002651102 0.0019496689)
(0.088845112 -0.0026496849 0.0019893639)
(0.086146459 -0.0026046453 0.0019724192)
(0.083622813 -0.0025549423 0.0019068918)
(0.081243672 -0.0025502426 0.0018152077)
(0.078972624 -0.0026571693 0.0017400299)
(0.076740085 -0.0029919739 0.0017589584)
(0.07445873 -0.0037673724 0.0020024927)
(0.071972843 -0.0053390811 0.002692835)
(0.06890989 -0.0081108981 0.0040800466)
(0.064992322 -0.01190364 0.0067077226)
(0.06079592 -0.015001134 0.012666904)
(0.058312569 -0.014152558 0.025188044)
(0.060297698 -0.0071085628 0.045030949)
(0.065767273 0.0035709861 0.065898822)
(0.071798989 0.014844779 0.083345921)
(0.077507917 0.024566699 0.09615398)
(0.083883971 0.031879903 0.10462593)
(0.091517645 0.035395591 0.10845802)
(0.098593066 0.03589575 0.10980113)
(0.10454262 0.033918411 0.10947761)
(0.10906146 0.030268982 0.10787547)
(0.11193763 0.025873445 0.10509702)
(0.11393109 0.020372469 0.10023288)
(0.11516424 0.014649914 0.093939161)
(0.11748543 0.0091368273 0.086950661)
(0.14041333 0.0048441281 0.078356268)
(0.10521842 -0.0023647134 0.00033738205)
(0.11862298 -0.0024840971 0.0005501138)
(0.13074874 -0.0023591633 0.00062622259)
(0.14066806 -0.0019794546 0.00060718983)
(0.14936529 -0.0014205712 0.00052042162)
(0.15729732 -0.00086202627 0.0003702973)
(0.16448608 -0.00040958477 0.00012767766)
(0.17091613 -9.3078676e-05 -0.00022298207)
(0.17660034 6.588842e-05 -0.00069254978)
(0.18151943 3.4351603e-05 -0.0013030879)
(0.18560343 -0.00023826561 -0.0020820134)
(0.18870863 -0.00082915211 -0.0030435655)
(0.19016172 -0.0018596439 -0.0041584636)
(0.1894089 -0.0041199581 -0.0053859036)
(0.18770803 -0.0074002065 -0.0065068018)
(0.18646442 -0.011446411 -0.0073088687)
(0.18596373 -0.015605529 -0.0080334438)
(0.18544258 -0.019575096 -0.0093301586)
(0.18432255 -0.023212395 -0.011515083)
(0.18265463 -0.026483603 -0.014379487)
(0.180775 -0.029490348 -0.017464708)
(0.17909876 -0.032302813 -0.020349448)
(0.17796199 -0.034813908 -0.022695791)
(0.17743934 -0.036813542 -0.024236637)
(0.17736325 -0.038165164 -0.024779085)
(0.17753829 -0.038982403 -0.024189156)
(0.17810887 -0.039559508 -0.022428265)
(0.18003072 -0.039593889 -0.020200009)
(0.1851346 -0.035739707 -0.0203989)
(0.19283002 -0.018035232 -0.025137776)
(0.09988776 -0.0037168634 0.00034097608)
(0.10036178 -0.0045710776 0.00058258824)
(0.10194122 -0.0047442052 0.0006889271)
(0.10423494 -0.0044967084 0.00069483753)
(0.10699625 -0.0040268572 0.00061598201)
(0.11010892 -0.0035768177 0.0004387268)
(0.11346063 -0.0032827747 0.00013129555)
(0.11695485 -0.0031959025 -0.00034335894)
(0.1205295 -0.0033758362 -0.0010297366)
(0.12414715 -0.0039128135 -0.0020185201)
(0.12778665 -0.0049392004 -0.0034035111)
(0.13145831 -0.0066815029 -0.0052869762)
(0.13525374 -0.0095093095 -0.0077267749)
(0.13913664 -0.014508276 -0.010616982)
(0.14311025 -0.021380121 -0.013607613)
(0.14705946 -0.028520667 -0.016583854)
(0.15023838 -0.033681004 -0.020060866)
(0.15166648 -0.036889796 -0.024478333)
(0.15139093 -0.038585619 -0.02954644)
(0.14986196 -0.039321838 -0.03477103)
(0.14755714 -0.039816538 -0.039649959)
(0.14494395 -0.040598311 -0.043756434)
(0.14239273 -0.041658621 -0.046630386)
(0.13989527 -0.042664665 -0.047809594)
(0.13723291 -0.043396288 -0.046872989)
(0.13406375 -0.044291885 -0.043567002)
(0.1309367 -0.046403654 -0.03764526)
(0.13184402 -0.049810906 -0.030384958)
(0.14499945 -0.050012271 -0.030502081)
(0.19543032 -0.034446679 -0.047819829)
(0.1000217 -0.0028545579 0.0003464416)
(0.099969885 -0.0041554699 0.00059522211)
(0.099738653 -0.0045785596 0.00071734292)
(0.099453963 -0.0047051516 0.00074462937)
(0.099258058 -0.0047274055 0.00069058014)
(0.099223057 -0.004719894 0.00054153757)
(0.099343999 -0.0047439494 0.00026740687)
(0.099580384 -0.0048622459 -0.00017065865)
(0.099901004 -0.0051599026 -0.0008283014)
(0.10029859 -0.0057648083 -0.0017875944)
(0.10073071 -0.0068837305 -0.0031533728)
(0.10112837 -0.008895129 -0.0051054403)
(0.10147034 -0.012450698 -0.007837133)
(0.10179996 -0.018616625 -0.011418868)
(0.10203671 -0.027421109 -0.015466084)
(0.10176235 -0.035580324 -0.019618779)
(0.10055701 -0.038934926 -0.023301766)
(0.098228201 -0.039195418 -0.025486348)
(0.095624726 -0.037833613 -0.026874383)
(0.092389566 -0.03629285 -0.029760481)
(0.088291718 -0.035811655 -0.033704446)
(0.08354317 -0.036742109 -0.03699956)
(0.078921559 -0.038660522 -0.038213654)
(0.074845357 -0.040905105 -0.036279519)
(0.072019 -0.042929242 -0.029829964)
(0.06971217 -0.045237072 -0.019674632)
(0.06788566 -0.049173854 -0.0062418392)
(0.070222716 -0.055668779 0.0068850244)
(0.079148569 -0.06315319 0.0026722345)
(0.11236363 -0.057653784 -0.037813371)
(0.098012376 -0.0015723116 0.00033749919)
(0.096530804 -0.0023205378 0.00057536037)
(0.094139775 -0.0025602933 0.0006883594)
(0.091284169 -0.0026225115 0.00070776761)
(0.088466977 -0.0026077534 0.00064733501)
(0.085833656 -0.0025436436 0.00049399284)
(0.083366096 -0.0024639178 0.00021946377)
(0.081018157 -0.0024084056 -0.00021471049)
(0.078749694 -0.0024262385 -0.00086088633)
(0.076522517 -0.0025934764 -0.0017932897)
(0.074206727 -0.0030521698 -0.0031153914)
(0.071550883 -0.0040908191 -0.0050543837)
(0.068138818 -0.0063261077 -0.0080434812)
(0.063262284 -0.011103362 -0.012929824)
(0.055631944 -0.019068126 -0.020481368)
(0.04496339 -0.025189623 -0.028684024)
(0.034578348 -0.022286117 -0.027690566)
(0.035230139 -0.017041316 -0.0038721056)
(0.040670042 -0.0075670567 0.031892835)
(0.043616871 0.0034802264 0.059008091)
(0.047989476 0.012352527 0.075657299)
(0.053867489 0.017444861 0.084292892)
(0.059651778 0.019085207 0.088121645)
(0.064044445 0.017723705 0.088909117)
(0.065882947 0.013754388 0.087267767)
(0.064294503 0.007543481 0.083081729)
(0.059876558 -0.00087265996 0.076426786)
(0.054956346 -0.011454206 0.066901449)
(0.046589878 -0.02410657 0.040087897)
(0.06096643 -0.012740345 -0.034422334)
(0.10518633 -0.0023651649 0.0001707955)
(0.11850711 -0.0024800667 0.00029663929)
(0.13054231 -0.0023418692 0.00035639067)
(0.14039079 -0.0019340724 0.00035309875)
(0.14904331 -0.0013224072 0.00029355259)
(0.15696938 -0.00067335733 0.00017976851)
(0.16421901 -8.1633629e-05 1.4356063e-05)
(0.17079899 0.00043542554 -0.00019926391)
(0.17676392 0.00088911479 -0.00046485248)
(0.18218522 0.0012909939 -0.00077724344)
(0.18714075 0.0016432425 -0.0011061783)
(0.19171919 0.0019237279 -0.0013634052)
(0.19551308 0.0020448454 -0.0013388062)
(0.19831158 0.0012402996 -0.00072916126)
(0.20163053 0.00035781346 0.0010784075)
(0.2063673 0.00035203122 0.0044804288)
(0.21134032 0.0011609307 0.0088311859)
(0.21513943 0.0017792834 0.013288262)
(0.21757832 0.0016671833 0.017488309)
(0.21913928 0.00085812384 0.021382615)
(0.22027309 -0.00056222557 0.025074051)
(0.22120506 -0.0024982801 0.028726763)
(0.22194758 -0.0047683196 0.032510871)
(0.22229893 -0.0071785247 0.036491698)
(0.22202819 -0.0095773821 0.040458079)
(0.22114636 -0.011400869 0.043939591)
(0.21966845 -0.01120019 0.046113681)
(0.21668991 -0.0069497086 0.045713087)
(0.20696332 0.0041400022 0.038889526)
(0.1386367 0.034500597 0.019381981)
(0.099858446 -0.003717113 0.0001801983)
(0.1002348 -0.0045653671 0.00032735899)
(0.10168667 -0.0047189076 0.00040586455)
(0.10385868 -0.0044298274 0.000411347)
(0.10650415 -0.0038834679 0.00034661911)
(0.10949286 -0.0033040212 0.00020677232)
(0.11270487 -0.0028093771 -2.0153604e-05)
(0.11604809 -0.0024265096 -0.00035728242)
(0.11947012 -0.0021641646 -0.0008353007)
(0.12296151 -0.0020598127 -0.0014874282)
(0.12657349 -0.0022162243 -0.0023366179)
(0.13047742 -0.0028666003 -0.0033504138)
(0.13505891 -0.0044948832 -0.0043485184)
(0.14071285 -0.0082909749 -0.0048527439)
(0.14759216 -0.012359532 -0.0041219326)
(0.1549146 -0.013312431 -0.0025924078)
(0.16079537 -0.011271214 -0.0018138153)
(0.16380364 -0.009649241 -0.002786741)
(0.16450799 -0.00983738 -0.0055891254)
(0.16404498 -0.011397152 -0.0097148355)
(0.16293695 -0.013744547 -0.014431612)
(0.16141207 -0.016504733 -0.018765794)
(0.15947535 -0.019291526 -0.021706624)
(0.15683845 -0.021783237 -0.022552715)
(0.15333651 -0.02394219 -0.021196072)
(0.14939744 -0.0254192 -0.018075763)
(0.14732284 -0.023779743 -0.016666255)
(0.15135297 -0.013760242 -0.021815412)
(0.16565855 0.010424216 -0.033260502)
(0.16777402 0.052649887 -0.048588972)
(0.099993506 -0.002851532 0.00018207382)
(0.099847454 -0.0041494556 0.00033068706)
(0.099487851 -0.0045638055 0.00041378696)
(0.099072252 -0.0046725831 0.00042432349)
(0.098742106 -0.0046639842 0.0003611458)
(0.098551889 -0.0046051023 0.00021482114)
(0.098484417 -0.0045442228 -3.2722969e-05)
(0.098495198 -0.0045260011 -0.00041284375)
(0.098534489 -0.0046094037 -0.00096823524)
(0.09855745 -0.0049036703 -0.0017624699)
(0.098531544 -0.0056360644 -0.0028828309)
(0.098490064 -0.0072894463 -0.0043862952)
(0.09872238 -0.01084786 -0.006201844)
(0.099788993 -0.017831911 -0.0078151549)
(0.10127652 -0.02549629 -0.007954854)
(0.10210882 -0.027169433 -0.0064897225)
(0.1015429 -0.022440622 -0.0051284625)
(0.095224766 -0.018064262 -0.0068357373)
(0.086049243 -0.016692751 -0.011600536)
(0.078514351 -0.018019774 -0.017303916)
(0.072102144 -0.021204781 -0.022735138)
(0.065411883 -0.025264791 -0.026214496)
(0.057989047 -0.029475589 -0.026009619)
(0.050252099 -0.033190938 -0.021232786)
(0.042034074 -0.036837531 -0.011134956)
(0.03406673 -0.040233495 0.00091893881)
(0.030376652 -0.041110694 -0.00062751113)
(0.042051391 -0.029005456 -0.0207796)
(0.069399946 0.00034678642 -0.04610385)
(0.084802005 0.050056646 -0.072295661)
(0.097984688 -0.0015739558 0.00017738541)
(0.096411308 -0.0023242685 0.00031960603)
(0.093894663 -0.0025637872 0.0003961649)
(0.090909169 -0.002622188 0.00039978632)
(0.087956317 -0.0025986918 0.00032866032)
(0.0851624 -0.0025185005 0.00017244533)
(0.082488872 -0.0024104218 -9.0460125e-05)
(0.079874943 -0.0023117588 -0.00049838499)
(0.077241688 -0.0022668173 -0.001108878)
(0.074459905 -0.0023507662 -0.0020219468)
(0.071294879 -0.0027291864 -0.0034190634)
(0.067309253 -0.003811548 -0.0055994406)
(0.061618842 -0.0067006456 -0.0091816431)
(0.052843635 -0.013991165 -0.015436143)
(0.036425606 -0.022023995 -0.024968252)
(0.013252896 -0.018341463 -0.031740386)
(-0.012379162 -0.0016856048 -0.030198401)
(-0.022914165 0.00047093402 -0.021616447)
(-0.018645945 -0.0033753929 -0.0016842619)
(-0.0089772532 -0.0022035754 0.024289201)
(-0.00091598168 0.00095879239 0.040693723)
(0.0079039747 0.0026553207 0.048698966)
(0.013711718 0.0019912108 0.051978172)
(0.016289073 -0.00057518352 0.053080788)
(0.014642804 -0.0053737028 0.052676689)
(0.0070723843 -0.013241588 0.047265161)
(-0.0086206315 -0.021847329 0.024740943)
(-0.019547808 -0.014324318 -0.012612733)
(0.0015600246 0.024795414 -0.061722184)
(0.076584231 0.064912962 -0.084596707)
(0.10516587 -0.0023680725 2.1497774e-05)
(0.11843735 -0.0024861205 2.3999916e-05)
(0.130415 -0.0023498586 9.1175943e-07)
(0.14021028 -0.0019420647 -4.746568e-05)
(0.14881665 -0.0013279397 -0.0001195884)
(0.15670126 -0.00067514727 -0.00021586669)
(0.16390756 -7.7201789e-05 -0.0003395848)
(0.17043376 0.00044516814 -0.00049857287)
(0.17633181 0.00089777024 -0.00070420142)
(0.18167858 0.0012827904 -0.00096739867)
(0.1865721 0.0015826801 -0.0012875621)
(0.19115152 0.0017403536 -0.0016212509)
(0.19502291 0.0016265534 -0.0018091662)
(0.19817376 0.00047011849 -0.0015229246)
(0.20269801 0.00013819082 -0.00037905301)
(0.20875356 0.0010902188 0.0012439614)
(0.21464171 0.0023965685 0.0027188788)
(0.21942249 0.0036935203 0.0040219728)
(0.22336931 0.0050495618 0.0054527282)
(0.22734598 0.0064633626 0.0073382683)
(0.23207461 0.0077803217 0.0099716621)
(0.23791528 0.0090903286 0.013647935)
(0.24459705 0.010742949 0.018569161)
(0.25108186 0.013041426 0.024627153)
(0.2557977 0.015802832 0.031261511)
(0.2568953 0.019255597 0.037449265)
(0.25204581 0.024084592 0.041649344)
(0.23786332 0.031662063 0.041834247)
(0.2111732 0.044701926 0.035213979)
(0.10806212 0.073337586 0.019917201)
(0.099839919 -0.0037200773 3.0371121e-05)
(0.1001617 -0.0045715072 4.5689128e-05)
(0.1015394 -0.0047258609 3.4344448e-05)
(0.10363494 -0.0044340211 -7.1138661e-06)
(0.10620364 -0.0038806916 -7.9312329e-05)
(0.109113 -0.0032910957 -0.00018554955)
(0.11223206 -0.002781588 -0.00033185182)
(0.11545232 -0.0023842068 -0.00053183941)
(0.11871949 -0.00211737 -0.00080376925)
(0.12203479 -0.0020419128 -0.0011609457)
(0.12549321 -0.0023163345 -0.0016018417)
(0.12938865 -0.0032879408 -0.002053764)
(0.1343654 -0.0055912362 -0.0022523199)
(0.14102586 -0.010047172 -0.0015501581)
(0.14940081 -0.011080723 0.0003819524)
(0.15769255 -0.0076026861 0.0019873366)
(0.16377816 -0.0036693669 0.0022518868)
(0.16832642 -0.001040188 0.0016509077)
(0.17228702 6.5915359e-05 0.00075512574)
(0.17594374 0.00013258158 -0.00034545455)
(0.1793764 -0.00018814537 -0.0016333057)
(0.18324048 -0.00013637851 -0.0027040491)
(0.18847435 0.0013343774 -0.0027985822)
(0.19619309 0.0055845315 -0.0011844875)
(0.20786967 0.014170053 0.00197038)
(0.21784384 0.026362067 0.0055403559)
(0.22305596 0.041373199 0.0079826199)
(0.21915766 0.060200916 0.0070292969)
(0.2045789 0.085511207 1.360029e-05)
(0.13282173 0.12384057 -0.015083674)
(0.099974874 -0.0028518196 3.059569e-05)
(0.099774418 -0.0041510939 4.6031397e-05)
(0.099338045 -0.0045655468 3.5238343e-05)
(0.098837589 -0.0046722866 -6.5844238e-06)
(0.098415258 -0.0046593122 -8.2491434e-05)
(0.09812223 -0.0045927779 -0.00019913559)
(0.097924321 -0.0045229245 -0.00036743452)
(0.097749966 -0.0044969326 -0.00061106178)
(0.097529414 -0.0045843659 -0.00096476821)
(0.097194981 -0.0049287571 -0.0014758968)
(0.096705117 -0.0058509717 -0.0022066574)
(0.096170796 -0.0080721994 -0.0031882455)
(0.096255032 -0.013090837 -0.004245187)
(0.097329146 -0.022498408 -0.0043788391)
(0.099050839 -0.024969524 -0.0018346452)
(0.10288816 -0.019032395 0.0010633938)
(0.10088985 -0.012917311 0.00016170453)
(0.096303891 -0.0078614092 -0.0029617252)
(0.089715956 -0.0046819588 -0.0072042279)
(0.081583582 -0.0050157992 -0.012619895)
(0.071952316 -0.0085953209 -0.018006552)
(0.060868988 -0.013482656 -0.02118342)
(0.050112318 -0.017538554 -0.020270868)
(0.043182911 -0.019100707 -0.014477477)
(0.043300347 -0.016428003 -0.0070201306)
(0.066547626 -0.0043759443 -0.003922477)
(0.10033736 0.017872891 -0.0062208998)
(0.12056808 0.046101715 -0.011983446)
(0.13071282 0.082841154 -0.023005931)
(0.092353574 0.13400332 -0.037651062)
(0.097966084 -0.0015739527 2.9626971e-05)
(0.096338485 -0.0023244131 4.3654089e-05)
(0.093744553 -0.0025635196 3.1088269e-05)
(0.090671541 -0.0026208063 -1.3364253e-05)
(0.087621646 -0.0025955446 -9.3832131e-05)
(0.084713094 -0.0025121364 -0.00021885017)
(0.081885077 -0.0024020307 -0.00040512622)
(0.079037737 -0.0023031641 -0.00068620269)
(0.076042154 -0.0022676345 -0.0011194278)
(0.072679951 -0.0023962613 -0.0018120376)
(0.068537983 -0.0029339747 -0.0029745772)
(0.062769375 -0.0045483082 -0.0050261698)
(0.053560018 -0.0092083238 -0.0088228736)
(0.038425152 -0.020583838 -0.015240927)
(0.0036928221 -0.018291577 -0.02283423)
(-0.032387619 0.0021951198 -0.01931989)
(-0.051241242 0.0060103922 -0.016274574)
(-0.065292463 0.0063792958 -0.0142267)
(-0.070170952 0.0037669697 -0.008874571)
(-0.064572021 -0.00083530419 0.00063608168)
(-0.054739616 -0.0046460251 0.010761587)
(-0.045369666 -0.0077356595 0.017593565)
(-0.038380668 -0.011208763 0.021857667)
(-0.033962705 -0.015684025 0.023893498)
(-0.031343508 -0.020736897 0.023322775)
(-0.029964683 -0.020766472 0.017814584)
(-0.028032434 -0.0050775051 0.0027875412)
(0.00061327474 0.034639243 -0.019717303)
(0.034027932 0.075511637 -0.041541252)
(0.095426626 0.12511479 -0.054527618)
(0.10516157 -0.0023675429 -8.8205022e-05)
(0.11842377 -0.0024865497 -0.0001714034)
(0.13039097 -0.0023513738 -0.00024118937)
(0.14017407 -0.0019448233 -0.00029789675)
(0.14876409 -0.001332196 -0.00034528499)
(0.15662423 -0.00068111803 -0.00038699195)
(0.16379381 -8.7775332e-05 -0.00042568742)
(0.1702651 0.00042481434 -0.00046145385)
(0.1760809 0.00085725837 -0.00049123523)
(0.18131395 0.0012049749 -0.00051269204)
(0.18608013 0.0014286158 -0.00053317046)
(0.19060806 0.0014337692 -0.00055546606)
(0.19479262 0.0011012921 -0.00058619704)
(0.19901856 0.00017184103 -0.00056905249)
(0.20480667 0.00062565617 -0.00057012955)
(0.21134373 0.0018282499 -0.00074824566)
(0.21709898 0.0031457157 -0.0010659648)
(0.22179522 0.0047173968 -0.0015608034)
(0.22610365 0.0066843575 -0.0023397792)
(0.23069174 0.0089343454 -0.0035048018)
(0.23607741 0.011271979 -0.0051790952)
(0.24240986 0.013691498 -0.0075198837)
(0.24912382 0.016420532 -0.010702592)
(0.25490572 0.019642515 -0.014862233)
(0.25822738 0.023175472 -0.019867044)
(0.25755239 0.027158624 -0.025010089)
(0.25078646 0.032276311 -0.028900585)
(0.23449129 0.039783379 -0.029725397)
(0.20540792 0.051928844 -0.02466063)
(0.097703057 0.078760125 -0.012021938)
(0.099839382 -0.003719528 -7.6443339e-05)
(0.10015856 -0.0045722343 -0.00014809089)
(0.10153058 -0.0047282685 -0.00020287381)
(0.10361669 -0.0044385632 -0.00024021799)
(0.10617046 -0.0038882084 -0.00026281267)
(0.1090535 -0.0033032472 -0.00027158149)
(0.11213134 -0.0028048679 -0.00026622426)
(0.11529187 -0.0024314275 -0.0002407253)
(0.11847731 -0.0022148655 -0.00018845088)
(0.12169021 -0.0022464085 -0.00010368883)
(0.12506187 -0.0027584112 2.6735226e-05)
(0.12904244 -0.0042350212 0.00021418481)
(0.13466404 -0.0073210342 0.00045647667)
(0.14240239 -0.01063886 0.00072760371)
(0.15190435 -0.0078447794 0.00084607576)
(0.159919 -0.0034449625 0.0010426734)
(0.16633775 -0.00013866694 0.0014446776)
(0.17231982 0.0019949045 0.0019684903)
(0.17815141 0.003351806 0.0025776879)
(0.18417852 0.0041933271 0.0032904959)
(0.19104979 0.0052928465 0.0041475794)
(0.19900606 0.0077827699 0.0049682861)
(0.20890299 0.013111768 0.0051909047)
(0.21912282 0.021515356 0.0042465113)
(0.22818772 0.03215288 0.0020931916)
(0.23458862 0.044323782 -0.00075532376)
(0.23538078 0.058570165 -0.0028415438)
(0.22586705 0.076140125 -0.0025405883)
(0.20470721 0.098873755 0.0021375874)
(0.11983965 0.13385912 0.013853872)
(0.099974352 -0.0028519341 -7.5829151e-05)
(0.099771597 -0.0041518108 -0.00014617209)
(0.099329955 -0.0045673325 -0.00019999653)
(0.098819716 -0.0046757181 -0.00023585062)
(0.098379869 -0.004665601 -0.0002553129)
(0.098052644 -0.0046051153 -0.00025814688)
(0.097795744 -0.0045477109 -0.00024292338)
(0.097526605 -0.0045495232 -0.0002017206)
(0.097151197 -0.0046982226 -0.00012602903)
(0.096559422 -0.0051936886 -4.2215853e-06)
(0.095679629 -0.0064965612 0.00018695553)
(0.094774805 -0.0096726488 0.00047764501)
(0.095320449 -0.016785814 0.0009202857)
(0.096088143 -0.025536239 0.0018185597)
(0.10262776 -0.019939052 0.0021844564)
(0.10408027 -0.013203108 0.0021768668)
(0.10229089 -0.0073824239 0.002241739)
(0.096497842 -0.002349585 0.0025800862)
(0.089620409 0.0005610556 0.0036801155)
(0.081985143 0.00026172901 0.0060847597)
(0.071365642 -0.0030500638 0.0095031571)
(0.060172638 -0.0069151457 0.013278086)
(0.051295181 -0.007899799 0.016020572)
(0.057565237 -0.0036235175 0.015213551)
(0.07699256 0.0055623803 0.010802874)
(0.1079012 0.02173759 0.0064474296)
(0.13098385 0.042073275 0.004959397)
(0.1419977 0.066981196 0.0082908983)
(0.14207004 0.099674867 0.016063176)
(0.084174304 0.1484139 0.028333369)
(0.097965491 -0.0015740862 -7.3708659e-05)
(0.096335301 -0.0023247965 -0.00014111802)
(0.093735512 -0.0025643807 -0.00019185156)
(0.090651387 -0.0026224264 -0.00022434835)
(0.087580219 -0.002598485 -0.00023998894)
(0.084629434 -0.0025181216 -0.00023863025)
(0.081724287 -0.0024138814 -0.0002176842)
(0.078741756 -0.0023289775 -0.00016859799)
(0.075490605 -0.002326321 -8.3183777e-05)
(0.071606051 -0.0025468188 5.6207961e-05)
(0.066353643 -0.0033559049 0.00028494023)
(0.058187117 -0.0058440316 0.0006720829)
(0.044878554 -0.013194339 0.0014513901)
(0.018315046 -0.024412751 0.0045657451)
(-0.033396565 0.0017656849 0.010688672)
(-0.051320735 0.0076066791 0.0092114887)
(-0.069230502 0.0087621747 0.0066217742)
(-0.078530476 0.006709822 0.002810927)
(-0.083197866 0.0024175144 -0.0012903493)
(-0.080487055 -0.0027359923 -0.0050365426)
(-0.071897849 -0.0077504022 -0.0064656977)
(-0.06285712 -0.012343325 -0.0063243221)
(-0.054802783 -0.016922182 -0.0063457783)
(-0.047164002 -0.020966837 -0.007309327)
(-0.038116582 -0.021752692 -0.0091466112)
(-0.028552669 -0.014423901 -0.0090747218)
(-0.0044545197 0.015682456 -0.0038303986)
(0.015235626 0.050009303 0.0064536056)
(0.041537393 0.086843098 0.024944968)
(0.094289678 0.13685475 0.038549007)
(0.10517303 -0.0023639061 -0.00022961767)
(0.11846532 -0.0024820932 -0.00042692511)
(0.13046898 -0.0023477933 -0.00056859913)
(0.14028257 -0.00194451 -0.00065711436)
(0.14889381 -0.0013382316 -0.00070048551)
(0.15676963 -0.00069591002 -0.00070194969)
(0.16395649 -0.00011155557 -0.00066118671)
(0.1704596 0.00039658056 -0.00059040376)
(0.17633118 0.00083165583 -0.00049063221)
(0.18162659 0.0011894045 -0.00036662936)
(0.1864313 0.0014651516 -0.00024036253)
(0.19087684 0.0016098576 -0.00021198777)
(0.19466515 0.0015039036 -0.00054341779)
(0.19781943 0.00047004383 -0.0016708417)
(0.20195796 -2.9838416e-05 -0.0041707557)
(0.20727745 0.00078282376 -0.0078221724)
(0.21215344 0.0019032369 -0.011985894)
(0.21553994 0.002475932 -0.016282964)
(0.21763922 0.0022572508 -0.020603594)
(0.21902425 0.0012273407 -0.024928484)
(0.22013506 -0.00047952132 -0.029252492)
(0.2212159 -0.0025622834 -0.033623207)
(0.22221155 -0.0046742589 -0.038158988)
(0.22276017 -0.0066844964 -0.042822177)
(0.22258423 -0.0085965152 -0.047178676)
(0.2217855 -0.0098723145 -0.050522409)
(0.22040587 -0.0089349177 -0.052124615)
(0.21705354 -0.0043543353 -0.051003263)
(0.20513517 0.0066322412 -0.042041872)
(0.13290316 0.036390587 -0.020921109)
(0.099856564 -0.0037158659 -0.00022034189)
(0.10022461 -0.0045684413 -0.00041638779)
(0.10165941 -0.0047276499 -0.00055166965)
(0.10380549 -0.0044453886 -0.00062374671)
(0.10641581 -0.0039074241 -0.00063697679)
(0.10936146 -0.0033388835 -0.00058722562)
(0.11252033 -0.0028580577 -0.00046137069)
(0.115791 -0.0024962884 -0.00023960785)
(0.11911499 -0.0022785022 0.00010865776)
(0.12249598 -0.0022745141 0.00061914375)
(0.12602554 -0.0026289127 0.0013177603)
(0.12995692 -0.0036741367 0.0021569346)
(0.13483827 -0.006014926 0.0028733476)
(0.14119185 -0.010434954 0.0027544324)
(0.14902515 -0.012655328 0.0013282986)
(0.15692278 -0.010186761 -5.0702517e-05)
(0.16232108 -0.0070401366 -0.00016113938)
(0.16508561 -0.0055768159 0.0012153586)
(0.1659404 -0.0062298843 0.0038753343)
(0.16546268 -0.0084049901 0.0075144666)
(0.16417301 -0.011376136 0.01162097)
(0.16252479 -0.014394042 0.015365316)
(0.16072555 -0.01667649 0.01784294)
(0.15847025 -0.018050465 0.01843001)
(0.15544969 -0.01916295 0.017265185)
(0.15221596 -0.020121614 0.015341954)
(0.15219513 -0.016832736 0.016504835)
(0.15751269 -0.0039833805 0.023232529)
(0.16739325 0.021331102 0.034540671)
(0.15664722 0.063816472 0.050672905)
(0.09999165 -0.0028520091 -0.00022141916)
(0.099838272 -0.0041519598 -0.00041758043)
(0.099463416 -0.0045695945 -0.00055582471)
(0.09902281 -0.0046827225 -0.00063112816)
(0.098656099 -0.004679776 -0.00064438177)
(0.098417887 -0.0046283317 -0.00058739421)
(0.098284214 -0.0045797347 -0.00044076331)
(0.098192555 -0.0045844282 -0.00017353407)
(0.098074543 -0.0047188743 0.0002600402)
(0.097877543 -0.0051261832 0.0009286508)
(0.097570412 -0.0061213263 0.0019396879)
(0.097234477 -0.0083908257 0.0033671427)
(0.09740395 -0.013307159 0.0050360939)
(0.098464355 -0.02211276 0.0058066896)
(0.099793291 -0.026885331 0.0042540135)
(0.1029111 -0.021893279 0.0015971588)
(0.099810775 -0.016278117 0.0014077144)
(0.092583992 -0.012576124 0.0045631476)
(0.083174034 -0.012443962 0.010341771)
(0.073678548 -0.01542999 0.016994112)
(0.064296158 -0.020051813 0.022443562)
(0.055312958 -0.024810463 0.025046889)
(0.047180707 -0.028252087 0.023941476)
(0.040856725 -0.03066712 0.018720626)
(0.035848145 -0.033927228 0.010344601)
(0.03288144 -0.03908531 0.004361614)
(0.03626459 -0.0364316 0.015957818)
(0.052182618 -0.019324896 0.034585937)
(0.0793618 0.013958778 0.054756974)
(0.081396937 0.06702632 0.077662731)
(0.097982563 -0.0015743572 -0.00021563241)
(0.096400996 -0.0023254598 -0.00040398322)
(0.093867785 -0.0025664121 -0.00053430176)
(0.090855366 -0.0026269196 -0.00060143789)
(0.087863027 -0.0026063093 -0.00060572632)
(0.085014406 -0.0025298376 -0.0005378886)
(0.08226096 -0.0024285873 -0.00037512386)
(0.079511248 -0.0023419821 -7.7784101e-05)
(0.076647694 -0.002326297 0.0004200114)
(0.073485043 -0.0024801047 0.0012435407)
(0.069656551 -0.0030420571 0.0026482395)
(0.06440681 -0.0046429885 0.0051019771)
(0.056271636 -0.0090678366 0.0095091369)
(0.042607123 -0.019344287 0.016887666)
(0.016708182 -0.021591489 0.026496659)
(-0.013684201 -0.0013271182 0.027184757)
(-0.030014392 0.0036339169 0.020570125)
(-0.039274439 0.0027248722 0.010881198)
(-0.032006274 -0.00049315418 -0.006767235)
(-0.023825954 -0.00064280881 -0.024243188)
(-0.014118433 -0.0002643511 -0.034633943)
(-0.0050930765 -0.00081622712 -0.039781272)
(0.0024161044 -0.0025296399 -0.042002982)
(0.0062129464 -0.0060271763 -0.04192817)
(0.0064019643 -0.011565117 -0.04065219)
(-0.0022483752 -0.021719728 -0.029690728)
(-0.022916369 -0.024139383 0.005369498)
(-0.027033894 -0.0031938857 0.04057599)
(0.0018567977 0.031457529 0.067106985)
(0.084438162 0.077164489 0.085445496)
(0.10519814 -0.002362697 -0.00038388518)
(0.11855977 -0.002486844 -0.00065229236)
(0.13063898 -0.0023676423 -0.00079119535)
(0.14050728 -0.0019946148 -0.00084127899)
(0.14914498 -0.0014427438 -0.00082979811)
(0.15701138 -0.00089114956 -0.00076232032)
(0.16411047 -0.00045125135 -0.00062101267)
(0.17041288 -0.00014765723 -0.00037761364)
(0.17594157 6.6042969e-07 -1.9419001e-05)
(0.18069586 -4.1635439e-05 0.00047168649)
(0.18460868 -0.00034576688 0.0011285853)
(0.18755288 -0.0010128238 0.0019576082)
(0.18894935 -0.0022099202 0.002897682)
(0.18846406 -0.0047809596 0.003817914)
(0.1875748 -0.0083102955 0.0043498759)
(0.18731488 -0.012061804 0.0043425857)
(0.18708823 -0.01564086 0.0044083033)
(0.18610015 -0.019136923 0.0053502779)
(0.1842498 -0.022575988 0.0074106373)
(0.18189467 -0.025950033 0.010275851)
(0.17955143 -0.029222084 0.013404991)
(0.17769897 -0.032244176 0.016248987)
(0.17654193 -0.034770657 0.018358274)
(0.17594169 -0.036634774 0.019524735)
(0.17562621 -0.037836186 0.019793884)
(0.17552717 -0.038566828 0.01920314)
(0.17596067 -0.039027225 0.017776612)
(0.17784672 -0.038596181 0.016517324)
(0.18245368 -0.033342777 0.018214728)
(0.18434576 -0.013356305 0.023823345)
(0.099885651 -0.0037147519 -0.00037300906)
(0.10034902 -0.0045751682 -0.0006529713)
(0.10190535 -0.0047564575 -0.00080299757)
(0.10416371 -0.0045186121 -0.00085926993)
(0.1068775 -0.0040593375 -0.00083823079)
(0.10992925 -0.0036207858 -0.00072685595)
(0.11319941 -0.0033459902 -0.00049590225)
(0.11658847 -0.0032819138 -0.00010560482)
(0.12004078 -0.0034883454 0.00049626167)
(0.12352837 -0.0040759138 0.0013948701)
(0.12705154 -0.0052232316 0.0026830571)
(0.13067537 -0.0072207716 0.0044393026)
(0.1346006 -0.010557323 0.0066544775)
(0.13892663 -0.016351953 0.0090728278)
(0.14353859 -0.023406221 0.011206821)
(0.14780673 -0.028812541 0.013325733)
(0.15024246 -0.032047244 0.016752102)
(0.15035059 -0.034250503 0.021736236)
(0.14882563 -0.035846545 0.027623012)
(0.14635643 -0.037137648 0.033625698)
(0.14345712 -0.03842773 0.038949585)
(0.14050765 -0.039782269 0.042972261)
(0.13766555 -0.040920001 0.045311019)
(0.13483242 -0.04162066 0.045930511)
(0.13177367 -0.042034849 0.044989269)
(0.12860835 -0.043006575 0.042126074)
(0.12645129 -0.045361302 0.03708852)
(0.12973855 -0.048111941 0.032335432)
(0.14559642 -0.044916346 0.037221839)
(0.19442262 -0.023387266 0.056926046)
(0.1000197 -0.0028550285 -0.00037776434)
(0.099959031 -0.0041586934 -0.00066382319)
(0.099708186 -0.0045861794 -0.00082837422)
(0.09939081 -0.0047183046 -0.00090458221)
(0.099146986 -0.0047473515 -0.0009070138)
(0.099045324 -0.004748671 -0.0008227388)
(0.099073354 -0.0047856958 -0.00062370181)
(0.099183446 -0.0049240308 -0.00026803501)
(0.099334341 -0.0052570737 0.00030929653)
(0.099511353 -0.0059405239 0.0012084786)
(0.099685993 -0.0072343407 0.0025471893)
(0.09981203 -0.0096267143 0.0044930817)
(0.099971995 -0.013993546 0.0071952493)
(0.10038991 -0.021567053 0.010501346)
(0.10054113 -0.030629787 0.013705651)
(0.099761286 -0.034882414 0.016553664)
(0.096467583 -0.034730422 0.020566992)
(0.091902761 -0.033742832 0.023892622)
(0.087572219 -0.032798124 0.027295481)
(0.083082735 -0.032706827 0.032015005)
(0.078000226 -0.033869028 0.036638449)
(0.072552046 -0.035953683 0.0394111)
(0.067434092 -0.038149002 0.039644611)
(0.063329584 -0.040069547 0.037376061)
(0.060012782 -0.042182611 0.032545346)
(0.058844642 -0.045391204 0.023551281)
(0.059824148 -0.050340366 0.011612057)
(0.067502354 -0.056645526 0.0024411644)
(0.081005762 -0.059653338 0.014710216)
(0.11855294 -0.047228807 0.054793336)
(0.098009994 -0.0015727934 -0.00036786559)
(0.096518487 -0.0023220539 -0.00064182453)
(0.094106372 -0.0025636571 -0.00079604538)
(0.091215924 -0.002628463 -0.00086315141)
(0.088346961 -0.0026170983 -0.00085805647)
(0.085639516 -0.0025574536 -0.00076856345)
(0.083063925 -0.0024843064 -0.00056678653)
(0.080563393 -0.002440665 -0.00020942448)
(0.078077308 -0.0024803169 0.00037546929)
(0.075532796 -0.0026925983 0.0012986557)
(0.072759846 -0.0032587513 0.0027230991)
(0.069393024 -0.0045766279 0.00497672)
(0.064773815 -0.0075805576 0.0087506182)
(0.057762143 -0.014260223 0.015304977)
(0.045883336 -0.022712371 0.025377014)
(0.029971591 -0.021063203 0.03357204)
(0.018676871 -0.015396738 0.029729438)
(0.023008418 -0.011015941 -0.0007157837)
(0.027275435 -0.0019697873 -0.036314668)
(0.031362069 0.0071050383 -0.058998448)
(0.037847218 0.01358736 -0.071816192)
(0.045340272 0.01674498 -0.07803367)
(0.05222937 0.017112509 -0.080292896)
(0.057533988 0.015265576 -0.079904703)
(0.060237913 0.011291899 -0.07726027)
(0.05977515 0.0047695855 -0.072156419)
(0.057586361 -0.004087314 -0.064938325)
(0.057739898 -0.014986265 -0.054983527)
(0.050521666 -0.02285889 -0.022448296)
(0.071802905 -0.0070195434 0.043421379)
(0.10531589 -0.0023416687 -0.0010367457)
(0.11886586 -0.0024684254 -0.001465412)
(0.13102857 -0.0023758177 -0.0015013994)
(0.14086841 -0.0020517047 -0.0013174438)
(0.14942231 -0.0015605126 -0.00093614021)
(0.15721724 -0.0010697694 -0.00032022892)
(0.16430654 -0.00070526864 0.00058198915)
(0.17061819 -0.00054475297 0.001905338)
(0.17610656 -0.00064505971 0.0038916295)
(0.18075514 -0.0010744656 0.0068114766)
(0.18451968 -0.0019434434 0.010988211)
(0.18731449 -0.0033752497 0.016727559)
(0.1886669 -0.0054690616 0.02412425)
(0.18835483 -0.0088028109 0.032738792)
(0.18777564 -0.012834488 0.04154459)
(0.18819069 -0.016830827 0.049288067)
(0.18956413 -0.019841314 0.055361799)
(0.19099618 -0.021401288 0.059901181)
(0.19165918 -0.021825762 0.063239189)
(0.19136605 -0.021809965 0.065579974)
(0.19053982 -0.021878228 0.067012425)
(0.18981732 -0.022109917 0.067574112)
(0.18964713 -0.022392512 0.067283766)
(0.19016633 -0.022613543 0.06617898)
(0.19133028 -0.022701724 0.064316529)
(0.19307096 -0.022505255 0.061682732)
(0.19525613 -0.021569283 0.05805197)
(0.19755714 -0.018642514 0.052971126)
(0.1993258 -0.010159235 0.045891139)
(0.18879764 0.013549551 0.036459877)
(0.10000275 -0.0037015438 -0.0010858971)
(0.10068976 -0.004575323 -0.0016572829)
(0.10236673 -0.0047993741 -0.0018830399)
(0.10462527 -0.004631388 -0.0019622353)
(0.10729787 -0.0042588933 -0.0019397816)
(0.11032686 -0.0039167907 -0.0017974624)
(0.11362832 -0.0037754888 -0.0014979122)
(0.11712605 -0.0039545305 -0.00097142802)
(0.12080822 -0.004564097 -0.00010748366)
(0.12464493 -0.0057507071 0.0012517663)
(0.12863124 -0.0077347262 0.0032787885)
(0.13283387 -0.01074694 0.0061784458)
(0.13739624 -0.015002181 0.010122798)
(0.14233855 -0.021114415 0.014822685)
(0.1477855 -0.02815234 0.019302523)
(0.15366059 -0.034214879 0.022348269)
(0.15931055 -0.037217651 0.023778971)
(0.16368902 -0.036547858 0.024605074)
(0.16609405 -0.03335887 0.025732269)
(0.16664661 -0.029513218 0.027408058)
(0.16617428 -0.026383966 0.029319557)
(0.16554777 -0.024194615 0.030999659)
(0.16515804 -0.022625034 0.032014166)
(0.1650647 -0.02144477 0.032045545)
(0.16538383 -0.020788678 0.030868359)
(0.16654588 -0.020773423 0.028211418)
(0.16953867 -0.021233336 0.023588365)
(0.17660334 -0.021349704 0.016184263)
(0.19324063 -0.019167337 0.0046366404)
(0.25077764 -0.0086586896 -0.0092841959)
(0.10013268 -0.0028599057 -0.0011061324)
(0.10028471 -0.0041703118 -0.0017029125)
(0.10014654 -0.0046187237 -0.0019731732)
(0.099818093 -0.0047837293 -0.0021238421)
(0.09950651 -0.0048576416 -0.002216878)
(0.099327746 -0.0049223412 -0.0022547175)
(0.099295825 -0.0050565714 -0.002234905)
(0.099389823 -0.0053499882 -0.0021612377)
(0.099602459 -0.0059165656 -0.0020522545)
(0.099938476 -0.0069541869 -0.0018924588)
(0.10046518 -0.0087614511 -0.0015646401)
(0.1013693 -0.011729203 -0.0008301377)
(0.10292123 -0.016403526 0.00039027454)
(0.10521555 -0.023513539 0.0016362285)
(0.10844002 -0.032082103 0.0016077318)
(0.11245644 -0.039320875 -0.002032051)
(0.11777568 -0.041583043 -0.0097885562)
(0.12350757 -0.038508551 -0.018306544)
(0.12823703 -0.032673523 -0.025163061)
(0.13122272 -0.027229779 -0.029284727)
(0.13278705 -0.023796522 -0.03114296)
(0.13371701 -0.0214652 -0.032858412)
(0.13537316 -0.020409024 -0.034652303)
(0.13772437 -0.020308191 -0.036872811)
(0.14041197 -0.020816825 -0.03961229)
(0.14241828 -0.021843989 -0.042212724)
(0.1444609 -0.023242002 -0.044522784)
(0.14763863 -0.025274851 -0.046785377)
(0.15512219 -0.027991533 -0.050625028)
(0.18371171 -0.031646539 -0.056454021)
(0.09812055 -0.0015776423 -0.0010808706)
(0.096837744 -0.0023322816 -0.0016581333)
(0.09453564 -0.0025826916 -0.0019139742)
(0.09163391 -0.0026584772 -0.0020470711)
(0.088697355 -0.0026609003 -0.002118922)
(0.085913807 -0.0026202387 -0.0021357814)
(0.083281056 -0.0025751219 -0.0021017997)
(0.080768805 -0.0025755212 -0.0020292637)
(0.078345007 -0.0026884929 -0.0019455131)
(0.075939765 -0.003031745 -0.0019024055)
(0.073451432 -0.0038255162 -0.0019895883)
(0.070734865 -0.0054579116 -0.0023369838)
(0.067484396 -0.0084561048 -0.0030359245)
(0.063390096 -0.01304612 -0.00423028)
(0.058831203 -0.017746146 -0.007499641)
(0.055184664 -0.017866878 -0.017640406)
(0.056744072 -0.010103166 -0.040059399)
(0.060390045 0.0020399574 -0.062676617)
(0.064797044 0.014538793 -0.080435148)
(0.070164196 0.024742854 -0.092847168)
(0.077345862 0.031757653 -0.1007814)
(0.085981969 0.034776686 -0.10443026)
(0.094067272 0.034821097 -0.10563798)
(0.10081851 0.032783332 -0.10523098)
(0.105981 0.029387059 -0.10335947)
(0.10994281 0.024702217 -0.099556754)
(0.11295919 0.019392266 -0.094147849)
(0.11553152 0.01384553 -0.087937587)
(0.12076441 0.0088063925 -0.081914897)
(0.14793153 0.0056741715 -0.074671884)
(0.10406602 -0.0023430065 -0.00089112651)
(0.11676748 -0.0024650473 -0.0013298158)
(0.12766979 -0.0022890844 -0.0014157587)
(0.13615825 -0.0017883012 -0.0012933747)
(0.14354884 -0.001021569 -0.0009771946)
(0.15044046 -0.00014977972 -0.00042783993)
(0.15703696 0.00073617442 0.00039056598)
(0.16361563 0.0015693996 0.0015842452)
(0.17034717 0.002417186 0.0033985382)
(0.17751561 0.0034432084 0.0061283356)
(0.18531864 0.0049314015 0.010146558)
(0.19353084 0.0072536024 0.015858231)
(0.20089514 0.010826095 0.02355268)
(0.20600724 0.015246476 0.033170581)
(0.20873078 0.020332627 0.044082208)
(0.20950276 0.02534803 0.055175353)
(0.20856953 0.029676936 0.065254055)
(0.20612918 0.033010421 0.073505249)
(0.20257248 0.035232589 0.079650094)
(0.19857109 0.036325407 0.08379738)
(0.19492802 0.036400018 0.086231268)
(0.19228728 0.035708992 0.087257244)
(0.190931 0.034537131 0.087131265)
(0.19077577 0.033130702 0.086049467)
(0.19147182 0.031690122 0.084143795)
(0.19243402 0.03044063 0.081424872)
(0.19265285 0.029776794 0.077688604)
(0.1902352 0.030531759 0.072431033)
(0.18203167 0.034662543 0.064759509)
(0.13879842 0.048175703 0.052738372)
(0.098719817 -0.0036934557 -0.00086685222)
(0.098470375 -0.0045370717 -0.0013030592)
(0.09875331 -0.0046305362 -0.0014872771)
(0.099439223 -0.0042166296 -0.0015769728)
(0.10062493 -0.0034797284 -0.0016005605)
(0.10233801 -0.0026514128 -0.0015450924)
(0.10455557 -0.0018783239 -0.0013890308)
(0.10734763 -0.0012748662 -0.0010851692)
(0.11120472 -0.00055363265 -0.00052541553)
(0.1165701 0.00062686604 0.00045387061)
(0.12427278 0.0029851677 0.0021288989)
(0.13483837 0.0075574065 0.0048777917)
(0.14808585 0.015267556 0.0091897664)
(0.1624848 0.025405637 0.015295055)
(0.17607211 0.03725597 0.022858503)
(0.18721715 0.049369354 0.030923871)
(0.19485438 0.060635173 0.038486189)
(0.19862209 0.070299738 0.044979036)
(0.19897633 0.077724125 0.0502522)
(0.19705872 0.082471952 0.054329815)
(0.1942705 0.084587164 0.057259869)
(0.19170137 0.08463834 0.059050543)
(0.18986716 0.083327737 0.059738113)
(0.18883615 0.081245799 0.059404518)
(0.18842704 0.078790065 0.058115838)
(0.18828337 0.076329607 0.055778806)
(0.18772011 0.074571252 0.051975088)
(0.18543668 0.075052241 0.045732761)
(0.18030781 0.081004478 0.034961022)
(0.15120582 0.097525049 0.015343112)
(0.098839975 -0.0028337566 -0.00089358794)
(0.09804199 -0.00412024 -0.001350712)
(0.096451837 -0.0045277662 -0.0015551933)
(0.094413087 -0.0046188083 -0.001681546)
(0.092387746 -0.0045809499 -0.001782025)
(0.090558835 -0.0044940341 -0.0018677727)
(0.088923235 -0.00444914 -0.0019535575)
(0.087408107 -0.0045436688 -0.0020716729)
(0.086031357 -0.0046067883 -0.0022862993)
(0.085046189 -0.0045489902 -0.0026429086)
(0.084925812 -0.0041543716 -0.0030858759)
(0.087287915 -0.0022262245 -0.0032886398)
(0.095287148 0.0040652427 -0.0026260877)
(0.10932003 0.016486745 -0.00073894574)
(0.12659896 0.03324084 0.0022669065)
(0.14385337 0.051357125 0.0054375634)
(0.15842921 0.068029117 0.0080302743)
(0.16888712 0.081810909 0.0098896669)
(0.17522153 0.092299238 0.01131548)
(0.17847637 0.099382775 0.012694783)
(0.18008881 0.1031886 0.014170751)
(0.1810907 0.10411565 0.015552069)
(0.181836 0.1027918 0.016428619)
(0.18227012 0.099860686 0.016596781)
(0.18217612 0.095853473 0.016104774)
(0.18135334 0.091252633 0.014817998)
(0.17956903 0.086821862 0.012321427)
(0.17640416 0.084191386 0.0078805423)
(0.17232365 0.086976428 0.00034932348)
(0.15268595 0.10139194 -0.012970027)
(0.09688425 -0.0015515949 -0.00085979561)
(0.094709148 -0.0022771198 -0.0012785631)
(0.091025858 -0.0024954597 -0.0014442)
(0.086494434 -0.0025269941 -0.0015294735)
(0.081927914 -0.0024695161 -0.0015899369)
(0.077568928 -0.0023507605 -0.0016402893)
(0.07338314 -0.002207723 -0.0017013347)
(0.069278272 -0.0020832101 -0.0018130478)
(0.065131609 -0.0020042135 -0.0020446416)
(0.060741528 -0.0021065803 -0.0025087587)
(0.055736621 -0.0028118139 -0.0033884455)
(0.049696532 -0.0043136819 -0.0050520035)
(0.041986894 -0.0050673908 -0.0081061784)
(0.036408203 0.00044078782 -0.012627468)
(0.041224046 0.0152501 -0.017868969)
(0.055026166 0.03268676 -0.023483899)
(0.071055999 0.047528323 -0.029151755)
(0.085915137 0.059267767 -0.034553557)
(0.098762708 0.068220248 -0.039248801)
(0.10990447 0.074532186 -0.042606062)
(0.11985909 0.078249343 -0.044634386)
(0.12881181 0.079434976 -0.045651581)
(0.13656781 0.078439899 -0.045916555)
(0.14272764 0.075747292 -0.045717192)
(0.14697413 0.071846754 -0.045300261)
(0.14928037 0.06724444 -0.044937404)
(0.14994235 0.062638146 -0.044972578)
(0.14978272 0.059316988 -0.045596834)
(0.15254951 0.060125314 -0.046553081)
(0.16888813 0.070892274 -0.046936141)
)
;

boundaryField
{
    maxY
    {
        type            fixedValue;
        value           uniform (0 0 0);
    }
    minX
    {
        type            fixedValue;
        value           uniform (0.1 0 0);
    }
    maxX
    {
        type            inletOutlet;
        inletValue      uniform (0 0 0);
        value           nonuniform List<vector> 
40
(
(0.14109813 0.04896997 -0.05417556)
(0.15258262 0.098901699 -0.014536407)
(0.15174791 0.10254522 0.014091104)
(0.16628156 0.071514817 0.048242078)
(0.19110673 0.01435211 -0.040012899)
(0.25338279 -0.0087601395 0.0098050872)
(0.1797824 -0.031462979 0.060546736)
(0.14041333 0.0048441281 0.078356268)
(0.19283002 -0.018035232 -0.025137776)
(0.19543032 -0.034446679 -0.047819829)
(0.11236363 -0.057653784 -0.037813371)
(0.06096643 -0.012740345 -0.034422334)
(0.1386367 0.034500597 0.019381981)
(0.16777402 0.052649887 -0.048588972)
(0.084802005 0.050056646 -0.072295661)
(0.076584231 0.064912962 -0.084596707)
(0.10806212 0.073337586 0.019917201)
(0.13282173 0.12384057 -0.015083674)
(0.092353574 0.13400332 -0.037651062)
(0.095426626 0.12511479 -0.054527618)
(0.097703057 0.078760125 -0.012021938)
(0.11983965 0.13385912 0.013853872)
(0.084174304 0.1484139 0.028333369)
(0.094289678 0.13685475 0.038549007)
(0.13290316 0.036390587 -0.020921109)
(0.15664722 0.063816472 0.050672905)
(0.081396937 0.06702632 0.077662731)
(0.084438162 0.077164489 0.085445496)
(0.18434576 -0.013356305 0.023823345)
(0.19442262 -0.023387266 0.056926046)
(0.11855294 -0.047228807 0.054793336)
(0.071802905 -0.0070195434 0.043421379)
(0.18879764 0.013549551 0.036459877)
(0.25077764 -0.0086586896 -0.0092841959)
(0.18371171 -0.031646539 -0.056454021)
(0.14793153 0.0056741715 -0.074671884)
(0.13879842 0.048175703 0.052738372)
(0.15120582 0.097525049 0.015343112)
(0.15268595 0.10139194 -0.012970027)
(0.16888813 0.070892274 -0.046936141)
)
;
    }
    minZ
    {
        type            fixedValue;
        value           uniform (0 0 0);
    }
    maxZ
    {
        type            fixedValue;
        value           uniform (0 0 0);
    }
    topAir_to_rightSolid
    {
        type            fixedValue;
        value           uniform (0 0 0);
    }
    topAir_to_heater
    {
        type            fixedValue;
        value           uniform (0 0 0);
    }
    topAir_to_leftSolid
    {
        type            fixedValue;
        value           uniform (0 0 0);
    }
}


// ************************************************************************* //
