/*--------------------------------*- C++ -*----------------------------------*\
| =========                 |                                                 |
| \\      /  F ield         | OpenFOAM: The Open Source CFD Toolbox           |
|  \\    /   O peration     | Version:  v2012                                 |
|   \\  /    A nd           | Website:  www.openfoam.com                      |
|    \\/     M anipulation  |                                                 |
\*---------------------------------------------------------------------------*/
FoamFile
{
    version     2.0;
    format      ascii;
    class       volScalarField;
    location    "320/topAir";
    object      p;
}
// * * * * * * * * * * * * * * * * * * * * * * * * * * * * * * * * * * * * * //

dimensions      [1 -1 -2 0 0 0 0];


internalField   nonuniform List<scalar> 
1200
(
99999.957
99999.954
99999.952
99999.95
99999.948
99999.946
99999.944
99999.942
99999.94
99999.938
99999.936
99999.934
99999.931
99999.929
99999.927
99999.924
99999.922
99999.921
99999.919
99999.918
99999.917
99999.916
99999.915
99999.914
99999.913
99999.911
99999.91
99999.909
99999.908
99999.909
99999.87
99999.869
99999.869
99999.869
99999.869
99999.868
99999.868
99999.867
99999.867
99999.866
99999.865
99999.864
99999.862
99999.861
99999.858
99999.856
99999.854
99999.852
99999.85
99999.849
99999.848
99999.847
99999.847
99999.846
99999.845
99999.844
99999.843
99999.842
99999.842
99999.842
99999.779
99999.779
99999.779
99999.779
99999.779
99999.779
99999.779
99999.778
99999.778
99999.778
99999.778
99999.778
99999.777
99999.777
99999.776
99999.775
99999.774
99999.773
99999.773
99999.773
99999.773
99999.773
99999.773
99999.773
99999.772
99999.772
99999.772
99999.772
99999.772
99999.773
99999.689
99999.688
99999.688
99999.688
99999.688
99999.688
99999.688
99999.688
99999.688
99999.688
99999.688
99999.688
99999.688
99999.688
99999.689
99999.691
99999.694
99999.697
99999.699
99999.702
99999.704
99999.705
99999.707
99999.707
99999.708
99999.708
99999.708
99999.708
99999.708
99999.707
99999.956
99999.954
99999.952
99999.95
99999.948
99999.946
99999.944
99999.943
99999.941
99999.939
99999.938
99999.936
99999.935
99999.934
99999.932
99999.931
99999.929
99999.928
99999.926
99999.924
99999.923
99999.921
99999.92
99999.918
99999.917
99999.915
99999.912
99999.91
99999.908
99999.906
99999.869
99999.869
99999.869
99999.869
99999.869
99999.868
99999.868
99999.867
99999.867
99999.866
99999.866
99999.865
99999.864
99999.863
99999.861
99999.859
99999.857
99999.854
99999.852
99999.85
99999.849
99999.848
99999.846
99999.845
99999.844
99999.842
99999.84
99999.838
99999.834
99999.827
99999.779
99999.779
99999.779
99999.779
99999.779
99999.779
99999.778
99999.778
99999.778
99999.778
99999.778
99999.778
99999.777
99999.776
99999.775
99999.773
99999.77
99999.768
99999.766
99999.765
99999.764
99999.764
99999.764
99999.764
99999.764
99999.764
99999.764
99999.764
99999.763
99999.761
99999.688
99999.688
99999.688
99999.688
99999.688
99999.688
99999.688
99999.688
99999.688
99999.687
99999.687
99999.687
99999.687
99999.687
99999.687
99999.687
99999.687
99999.687
99999.688
99999.689
99999.691
99999.692
99999.694
99999.695
99999.696
99999.697
99999.699
99999.699
99999.7
99999.7
99999.956
99999.954
99999.952
99999.95
99999.948
99999.946
99999.945
99999.943
99999.941
99999.94
99999.938
99999.937
99999.935
99999.934
99999.933
99999.932
99999.931
99999.93
99999.928
99999.927
99999.926
99999.924
99999.923
99999.921
99999.919
99999.917
99999.914
99999.911
99999.908
99999.905
99999.869
99999.869
99999.869
99999.869
99999.869
99999.868
99999.868
99999.868
99999.867
99999.867
99999.866
99999.865
99999.865
99999.864
99999.863
99999.861
99999.859
99999.857
99999.855
99999.853
99999.852
99999.851
99999.849
99999.848
99999.846
99999.844
99999.843
99999.84
99999.837
99999.83
99999.779
99999.779
99999.779
99999.779
99999.779
99999.779
99999.779
99999.778
99999.778
99999.778
99999.778
99999.778
99999.778
99999.777
99999.777
99999.775
99999.773
99999.772
99999.77
99999.769
99999.769
99999.769
99999.769
99999.768
99999.768
99999.768
99999.768
99999.768
99999.767
99999.764
99999.688
99999.688
99999.688
99999.688
99999.688
99999.688
99999.688
99999.688
99999.688
99999.688
99999.688
99999.688
99999.688
99999.688
99999.688
99999.688
99999.687
99999.687
99999.687
99999.688
99999.69
99999.691
99999.693
99999.695
99999.696
99999.698
99999.7
99999.702
99999.704
99999.703
99999.956
99999.954
99999.952
99999.95
99999.948
99999.946
99999.945
99999.943
99999.941
99999.94
99999.938
99999.937
99999.935
99999.934
99999.933
99999.931
99999.929
99999.927
99999.926
99999.924
99999.923
99999.921
99999.919
99999.917
99999.915
99999.913
99999.911
99999.909
99999.908
99999.908
99999.869
99999.869
99999.869
99999.869
99999.869
99999.868
99999.868
99999.868
99999.867
99999.867
99999.866
99999.866
99999.865
99999.864
99999.863
99999.861
99999.858
99999.857
99999.856
99999.855
99999.853
99999.852
99999.851
99999.849
99999.848
99999.846
99999.844
99999.841
99999.839
99999.836
99999.779
99999.779
99999.779
99999.779
99999.779
99999.779
99999.779
99999.779
99999.778
99999.778
99999.778
99999.778
99999.778
99999.778
99999.777
99999.774
99999.772
99999.771
99999.771
99999.771
99999.771
99999.771
99999.771
99999.771
99999.771
99999.771
99999.771
99999.769
99999.768
99999.768
99999.688
99999.688
99999.688
99999.688
99999.688
99999.688
99999.688
99999.688
99999.688
99999.688
99999.688
99999.688
99999.688
99999.688
99999.689
99999.689
99999.688
99999.688
99999.688
99999.69
99999.691
99999.693
99999.695
99999.697
99999.699
99999.701
99999.703
99999.705
99999.706
99999.709
99999.956
99999.954
99999.952
99999.95
99999.948
99999.946
99999.945
99999.943
99999.941
99999.94
99999.938
99999.937
99999.935
99999.934
99999.932
99999.931
99999.929
99999.927
99999.925
99999.924
99999.922
99999.921
99999.919
99999.916
99999.914
99999.911
99999.909
99999.908
99999.91
99999.913
99999.869
99999.869
99999.869
99999.869
99999.869
99999.868
99999.868
99999.868
99999.867
99999.867
99999.866
99999.866
99999.865
99999.864
99999.862
99999.86
99999.858
99999.857
99999.856
99999.855
99999.854
99999.853
99999.852
99999.85
99999.848
99999.846
99999.844
99999.844
99999.845
99999.847
99999.779
99999.779
99999.779
99999.779
99999.779
99999.779
99999.779
99999.779
99999.779
99999.778
99999.778
99999.778
99999.778
99999.778
99999.776
99999.773
99999.772
99999.771
99999.772
99999.773
99999.773
99999.773
99999.773
99999.773
99999.772
99999.771
99999.77
99999.77
99999.773
99999.777
99999.688
99999.688
99999.688
99999.688
99999.688
99999.688
99999.688
99999.688
99999.688
99999.688
99999.688
99999.688
99999.688
99999.689
99999.69
99999.69
99999.689
99999.689
99999.69
99999.691
99999.693
99999.695
99999.697
99999.698
99999.7
99999.701
99999.702
99999.704
99999.708
99999.716
99999.956
99999.954
99999.952
99999.95
99999.948
99999.946
99999.945
99999.943
99999.941
99999.94
99999.938
99999.937
99999.935
99999.934
99999.932
99999.93
99999.928
99999.927
99999.925
99999.923
99999.921
99999.919
99999.917
99999.914
99999.911
99999.909
99999.908
99999.908
99999.91
99999.914
99999.869
99999.869
99999.869
99999.869
99999.869
99999.868
99999.868
99999.868
99999.867
99999.867
99999.866
99999.866
99999.865
99999.864
99999.862
99999.86
99999.858
99999.857
99999.856
99999.855
99999.854
99999.852
99999.851
99999.849
99999.847
99999.845
99999.844
99999.845
99999.848
99999.852
99999.779
99999.779
99999.779
99999.779
99999.779
99999.779
99999.779
99999.779
99999.779
99999.778
99999.778
99999.778
99999.778
99999.777
99999.774
99999.772
99999.772
99999.772
99999.772
99999.773
99999.773
99999.773
99999.773
99999.772
99999.772
99999.772
99999.772
99999.774
99999.778
99999.784
99999.688
99999.688
99999.688
99999.688
99999.688
99999.688
99999.688
99999.688
99999.688
99999.688
99999.688
99999.688
99999.689
99999.689
99999.69
99999.69
99999.689
99999.689
99999.69
99999.692
99999.693
99999.695
99999.697
99999.699
99999.7
99999.702
99999.703
99999.707
99999.715
99999.724
99999.956
99999.954
99999.952
99999.95
99999.948
99999.946
99999.945
99999.943
99999.941
99999.94
99999.938
99999.937
99999.935
99999.934
99999.932
99999.931
99999.929
99999.927
99999.925
99999.924
99999.922
99999.921
99999.919
99999.917
99999.915
99999.913
99999.911
99999.909
99999.908
99999.91
99999.869
99999.869
99999.869
99999.869
99999.869
99999.868
99999.868
99999.868
99999.867
99999.867
99999.866
99999.866
99999.865
99999.864
99999.862
99999.86
99999.858
99999.857
99999.855
99999.854
99999.853
99999.852
99999.851
99999.849
99999.848
99999.846
99999.844
99999.842
99999.841
99999.84
99999.779
99999.779
99999.779
99999.779
99999.779
99999.779
99999.779
99999.779
99999.778
99999.778
99999.778
99999.778
99999.778
99999.777
99999.776
99999.773
99999.772
99999.771
99999.771
99999.772
99999.772
99999.771
99999.771
99999.771
99999.772
99999.772
99999.771
99999.77
99999.771
99999.772
99999.688
99999.688
99999.688
99999.688
99999.688
99999.688
99999.688
99999.688
99999.688
99999.688
99999.688
99999.688
99999.688
99999.688
99999.689
99999.689
99999.688
99999.688
99999.689
99999.69
99999.692
99999.694
99999.696
99999.698
99999.7
99999.702
99999.704
99999.706
99999.71
99999.714
99999.956
99999.954
99999.952
99999.95
99999.948
99999.946
99999.945
99999.943
99999.941
99999.94
99999.938
99999.937
99999.935
99999.934
99999.933
99999.932
99999.931
99999.929
99999.928
99999.926
99999.925
99999.924
99999.922
99999.921
99999.919
99999.916
99999.914
99999.911
99999.908
99999.906
99999.869
99999.869
99999.869
99999.869
99999.869
99999.868
99999.868
99999.868
99999.867
99999.867
99999.866
99999.865
99999.865
99999.864
99999.862
99999.86
99999.858
99999.856
99999.855
99999.853
99999.852
99999.851
99999.849
99999.848
99999.846
99999.845
99999.843
99999.841
99999.838
99999.832
99999.779
99999.779
99999.779
99999.779
99999.779
99999.779
99999.779
99999.778
99999.778
99999.778
99999.778
99999.778
99999.778
99999.777
99999.776
99999.774
99999.773
99999.771
99999.77
99999.77
99999.769
99999.769
99999.769
99999.769
99999.769
99999.77
99999.77
99999.77
99999.77
99999.767
99999.688
99999.688
99999.688
99999.688
99999.688
99999.688
99999.688
99999.688
99999.688
99999.688
99999.688
99999.688
99999.688
99999.688
99999.688
99999.688
99999.687
99999.687
99999.688
99999.689
99999.691
99999.692
99999.694
99999.696
99999.698
99999.7
99999.702
99999.705
99999.706
99999.707
99999.956
99999.954
99999.952
99999.95
99999.948
99999.946
99999.944
99999.943
99999.941
99999.94
99999.938
99999.936
99999.935
99999.934
99999.932
99999.931
99999.929
99999.928
99999.926
99999.924
99999.923
99999.922
99999.92
99999.919
99999.917
99999.915
99999.913
99999.911
99999.908
99999.907
99999.869
99999.869
99999.869
99999.869
99999.869
99999.868
99999.868
99999.867
99999.867
99999.866
99999.866
99999.865
99999.864
99999.863
99999.861
99999.859
99999.856
99999.854
99999.852
99999.85
99999.849
99999.848
99999.847
99999.845
99999.844
99999.843
99999.841
99999.839
99999.835
99999.829
99999.779
99999.779
99999.779
99999.779
99999.779
99999.779
99999.778
99999.778
99999.778
99999.778
99999.778
99999.778
99999.777
99999.776
99999.775
99999.773
99999.77
99999.768
99999.766
99999.765
99999.765
99999.765
99999.765
99999.765
99999.765
99999.765
99999.765
99999.765
99999.765
99999.762
99999.688
99999.688
99999.688
99999.688
99999.688
99999.688
99999.688
99999.688
99999.688
99999.687
99999.687
99999.687
99999.687
99999.687
99999.687
99999.687
99999.687
99999.687
99999.688
99999.69
99999.691
99999.693
99999.695
99999.696
99999.697
99999.699
99999.7
99999.701
99999.702
99999.701
99999.957
99999.954
99999.952
99999.95
99999.948
99999.946
99999.944
99999.942
99999.94
99999.938
99999.936
99999.934
99999.931
99999.929
99999.927
99999.924
99999.922
99999.921
99999.919
99999.918
99999.917
99999.916
99999.915
99999.914
99999.913
99999.912
99999.91
99999.909
99999.908
99999.909
99999.87
99999.869
99999.869
99999.869
99999.869
99999.868
99999.868
99999.867
99999.867
99999.866
99999.865
99999.864
99999.862
99999.861
99999.858
99999.856
99999.854
99999.852
99999.85
99999.849
99999.848
99999.848
99999.847
99999.846
99999.845
99999.844
99999.843
99999.842
99999.842
99999.843
99999.779
99999.779
99999.779
99999.779
99999.779
99999.779
99999.779
99999.778
99999.778
99999.778
99999.778
99999.778
99999.777
99999.777
99999.776
99999.775
99999.774
99999.773
99999.773
99999.773
99999.773
99999.773
99999.773
99999.773
99999.773
99999.773
99999.773
99999.773
99999.774
99999.774
99999.689
99999.688
99999.688
99999.688
99999.688
99999.688
99999.688
99999.688
99999.688
99999.688
99999.688
99999.688
99999.688
99999.688
99999.689
99999.691
99999.693
99999.696
99999.699
99999.702
99999.704
99999.706
99999.707
99999.708
99999.708
99999.709
99999.709
99999.709
99999.709
99999.708
)
;

boundaryField
{
    maxY
    {
        type            calculated;
        value           nonuniform List<scalar> 
300
(
99999.643
99999.643
99999.643
99999.643
99999.643
99999.643
99999.643
99999.643
99999.643
99999.643
99999.643
99999.643
99999.642
99999.642
99999.642
99999.642
99999.642
99999.642
99999.643
99999.643
99999.642
99999.642
99999.642
99999.642
99999.642
99999.642
99999.642
99999.642
99999.642
99999.642
99999.642
99999.642
99999.642
99999.642
99999.642
99999.642
99999.642
99999.642
99999.642
99999.642
99999.642
99999.642
99999.642
99999.642
99999.642
99999.642
99999.642
99999.642
99999.642
99999.642
99999.642
99999.642
99999.642
99999.642
99999.642
99999.642
99999.642
99999.642
99999.642
99999.642
99999.642
99999.642
99999.642
99999.642
99999.642
99999.642
99999.642
99999.642
99999.642
99999.642
99999.642
99999.642
99999.642
99999.642
99999.642
99999.642
99999.642
99999.642
99999.642
99999.642
99999.642
99999.642
99999.642
99999.642
99999.642
99999.642
99999.642
99999.642
99999.642
99999.642
99999.642
99999.642
99999.642
99999.642
99999.642
99999.642
99999.642
99999.642
99999.642
99999.642
99999.642
99999.642
99999.642
99999.642
99999.642
99999.643
99999.642
99999.642
99999.642
99999.642
99999.642
99999.642
99999.642
99999.642
99999.643
99999.643
99999.642
99999.642
99999.642
99999.642
99999.643
99999.642
99999.642
99999.643
99999.643
99999.643
99999.643
99999.642
99999.642
99999.643
99999.644
99999.642
99999.642
99999.643
99999.644
99999.644
99999.643
99999.642
99999.642
99999.643
99999.646
99999.642
99999.643
99999.644
99999.647
99999.65
99999.645
99999.643
99999.642
99999.645
99999.649
99999.643
99999.643
99999.646
99999.65
99999.651
99999.648
99999.644
99999.642
99999.649
99999.654
99999.644
99999.645
99999.648
99999.651
99999.651
99999.649
99999.645
99999.644
99999.653
99999.658
99999.646
99999.645
99999.648
99999.651
99999.651
99999.648
99999.645
99999.646
99999.657
99999.662
99999.648
99999.646
99999.648
99999.652
99999.652
99999.649
99999.647
99999.648
99999.661
99999.665
99999.651
99999.649
99999.65
99999.653
99999.654
99999.651
99999.65
99999.651
99999.665
99999.668
99999.653
99999.651
99999.653
99999.655
99999.656
99999.654
99999.652
99999.654
99999.668
99999.67
99999.656
99999.654
99999.656
99999.658
99999.659
99999.657
99999.655
99999.656
99999.67
99999.672
99999.658
99999.656
99999.658
99999.66
99999.661
99999.659
99999.657
99999.659
99999.672
99999.673
99999.66
99999.658
99999.66
99999.662
99999.663
99999.662
99999.66
99999.661
99999.673
99999.673
99999.661
99999.66
99999.663
99999.664
99999.665
99999.664
99999.662
99999.662
99999.674
99999.674
99999.663
99999.663
99999.666
99999.666
99999.666
99999.667
99999.665
99999.664
99999.675
99999.674
99999.664
99999.665
99999.669
99999.667
99999.668
99999.67
99999.668
99999.666
99999.675
99999.675
99999.665
99999.668
99999.671
99999.67
99999.673
99999.673
99999.67
99999.667
99999.676
99999.675
99999.666
99999.669
99999.673
99999.675
99999.683
99999.677
99999.672
99999.668
99999.676
99999.674
99999.667
99999.67
99999.677
99999.685
99999.693
99999.683
99999.674
99999.668
99999.675
)
;
    }
    minX
    {
        type            calculated;
        value           nonuniform List<scalar> 
40
(
99999.957
99999.87
99999.779
99999.689
99999.956
99999.869
99999.779
99999.688
99999.956
99999.869
99999.779
99999.688
99999.956
99999.869
99999.779
99999.688
99999.956
99999.869
99999.779
99999.688
99999.956
99999.869
99999.779
99999.688
99999.956
99999.869
99999.779
99999.688
99999.956
99999.869
99999.779
99999.688
99999.956
99999.869
99999.779
99999.688
99999.957
99999.87
99999.779
99999.689
)
;
    }
    maxX
    {
        type            calculated;
        value           nonuniform List<scalar> 
40
(
99999.914
99999.845
99999.775
99999.704
99999.908
99999.815
99999.756
99999.697
99999.904
99999.82
99999.758
99999.699
99999.916
99999.834
99999.768
99999.711
99999.923
99999.852
99999.779
99999.717
99999.924
99999.859
99999.79
99999.727
99999.918
99999.839
99999.773
99999.717
99999.905
99999.823
99999.762
99999.703
99999.908
99999.816
99999.756
99999.697
99999.914
99999.845
99999.776
99999.704
)
;
    }
    minZ
    {
        type            calculated;
        value           nonuniform List<scalar> 
120
(
99999.957
99999.87
99999.779
99999.689
99999.954
99999.869
99999.779
99999.688
99999.952
99999.869
99999.779
99999.688
99999.95
99999.869
99999.779
99999.688
99999.948
99999.869
99999.779
99999.688
99999.946
99999.868
99999.779
99999.688
99999.944
99999.868
99999.779
99999.688
99999.942
99999.867
99999.778
99999.688
99999.94
99999.867
99999.778
99999.688
99999.938
99999.866
99999.778
99999.688
99999.936
99999.865
99999.778
99999.688
99999.934
99999.864
99999.778
99999.688
99999.931
99999.862
99999.777
99999.688
99999.929
99999.861
99999.777
99999.688
99999.927
99999.858
99999.776
99999.689
99999.924
99999.856
99999.775
99999.691
99999.922
99999.854
99999.774
99999.694
99999.921
99999.852
99999.773
99999.697
99999.919
99999.85
99999.773
99999.699
99999.918
99999.849
99999.773
99999.702
99999.917
99999.848
99999.773
99999.704
99999.916
99999.847
99999.773
99999.705
99999.915
99999.847
99999.773
99999.707
99999.914
99999.846
99999.773
99999.707
99999.913
99999.845
99999.772
99999.708
99999.911
99999.844
99999.772
99999.708
99999.91
99999.843
99999.772
99999.708
99999.909
99999.842
99999.772
99999.708
99999.908
99999.842
99999.772
99999.708
99999.909
99999.842
99999.773
99999.707
)
;
    }
    maxZ
    {
        type            calculated;
        value           nonuniform List<scalar> 
120
(
99999.957
99999.87
99999.779
99999.689
99999.954
99999.869
99999.779
99999.688
99999.952
99999.869
99999.779
99999.688
99999.95
99999.869
99999.779
99999.688
99999.948
99999.869
99999.779
99999.688
99999.946
99999.868
99999.779
99999.688
99999.944
99999.868
99999.779
99999.688
99999.942
99999.867
99999.778
99999.688
99999.94
99999.867
99999.778
99999.688
99999.938
99999.866
99999.778
99999.688
99999.936
99999.865
99999.778
99999.688
99999.934
99999.864
99999.778
99999.688
99999.931
99999.862
99999.777
99999.688
99999.929
99999.861
99999.777
99999.688
99999.927
99999.858
99999.776
99999.689
99999.924
99999.856
99999.775
99999.691
99999.922
99999.854
99999.774
99999.693
99999.921
99999.852
99999.773
99999.696
99999.919
99999.85
99999.773
99999.699
99999.918
99999.849
99999.773
99999.702
99999.917
99999.848
99999.773
99999.704
99999.916
99999.848
99999.773
99999.706
99999.915
99999.847
99999.773
99999.707
99999.914
99999.846
99999.773
99999.708
99999.913
99999.845
99999.773
99999.708
99999.912
99999.844
99999.773
99999.709
99999.91
99999.843
99999.773
99999.709
99999.909
99999.842
99999.773
99999.709
99999.908
99999.842
99999.774
99999.709
99999.909
99999.843
99999.774
99999.708
)
;
    }
    topAir_to_rightSolid
    {
        type            calculated;
        value           nonuniform List<scalar> 
130
(
99999.949
99999.948
99999.947
99999.946
99999.946
99999.945
99999.944
99999.943
99999.941
99999.939
99999.938
99999.937
99999.938
99999.959
99999.958
99999.956
99999.955
99999.954
99999.952
99999.951
99999.949
99999.947
99999.944
99999.942
99999.939
99999.937
99999.961
99999.96
99999.959
99999.958
99999.957
99999.956
99999.955
99999.953
99999.95
99999.948
99999.944
99999.941
99999.937
99999.955
99999.954
99999.952
99999.951
99999.949
99999.948
99999.946
99999.944
99999.942
99999.94
99999.938
99999.936
99999.936
99999.955
99999.953
99999.951
99999.95
99999.948
99999.945
99999.943
99999.94
99999.938
99999.936
99999.935
99999.936
99999.939
99999.954
99999.952
99999.95
99999.948
99999.946
99999.943
99999.94
99999.938
99999.935
99999.934
99999.934
99999.936
99999.939
99999.955
99999.953
99999.952
99999.95
99999.949
99999.947
99999.945
99999.943
99999.941
99999.939
99999.937
99999.936
99999.937
99999.96
99999.959
99999.959
99999.958
99999.957
99999.956
99999.954
99999.952
99999.95
99999.947
99999.944
99999.941
99999.937
99999.959
99999.958
99999.957
99999.955
99999.954
99999.953
99999.951
99999.949
99999.947
99999.945
99999.942
99999.94
99999.937
99999.949
99999.948
99999.947
99999.947
99999.946
99999.945
99999.944
99999.943
99999.941
99999.94
99999.938
99999.937
99999.938
)
;
    }
    topAir_to_heater
    {
        type            calculated;
        value           nonuniform List<scalar> 
40
(
99999.956
99999.954
99999.952
99999.95
99999.963
99999.962
99999.961
99999.96
99999.963
99999.962
99999.962
99999.961
99999.962
99999.961
99999.959
99999.957
99999.962
99999.961
99999.959
99999.957
99999.962
99999.96
99999.958
99999.956
99999.962
99999.96
99999.959
99999.957
99999.963
99999.962
99999.962
99999.961
99999.963
99999.962
99999.961
99999.96
99999.956
99999.954
99999.952
99999.95
)
;
    }
    topAir_to_leftSolid
    {
        type            calculated;
        value           nonuniform List<scalar> 
130
(
99999.999
99999.994
99999.99
99999.986
99999.982
99999.979
99999.976
99999.973
99999.97
99999.968
99999.965
99999.962
99999.959
99999.999
99999.994
99999.99
99999.986
99999.983
99999.98
99999.977
99999.974
99999.972
99999.969
99999.967
99999.965
99999.964
99999.998
99999.994
99999.99
99999.986
99999.983
99999.98
99999.977
99999.974
99999.972
99999.969
99999.967
99999.965
99999.964
99999.998
99999.994
99999.99
99999.986
99999.983
99999.98
99999.977
99999.974
99999.972
99999.969
99999.967
99999.965
99999.963
99999.998
99999.994
99999.99
99999.986
99999.983
99999.98
99999.977
99999.974
99999.972
99999.969
99999.967
99999.965
99999.963
99999.998
99999.994
99999.99
99999.986
99999.983
99999.98
99999.977
99999.974
99999.972
99999.969
99999.967
99999.965
99999.963
99999.998
99999.994
99999.99
99999.986
99999.983
99999.98
99999.977
99999.974
99999.972
99999.969
99999.967
99999.965
99999.963
99999.998
99999.994
99999.99
99999.986
99999.983
99999.98
99999.977
99999.974
99999.972
99999.97
99999.967
99999.966
99999.964
99999.999
99999.994
99999.99
99999.986
99999.983
99999.98
99999.977
99999.974
99999.972
99999.97
99999.967
99999.966
99999.964
99999.999
99999.994
99999.99
99999.986
99999.982
99999.979
99999.976
99999.973
99999.97
99999.968
99999.965
99999.962
99999.959
)
;
    }
}


// ************************************************************************* //
